Task=49 Orders=29 Vehicles=409 Scores=1713
49	1	17	53.52
49	1	37	41.86
49	1	38	62.14
49	1	40	44.20
49	1	63	29.13
49	1	64	63.32
49	1	68	65.59
49	1	77	53.89
49	1	82	36.31
49	1	88	18.10
49	1	92	46.76
49	1	109	63.27
49	1	125	21.59
49	1	126	60.79
49	1	129	25.86
49	1	133	36.18
49	1	141	20.92
49	1	145	16.55
49	1	152	17.48
49	1	154	72.75
49	1	158	37.45
49	1	164	25.11
49	1	189	59.89
49	1	193	16.20
49	1	206	35.51
49	1	212	42.69
49	1	219	20.45
49	1	228	68.87
49	1	237	18.69
49	1	241	39.25
49	1	242	18.17
49	1	252	19.72
49	1	258	34.83
49	1	267	46.42
49	1	269	15.41
49	1	270	36.15
49	1	279	46.25
49	1	282	65.15
49	1	283	43.58
49	1	285	62.03
49	1	290	32.14
49	1	297	62.28
49	1	301	31.17
49	1	302	26.63
49	1	304	68.93
49	1	310	20.97
49	1	326	43.31
49	1	341	17.18
49	1	353	45.42
49	1	355	23.99
49	1	356	17.70
49	1	361	13.23
49	1	363	60.39
49	1	365	46.00
49	1	375	51.89
49	1	389	15.34
49	1	390	44.97
49	1,13	63	41.63
49	1,13	64	78.23
49	1,13	68	74.86
49	1,13	77	67.42
49	1,13	125	33.69
49	1,13	129	39.48
49	1,13	152	30.90
49	1,13	158	49.94
49	1,13	164	38.44
49	1,13	193	27.41
49	1,13	206	49.46
49	1,13	219	32.51
49	1,13	241	50.21
49	1,13	242	31.20
49	1,13	258	47.77
49	1,13	269	27.17
49	1,13	270	48.21
49	1,13	290	47.14
49	1,13	301	49.11
49	1,13	341	28.87
49	1,13	353	58.94
49	1,13	356	29.46
49	1,13	361	23.89
49	2	20	54.04
49	2	22	23.21
49	2	34	43.93
49	2	39	37.94
49	2	48	32.93
49	2	78	11.15
49	2	80	43.14
49	2	96	35.48
49	2	105	11.72
49	2	112	19.97
49	2	115	29.62
49	2	122	22.03
49	2	134	12.75
49	2	155	24.52
49	2	169	26.61
49	2	173	35.28
49	2	188	12.76
49	2	194	13.66
49	2	201	49.25
49	2	203	22.59
49	2	218	10.23
49	2	220	13.55
49	2	222	10.66
49	2	224	44.77
49	2	226	13.11
49	2	240	13.03
49	2	247	11.97
49	2	251	32.90
49	2	252	13.96
49	2	255	21.87
49	2	267	47.56
49	2	280	20.85
49	2	287	21.17
49	2	289	68.08
49	2	302	19.76
49	2	318	14.86
49	2	320	12.13
49	2	324	30.21
49	2	328	11.55
49	2	334	10.90
49	2	338	38.31
49	2	341	14.06
49	2	342	12.92
49	2	344	15.99
49	2	348	45.28
49	2	356	14.11
49	2	376	30.00
49	2	377	10.79
49	2	378	19.30
49	2	379	14.37
49	2	382	12.03
49	2	392	13.17
49	2	393	11.83
49	2	404	9.86
49	2,22	20	71.34
49	2,22	22	40.38
49	2,22	48	42.73
49	2,22	78	21.51
49	2,22	96	46.23
49	2,22	105	23.90
49	2,22	112	32.31
49	2,22	115	45.25
49	2,22	122	34.56
49	2,22	155	41.18
49	2,22	169	46.46
49	2,22	188	23.87
49	2,22	203	34.25
49	2,22	218	29.45
49	2,22	220	25.58
49	2,22	222	25.07
49	2,22	226	27.85
49	2,22	247	23.15
49	2,22	252	24.28
49	2,22	255	40.07
49	2,22	287	32.21
49	2,22	302	29.80
49	2,22	324	51.80
49	2,22	328	23.00
49	2,22	334	29.25
49	2,22	341	24.79
49	2,22	342	24.52
49	2,22	344	29.79
49	2,22	356	24.42
49	2,22	377	27.24
49	2,22	382	30.20
49	2,22	392	25.63
49	2,22	393	22.89
49	2,22	404	28.03
49	2,24	34	64.35
49	2,24	96	54.24
49	2,24	115	47.44
49	2,24	155	43.39
49	2,24	218	30.35
49	2,24	240	32.10
49	2,24	318	33.83
49	2,24	377	28.45
49	3	45	54.96
49	3	49	44.23
49	3	50	31.52
49	3	72	28.89
49	3	75	23.63
49	3	85	20.49
49	3	111	22.49
49	3	121	28.96
49	3	131	27.61
49	3	192	23.93
49	3	221	36.18
49	3	225	20.85
49	3	234	40.75
49	3	239	33.61
49	3	246	46.62
49	3	250	47.31
49	3	256	64.75
49	3	293	41.20
49	3	312	52.99
49	3	336	32.79
49	3	364	28.04
49	3	407	40.39
49	3,5	50	45.61
49	3,5	75	41.96
49	3,5	111	37.28
49	3,5	121	47.69
49	3,5	221	54.93
49	3,5	246	62.68
49	3,5	250	64.77
49	3,5	256	82.46
49	3,5	293	59.49
49	3,5	336	52.65
49	3,5	364	45.77
49	3,5	407	60.73
49	3,8	50	47.79
49	3,8	111	40.56
49	3,8	121	54.14
49	3,8	221	62.38
49	3,8	246	69.55
49	3,8	293	59.87
49	3,8	336	59.15
49	3,8	364	53.23
49	3,8	407	67.21
49	3,23	50	42.49
49	3,23	72	40.70
49	3,23	75	35.06
49	3,23	85	32.39
49	3,23	111	34.21
49	3,23	121	40.17
49	3,23	131	38.72
49	3,23	221	47.61
49	3,23	225	32.80
49	3,23	239	45.49
49	3,23	246	62.68
49	3,23	250	59.17
49	3,23	256	79.63
49	3,23	293	52.30
49	3,23	312	64.75
49	3,23	336	41.90
49	3,23	364	39.42
49	3,23	407	52.34
49	4	5	58.07
49	4	11	39.56
49	4	23	39.97
49	4	25	29.48
49	4	31	63.83
49	4	65	26.17
49	4	69	39.93
49	4	76	54.93
49	4	87	40.10
49	4	89	17.20
49	4	90	42.17
49	4	95	53.20
49	4	150	23.51
49	4	153	51.92
49	4	161	47.04
49	4	180	63.41
49	4	217	53.59
49	4	300	55.96
49	4	340	37.07
49	4	386	66.21
49	4,21	11	53.04
49	4,21	23	54.39
49	4,21	25	41.73
49	4,21	65	50.27
49	4,21	87	51.63
49	4,21	89	33.27
49	4,21	90	58.28
49	4,21	180	75.48
49	4,21	217	64.54
49	4,21	300	70.11
49	5	2	17.18
49	5	9	35.23
49	5	36	41.27
49	5	44	16.11
49	5	45	48.30
49	5	46	42.39
49	5	50	22.85
49	5	57	14.77
49	5	58	15.49
49	5	60	21.65
49	5	75	21.77
49	5	81	14.48
49	5	94	42.23
49	5	104	26.75
49	5	106	46.83
49	5	111	12.77
49	5	121	27.48
49	5	123	15.76
49	5	137	45.39
49	5	156	17.56
49	5	157	27.85
49	5	165	42.27
49	5	170	41.35
49	5	176	40.25
49	5	179	50.41
49	5	204	40.70
49	5	208	42.04
49	5	221	29.86
49	5	236	21.07
49	5	246	35.34
49	5	250	44.30
49	5	256	57.89
49	5	268	14.39
49	5	293	37.90
49	5	296	27.32
49	5	303	47.92
49	5	311	62.28
49	5	315	40.13
49	5	323	39.25
49	5	325	19.07
49	5	331	47.23
49	5	333	21.76
49	5	336	33.59
49	5	352	21.15
49	5	354	14.93
49	5	358	52.68
49	5	364	27.28
49	5	368	17.25
49	5	371	13.93
49	5	372	22.63
49	5	401	16.79
49	5	403	49.15
49	5	406	26.13
49	5	407	34.99
49	6	14	36.69
49	6	16	63.17
49	6	127	48.58
49	6	130	48.56
49	6	175	43.61
49	6	196	63.11
49	6	227	36.61
49	6	233	39.68
49	6,27	127	63.18
49	6,27	175	62.28
49	6,27	233	53.92
49	7	4	53.48
49	7	5	63.23
49	7	11	35.30
49	7	59	37.66
49	7	76	58.20
49	7	87	44.34
49	7	89	22.31
49	7	90	42.52
49	7	103	56.56
49	7	150	23.32
49	7	210	33.06
49	7	217	55.80
49	7	300	49.44
49	7	386	67.70
49	7,19	210	50.75
49	7,20	4	67.69
49	7,20	59	52.32
49	7,20	210	46.77
49	8	9	41.65
49	8	36	46.27
49	8	45	51.62
49	8	50	27.89
49	8	54	34.62
49	8	98	54.11
49	8	104	30.61
49	8	111	19.21
49	8	121	33.93
49	8	137	50.23
49	8	170	36.01
49	8	176	47.15
49	8	179	54.25
49	8	204	47.00
49	8	208	48.07
49	8	221	37.21
49	8	246	36.23
49	8	293	44.23
49	8	303	53.79
49	8	311	67.99
49	8	336	40.45
49	8	354	19.17
49	8	364	33.65
49	8	407	42.82
49	9	20	61.11
49	9	22	32.61
49	9	40	46.92
49	9	48	38.38
49	9	63	31.51
49	9	78	16.28
49	9	83	41.44
49	9	96	41.27
49	9	105	19.52
49	9	112	28.23
49	9	115	37.93
49	9	122	30.51
49	9	125	31.99
49	9	152	26.30
49	9	155	33.61
49	9	164	31.75
49	9	169	38.46
49	9	173	34.68
49	9	188	19.48
49	9	201	55.13
49	9	203	29.61
49	9	218	21.23
49	9	220	21.28
49	9	222	21.03
49	9	223	20.93
49	9	224	53.55
49	9	226	21.30
49	9	237	20.59
49	9	241	37.34
49	9	242	23.49
49	9	247	18.87
49	9	251	44.21
49	9	252	20.07
49	9	255	33.76
49	9	259	37.75
49	9	260	22.92
49	9	264	20.56
49	9	267	53.31
49	9	283	52.89
49	9	284	54.59
49	9	285	49.68
49	9	287	27.24
49	9	291	29.24
49	9	302	25.23
49	9	308	21.46
49	9	324	35.03
49	9	328	18.73
49	9	334	24.32
49	9	339	22.61
49	9	341	20.42
49	9	342	20.14
49	9	344	25.93
49	9	348	53.45
49	9	356	19.94
49	9	375	56.85
49	9	377	20.15
49	9	382	21.23
49	9	392	20.83
49	9	393	18.46
49	9	396	19.59
49	9	402	66.96
49	9	404	20.92
49	9,17	22	39.07
49	9,17	40	51.45
49	9,17	48	43.52
49	9,17	63	38.21
49	9,17	78	21.48
49	9,17	83	45.93
49	9,17	96	46.15
49	9,17	112	33.31
49	9,17	115	42.37
49	9,17	125	39.07
49	9,17	152	31.75
49	9,17	164	38.77
49	9,17	188	24.77
49	9,17	203	34.48
49	9,17	220	26.56
49	9,17	222	25.94
49	9,17	223	26.08
49	9,17	237	25.85
49	9,17	241	42.20
49	9,17	242	28.97
49	9,17	247	23.70
49	9,17	252	25.07
49	9,17	255	40.77
49	9,17	259	43.01
49	9,17	260	29.21
49	9,17	264	27.30
49	9,17	284	59.31
49	9,17	287	32.31
49	9,17	291	36.68
49	9,17	302	30.39
49	9,17	328	23.68
49	9,17	341	25.42
49	9,17	342	25.23
49	9,17	344	31.62
49	9,17	356	24.27
49	9,17	393	23.51
49	9,17	396	24.63
49	10	8	50.23
49	10	15	26.41
49	10	22	20.10
49	10	34	31.03
49	10	39	34.01
49	10	51	39.56
49	10	64	52.86
49	10	68	48.44
49	10	77	42.66
49	10	84	26.31
49	10	101	13.32
49	10	105	9.37
49	10	122	20.58
49	10	124	11.37
49	10	129	31.38
49	10	134	11.10
49	10	138	28.69
49	10	169	29.31
49	10	177	64.13
49	10	184	23.31
49	10	201	52.77
49	10	218	11.51
49	10	220	12.38
49	10	222	11.37
49	10	224	45.79
49	10	228	63.41
49	10	240	9.68
49	10	247	11.00
49	10	251	38.73
49	10	255	26.86
49	10	266	13.35
49	10	270	29.42
49	10	297	58.28
49	10	320	9.24
49	10	341	14.14
49	10	342	11.86
49	10	344	14.06
49	10	351	33.27
49	10	362	16.13
49	10	363	61.13
49	10	376	33.30
49	10	377	14.31
49	10	393	12.82
49	10	398	22.65
49	10	404	13.44
49	10,16	22	36.13
49	10,16	34	56.68
49	10,16	51	54.45
49	10,16	64	69.75
49	10,16	68	69.66
49	10,16	77	63.86
49	10,16	84	41.24
49	10,16	101	28.07
49	10,16	105	23.52
49	10,16	122	36.18
49	10,16	124	26.59
49	10,16	129	46.99
49	10,16	134	27.56
49	10,16	138	42.82
49	10,16	169	45.79
49	10,16	184	37.73
49	10,16	218	27.59
49	10,16	220	28.92
49	10,16	222	27.66
49	10,16	240	21.38
49	10,16	247	25.90
49	10,16	255	42.20
49	10,16	266	30.00
49	10,16	270	46.24
49	10,16	320	25.41
49	10,16	341	29.37
49	10,16	342	27.39
49	10,16	344	33.45
49	10,16	351	48.63
49	10,16	362	30.11
49	10,16	376	48.66
49	10,16	377	28.30
49	10,16	393	28.13
49	10,16	398	37.99
49	10,16	404	28.75
49	11	20	59.83
49	11	42	22.83
49	11	79	22.49
49	11	80	48.44
49	11	86	22.52
49	11	91	34.76
49	11	97	67.51
49	11	108	52.65
49	11	116	35.10
49	11	162	57.42
49	11	163	24.28
49	11	185	48.89
49	11	207	49.93
49	11	232	68.32
49	11	244	22.58
49	11	273	22.18
49	11	280	33.75
49	11	286	21.65
49	11	288	42.25
49	11	292	65.14
49	11	370	71.28
49	11,26	42	31.49
49	11,26	79	41.08
49	11,26	86	30.99
49	11,26	108	69.39
49	11,26	163	42.76
49	11,26	185	66.13
49	11,26	244	31.69
49	11,26	273	30.85
49	12	6	55.17
49	12	12	28.23
49	12	13	45.00
49	12	24	54.61
49	12	27	38.14
49	12	47	22.11
49	12	52	53.68
49	12	62	70.10
49	12	67	44.15
49	12	70	33.58
49	12	73	31.03
49	12	99	26.17
49	12	114	53.51
49	12	135	55.93
49	12	144	45.18
49	12	147	39.87
49	12	166	22.25
49	12	172	50.69
49	12	181	46.76
49	12	187	33.48
49	12	191	59.97
49	12	192	23.23
49	12	202	39.87
49	12	211	49.30
49	12	215	46.17
49	12	216	43.35
49	12	239	37.07
49	12	271	41.27
49	12	272	43.75
49	12	275	35.97
49	12	281	31.85
49	12	307	51.18
49	12	319	25.99
49	12	321	42.55
49	12	347	43.17
49	12	366	47.18
49	12	369	32.04
49	12	384	41.39
49	12,28	6	77.97
49	12,28	13	68.08
49	12,28	47	51.56
49	12,28	52	71.32
49	12,28	67	64.45
49	12,28	114	86.32
49	12,28	144	71.75
49	12,28	172	78.34
49	12,28	181	67.97
49	12,28	187	66.18
49	12,28	202	62.04
49	12,28	211	70.87
49	12,28	216	71.30
49	12,28	239	61.58
49	12,28	271	75.85
49	12,28	272	70.42
49	12,28	307	76.17
49	12,28	321	60.49
49	12,28	369	58.10
49	12,28	384	61.58
49	13	7	17.14
49	13	30	16.42
49	13	34	47.55
49	13	39	40.92
49	13	63	30.37
49	13	64	59.85
49	13	68	47.46
49	13	77	51.93
49	13	84	27.35
49	13	92	46.52
49	13	105	16.32
49	13	124	14.79
49	13	125	26.55
49	13	129	30.54
49	13	138	39.10
49	13	152	19.69
49	13	158	38.61
49	13	164	27.56
49	13	168	44.75
49	13	177	68.54
49	13	178	51.01
49	13	184	28.25
49	13	193	14.75
49	13	206	37.03
49	13	219	22.46
49	13	220	19.07
49	13	228	67.42
49	13	240	16.39
49	13	241	38.10
49	13	242	20.20
49	13	247	17.07
49	13	258	36.54
49	13	269	17.76
49	13	270	36.76
49	13	282	65.44
49	13	283	47.28
49	13	290	29.25
49	13	294	44.18
49	13	297	59.21
49	13	298	21.38
49	13	301	40.38
49	13	313	26.77
49	13	320	18.83
49	13	329	19.00
49	13	341	17.42
49	13	342	17.97
49	13	344	22.34
49	13	353	47.70
49	13	356	18.75
49	13	361	15.30
49	13	362	19.62
49	13	363	63.24
49	13	375	46.82
49	13	376	38.93
49	13	390	44.49
49	13	393	18.24
49	14	3	14.94
49	14	17	52.14
49	14	32	27.04
49	14	35	20.07
49	14	37	33.21
49	14	38	65.27
49	14	40	38.68
49	14	41	35.04
49	14	53	27.73
49	14	63	24.01
49	14	66	30.86
49	14	82	33.25
49	14	83	42.49
49	14	88	14.17
49	14	109	63.30
49	14	117	24.07
49	14	118	14.70
49	14	125	24.51
49	14	133	30.70
49	14	136	15.06
49	14	139	15.48
49	14	141	13.41
49	14	145	9.90
49	14	146	12.18
49	14	148	38.58
49	14	151	10.73
49	14	152	17.51
49	14	154	69.93
49	14	159	46.32
49	14	164	22.44
49	14	171	46.68
49	14	173	36.25
49	14	174	12.32
49	14	183	34.92
49	14	188	19.15
49	14	189	57.27
49	14	190	24.94
49	14	195	14.42
49	14	203	28.41
49	14	212	37.80
49	14	223	18.59
49	14	229	14.87
49	14	230	55.97
49	14	235	14.80
49	14	237	13.34
49	14	241	37.08
49	14	242	14.93
49	14	243	12.89
49	14	245	30.63
49	14	249	23.70
49	14	252	15.61
49	14	254	27.35
49	14	259	37.83
49	14	260	16.06
49	14	261	43.83
49	14	264	14.93
49	14	267	48.28
49	14	274	32.93
49	14	277	14.24
49	14	279	40.99
49	14	282	58.15
49	14	283	43.59
49	14	284	47.65
49	14	285	52.44
49	14	291	22.48
49	14	301	42.52
49	14	302	22.11
49	14	304	62.13
49	14	305	12.66
49	14	309	14.38
49	14	310	18.20
49	14	326	36.75
49	14	332	15.31
49	14	337	13.83
49	14	341	15.80
49	14	349	34.93
49	14	353	41.04
49	14	356	14.37
49	14	357	14.31
49	14	359	14.62
49	14	365	37.94
49	14	367	10.85
49	14	375	53.62
49	14	387	25.39
49	14	389	13.54
49	14	394	13.46
49	14	396	15.58
49	14	397	50.39
49	14	399	23.66
49	14	400	15.80
49	14	402	58.45
49	14	405	33.51
49	14,17	17	60.06
49	14,17	37	45.08
49	14,17	40	45.27
49	14,17	41	43.03
49	14,17	53	35.44
49	14,17	63	29.32
49	14,17	83	49.69
49	14,17	88	22.75
49	14,17	125	36.92
49	14,17	133	38.15
49	14,17	141	21.61
49	14,17	145	16.75
49	14,17	151	17.69
49	14,17	152	25.58
49	14,17	164	29.80
49	14,17	188	27.11
49	14,17	203	35.41
49	14,17	212	44.93
49	14,17	223	25.90
49	14,17	237	20.85
49	14,17	241	43.63
49	14,17	242	23.03
49	14,17	252	22.14
49	14,17	259	45.25
49	14,17	260	24.85
49	14,17	264	23.77
49	14,17	279	48.46
49	14,17	284	54.69
49	14,17	291	30.21
49	14,17	301	49.38
49	14,17	302	29.42
49	14,17	326	41.58
49	14,17	337	21.96
49	14,17	341	23.06
49	14,17	353	48.59
49	14,17	356	21.10
49	14,17	359	22.46
49	14,17	367	18.14
49	14,17	387	33.31
49	14,17	389	20.83
49	14,17	396	22.87
49	14,18	17	69.10
49	14,18	37	55.75
49	14,18	40	54.48
49	14,18	145	24.18
49	14,18	151	25.65
49	14,18	203	45.04
49	14,18	212	54.39
49	14,18	241	51.37
49	14,18	259	54.97
49	14,18	284	65.13
49	14,25	3	23.58
49	14,25	17	63.99
49	14,25	35	28.18
49	14,25	37	51.38
49	14,25	40	46.00
49	14,25	41	43.56
49	14,25	53	40.82
49	14,25	63	33.06
49	14,25	66	39.94
49	14,25	83	54.13
49	14,25	88	24.17
49	14,25	118	24.06
49	14,25	125	32.17
49	14,25	133	43.13
49	14,25	139	24.51
49	14,25	141	23.06
49	14,25	145	17.41
49	14,25	146	20.85
49	14,25	148	46.35
49	14,25	151	19.11
49	14,25	152	27.03
49	14,25	159	56.35
49	14,25	164	30.48
49	14,25	174	20.08
49	14,25	188	28.56
49	14,25	195	22.90
49	14,25	203	40.55
49	14,25	212	45.63
49	14,25	223	27.44
49	14,25	229	24.06
49	14,25	235	24.58
49	14,25	237	22.27
49	14,25	241	47.58
49	14,25	242	24.42
49	14,25	243	21.37
49	14,25	249	31.85
49	14,25	252	24.38
49	14,25	254	36.14
49	14,25	259	50.27
49	14,25	260	25.97
49	14,25	264	25.21
49	14,25	274	40.48
49	14,25	277	22.96
49	14,25	279	49.34
49	14,25	284	55.30
49	14,25	291	30.80
49	14,25	301	50.08
49	14,25	302	34.31
49	14,25	305	20.07
49	14,25	309	23.08
49	14,25	310	27.44
49	14,25	326	42.31
49	14,25	337	23.42
49	14,25	341	24.48
49	14,25	353	49.27
49	14,25	356	23.04
49	14,25	357	23.03
49	14,25	359	23.83
49	14,25	367	19.56
49	14,25	387	33.85
49	14,25	389	22.25
49	14,25	394	22.76
49	14,25	396	24.30
49	14,25	397	58.34
49	14,25	399	32.08
49	14,29	17	65.44
49	14,29	37	50.28
49	14,29	40	50.73
49	14,29	41	49.37
49	14,29	53	41.49
49	14,29	63	34.65
49	14,29	83	52.44
49	14,29	88	27.51
49	14,29	125	37.27
49	14,29	133	43.35
49	14,29	141	26.54
49	14,29	145	20.99
49	14,29	151	22.14
49	14,29	152	30.73
49	14,29	164	35.42
49	14,29	188	32.34
49	14,29	203	41.08
49	14,29	212	50.54
49	14,29	223	31.56
49	14,29	237	25.44
49	14,29	241	48.32
49	14,29	242	27.93
49	14,29	252	26.96
49	14,29	259	50.99
49	14,29	260	29.80
49	14,29	264	28.20
49	14,29	279	53.89
49	14,29	284	60.80
49	14,29	291	36.39
49	14,29	301	54.79
49	14,29	302	35.11
49	14,29	326	47.24
49	14,29	337	27.10
49	14,29	341	27.63
49	14,29	353	50.41
49	14,29	356	25.69
49	14,29	359	27.51
49	14,29	367	22.73
49	14,29	387	39.63
49	14,29	389	25.42
49	14,29	396	27.46
49	15	17	49.72
49	15	37	34.44
49	15	38	62.70
49	15	40	40.18
49	15	41	34.96
49	15	48	34.15
49	15	53	26.07
49	15	63	20.75
49	15	64	59.10
49	15	68	60.41
49	15	77	49.89
49	15	78	14.77
49	15	82	32.55
49	15	83	40.77
49	15	88	12.54
49	15	96	34.44
49	15	109	64.07
49	15	112	25.58
49	15	113	14.92
49	15	115	36.92
49	15	118	16.93
49	15	125	23.32
49	15	126	56.07
49	15	133	30.69
49	15	139	17.44
49	15	141	15.82
49	15	145	11.23
49	15	146	14.21
49	15	148	39.82
49	15	151	12.48
49	15	152	14.21
49	15	154	72.35
49	15	164	19.93
49	15	173	34.38
49	15	188	17.41
49	15	189	58.46
49	15	203	26.99
49	15	212	39.42
49	15	220	16.87
49	15	228	65.17
49	15	229	16.58
49	15	235	17.00
49	15	237	12.77
49	15	241	35.65
49	15	242	11.90
49	15	245	29.17
49	15	249	22.38
49	15	252	13.69
49	15	254	30.03
49	15	255	33.32
49	15	258	37.39
49	15	259	36.23
49	15	260	14.25
49	15	264	13.82
49	15	267	46.51
49	15	279	32.61
49	15	282	59.73
49	15	283	41.77
49	15	284	46.32
49	15	285	51.97
49	15	287	24.79
49	15	290	31.18
49	15	291	21.80
49	15	297	58.66
49	15	301	40.73
49	15	302	20.51
49	15	304	63.85
49	15	309	16.32
49	15	310	16.42
49	15	326	39.61
49	15	337	16.45
49	15	341	13.38
49	15	342	15.96
49	15	348	50.49
49	15	353	38.39
49	15	356	12.39
49	15	357	15.99
49	15	359	12.55
49	15	363	60.65
49	15	365	39.21
49	15	367	13.31
49	15	375	51.23
49	15	387	25.42
49	15	389	11.79
49	15	393	15.21
49	15	396	14.51
49	15	399	24.38
49	15	402	59.14
49	15,25	17	62.24
49	15,25	37	52.68
49	15,25	40	51.45
49	15,25	41	48.45
49	15,25	48	46.18
49	15,25	53	39.01
49	15,25	63	31.34
49	15,25	78	26.55
49	15,25	83	52.42
49	15,25	88	22.49
49	15,25	96	45.61
49	15,25	112	33.97
49	15,25	115	47.48
49	15,25	118	25.61
49	15,25	125	33.76
49	15,25	133	42.56
49	15,25	139	25.79
49	15,25	141	24.85
49	15,25	145	18.63
49	15,25	146	22.39
49	15,25	148	51.15
49	15,25	151	20.06
49	15,25	152	23.69
49	15,25	164	28.10
49	15,25	188	26.62
49	15,25	203	38.89
49	15,25	212	51.37
49	15,25	229	25.30
49	15,25	235	26.14
49	15,25	237	20.82
49	15,25	241	46.13
49	15,25	242	21.41
49	15,25	249	35.18
49	15,25	252	22.46
49	15,25	254	37.31
49	15,25	255	45.52
49	15,25	258	49.25
49	15,25	259	48.58
49	15,25	260	23.97
49	15,25	264	27.25
49	15,25	279	49.25
49	15,25	284	58.66
49	15,25	287	36.58
49	15,25	291	30.51
49	15,25	301	52.21
49	15,25	302	32.72
49	15,25	309	24.44
49	15,25	310	29.20
49	15,25	326	50.17
49	15,25	337	25.28
49	15,25	341	22.01
49	15,25	353	45.99
49	15,25	356	21.08
49	15,25	357	24.27
49	15,25	359	21.76
49	15,25	367	21.24
49	15,25	387	33.13
49	15,25	389	20.48
49	15,25	393	27.38
49	15,25	396	23.20
49	15,25	399	37.76
49	16	8	56.37
49	16	15	32.06
49	16	22	24.61
49	16	34	48.06
49	16	39	39.38
49	16	51	45.39
49	16	63	33.82
49	16	64	60.00
49	16	68	46.80
49	16	77	50.51
49	16	84	27.75
49	16	101	18.59
49	16	105	13.38
49	16	122	24.44
49	16	124	16.32
49	16	125	30.51
49	16	129	36.48
49	16	134	15.93
49	16	138	32.15
49	16	152	24.11
49	16	169	37.04
49	16	177	69.94
49	16	184	27.28
49	16	201	59.03
49	16	218	17.68
49	16	220	17.23
49	16	222	17.72
49	16	224	52.03
49	16	228	69.87
49	16	240	13.65
49	16	241	40.45
49	16	247	15.27
49	16	251	46.77
49	16	252	21.51
49	16	255	32.80
49	16	266	18.25
49	16	270	30.82
49	16	283	52.08
49	16	297	64.37
49	16	320	15.00
49	16	341	19.04
49	16	342	16.30
49	16	344	20.24
49	16	351	38.75
49	16	356	20.72
49	16	362	20.83
49	16	363	66.24
49	16	375	52.48
49	16	376	38.52
49	16	377	19.41
49	16	393	17.51
49	16	398	27.96
49	16	404	19.56
49	16,24	34	63.76
49	16,24	184	45.20
49	16,24	218	37.96
49	16,24	240	32.83
49	16,24	377	45.03
49	17	17	50.18
49	17	22	26.77
49	17	37	33.65
49	17	40	39.73
49	17	41	34.63
49	17	48	28.65
49	17	53	20.46
49	17	63	20.46
49	17	68	49.07
49	17	77	48.38
49	17	78	10.13
49	17	82	32.25
49	17	83	35.24
49	17	88	12.42
49	17	96	33.70
49	17	109	61.92
49	17	112	20.23
49	17	113	10.44
49	17	115	33.38
49	17	125	17.52
49	17	133	27.86
49	17	141	14.44
49	17	145	9.42
49	17	151	10.77
49	17	152	11.92
49	17	154	67.85
49	17	164	19.75
49	17	173	28.25
49	17	188	11.07
49	17	189	55.99
49	17	201	45.21
49	17	203	23.48
49	17	212	37.63
49	17	220	12.69
49	17	222	13.85
49	17	223	13.80
49	17	228	65.15
49	17	237	9.31
49	17	241	32.93
49	17	242	9.76
49	17	245	29.96
49	17	247	11.42
49	17	252	7.25
49	17	255	28.75
49	17	258	36.70
49	17	259	33.17
49	17	260	9.96
49	17	264	9.77
49	17	267	47.85
49	17	270	26.70
49	17	279	33.90
49	17	282	58.77
49	17	283	42.45
49	17	284	45.82
49	17	285	46.13
49	17	287	20.92
49	17	290	28.63
49	17	291	17.54
49	17	297	58.48
49	17	301	41.00
49	17	302	14.92
49	17	304	63.68
49	17	326	35.20
49	17	328	12.82
49	17	337	15.06
49	17	341	8.87
49	17	342	12.10
49	17	344	15.86
49	17	348	48.83
49	17	353	38.70
49	17	356	6.83
49	17	359	8.68
49	17	363	60.44
49	17	365	37.31
49	17	367	11.65
49	17	375	49.41
49	17	387	21.85
49	17	389	11.79
49	17	393	10.28
49	17	396	10.28
49	17	402	58.63
49	18	17	56.93
49	18	37	37.89
49	18	40	46.97
49	18	68	64.32
49	18	77	55.52
49	18	96	40.79
49	18	109	68.28
49	18	115	40.24
49	18	145	17.56
49	18	151	19.27
49	18	154	76.85
49	18	189	62.79
49	18	201	54.61
49	18	203	31.51
49	18	212	44.82
49	18	228	73.35
49	18	241	39.42
49	18	259	40.79
49	18	270	39.41
49	18	282	66.42
49	18	283	49.97
49	18	284	53.93
49	18	285	62.89
49	18	297	64.89
49	18	304	71.01
49	18	348	56.65
49	18	363	66.93
49	18	375	56.27
49	18	402	65.44
49	18,29	17	73.31
49	18,29	37	61.58
49	18,29	40	62.20
49	18,29	68	75.18
49	18,29	77	72.00
49	18,29	96	57.99
49	18,29	115	56.59
49	18,29	145	34.75
49	18,29	151	37.41
49	18,29	203	43.87
49	18,29	212	60.82
49	18,29	241	55.11
49	18,29	259	53.73
49	18,29	270	54.11
49	18,29	284	70.77
49	19	100	70.87
49	19	103	59.73
49	19	209	45.92
49	19	210	37.66
49	19	314	48.06
49	20	4	45.03
49	20	56	15.68
49	20	59	28.10
49	20	103	51.13
49	20	210	24.25
49	20	262	24.04
49	20	306	14.93
49	20	314	33.23
49	21	1	46.24
49	21	5	59.77
49	21	11	38.82
49	21	19	20.77
49	21	21	32.23
49	21	23	41.13
49	21	25	29.18
49	21	26	39.46
49	21	33	33.45
49	21	43	39.45
49	21	61	25.48
49	21	65	29.82
49	21	76	52.34
49	21	87	37.77
49	21	89	20.01
49	21	90	44.61
49	21	93	34.46
49	21	128	55.59
49	21	140	25.56
49	21	143	21.23
49	21	180	60.72
49	21	186	23.30
49	21	197	58.59
49	21	214	45.25
49	21	217	51.56
49	21	231	31.18
49	21	263	24.76
49	21	265	22.13
49	21	276	24.63
49	21	295	21.83
49	21	300	55.63
49	21	327	25.03
49	21	340	40.21
49	21	343	24.21
49	21	345	22.03
49	21	360	22.89
49	21	373	55.15
49	21	374	33.90
49	21	383	40.83
49	21	385	23.32
49	21	386	63.04
49	21	391	40.06
49	22	20	59.90
49	22	22	31.32
49	22	40	45.49
49	22	48	36.30
49	22	63	30.17
49	22	78	15.27
49	22	83	33.59
49	22	96	40.28
49	22	105	18.15
49	22	112	26.90
49	22	115	36.75
49	22	122	29.06
49	22	125	30.46
49	22	152	24.52
49	22	155	29.77
49	22	164	30.34
49	22	169	36.92
49	22	173	39.62
49	22	188	18.15
49	22	189	59.99
49	22	201	53.99
49	22	203	28.52
49	22	218	19.76
49	22	220	19.66
49	22	222	19.54
49	22	223	19.85
49	22	224	52.31
49	22	226	20.13
49	22	237	19.18
49	22	242	21.94
49	22	247	17.42
49	22	251	42.69
49	22	252	18.55
49	22	255	32.42
49	22	259	36.65
49	22	260	21.35
49	22	264	19.23
49	22	267	51.99
49	22	283	51.45
49	22	284	53.01
49	22	285	62.08
49	22	287	26.20
49	22	291	28.04
49	22	302	23.79
49	22	308	20.35
49	22	324	37.93
49	22	328	17.51
49	22	334	22.52
49	22	339	21.34
49	22	341	18.93
49	22	342	18.65
49	22	344	23.96
49	22	348	52.31
49	22	356	18.52
49	22	375	55.58
49	22	377	18.94
49	22	382	19.96
49	22	392	19.73
49	22	393	16.99
49	22	396	18.49
49	22	402	65.52
49	22	404	19.55
49	23	45	49.77
49	23	49	34.07
49	23	50	26.56
49	23	57	19.61
49	23	58	18.56
49	23	72	23.83
49	23	74	24.55
49	23	75	18.69
49	23	85	14.58
49	23	94	43.89
49	23	106	44.54
49	23	111	17.10
49	23	121	23.45
49	23	131	21.15
49	23	149	14.89
49	23	165	37.59
49	23	170	44.61
49	23	179	51.99
49	23	199	25.01
49	23	221	30.30
49	23	225	14.55
49	23	234	34.92
49	23	239	28.17
49	23	246	43.66
49	23	250	42.76
49	23	256	59.37
49	23	268	18.46
49	23	293	35.06
49	23	312	48.42
49	23	315	38.69
49	23	323	35.56
49	23	325	15.13
49	23	333	21.94
49	23	336	26.54
49	23	358	52.07
49	23	364	23.90
49	23	368	18.83
49	23	371	18.70
49	23	372	27.10
49	23	381	43.30
49	23	406	21.75
49	23	407	34.49
49	24	34	55.38
49	24	96	46.51
49	24	115	39.00
49	24	155	35.11
49	24	184	35.83
49	24	201	62.99
49	24	218	23.01
49	24	240	24.77
49	24	251	41.52
49	24	289	78.77
49	24	318	26.65
49	24	348	59.35
49	24	377	21.08
49	25	3	15.86
49	25	17	52.96
49	25	35	20.86
49	25	37	33.52
49	25	38	63.65
49	25	40	39.49
49	25	41	34.99
49	25	48	34.01
49	25	53	25.62
49	25	63	21.55
49	25	66	33.30
49	25	78	14.69
49	25	82	33.20
49	25	83	40.85
49	25	88	14.06
49	25	96	33.94
49	25	109	62.75
49	25	112	24.76
49	25	115	37.06
49	25	118	15.85
49	25	125	23.85
49	25	133	29.63
49	25	139	16.35
49	25	141	14.79
49	25	145	10.17
49	25	146	13.48
49	25	148	39.34
49	25	151	11.41
49	25	152	15.01
49	25	154	71.66
49	25	159	44.25
49	25	164	21.82
49	25	171	46.61
49	25	173	34.39
49	25	174	13.31
49	25	183	33.55
49	25	188	16.69
49	25	189	58.08
49	25	195	15.28
49	25	203	26.70
49	25	212	38.65
49	25	223	17.31
49	25	229	15.79
49	25	230	53.85
49	25	235	15.94
49	25	237	11.56
49	25	241	35.85
49	25	242	12.48
49	25	243	14.23
49	25	245	30.46
49	25	249	21.65
49	25	252	13.25
49	25	254	28.18
49	25	255	33.21
49	25	258	38.61
49	25	259	35.93
49	25	260	13.30
49	25	261	44.55
49	25	264	13.28
49	25	267	48.11
49	25	274	33.69
49	25	277	15.24
49	25	279	31.52
49	25	282	59.10
49	25	283	43.39
49	25	284	48.59
49	25	285	52.76
49	25	287	24.62
49	25	291	20.77
49	25	301	42.20
49	25	302	20.14
49	25	304	62.99
49	25	305	13.61
49	25	309	15.39
49	25	310	18.06
49	25	326	38.61
49	25	328	17.48
49	25	337	15.18
49	25	341	13.89
49	25	348	51.56
49	25	353	39.90
49	25	356	12.24
49	25	357	15.23
49	25	359	12.00
49	25	365	38.39
49	25	367	12.20
49	25	375	52.21
49	25	387	23.80
49	25	389	13.48
49	25	393	15.58
49	25	394	14.87
49	25	396	14.25
49	25	397	51.21
49	25	399	23.97
49	25	402	60.07
49	26	10	37.77
49	26	18	43.10
49	26	28	20.70
49	26	42	17.03
49	26	55	28.08
49	26	71	19.20
49	26	79	16.48
49	26	86	20.94
49	26	91	35.80
49	26	97	62.55
49	26	102	36.30
49	26	107	18.58
49	26	108	42.23
49	26	110	26.89
49	26	116	30.44
49	26	119	46.37
49	26	120	34.42
49	26	132	28.25
49	26	142	22.62
49	26	160	17.30
49	26	162	57.11
49	26	163	18.18
49	26	167	15.45
49	26	182	23.34
49	26	185	44.82
49	26	198	41.32
49	26	205	16.27
49	26	207	45.61
49	26	213	20.69
49	26	232	66.15
49	26	238	19.59
49	26	244	18.04
49	26	253	33.61
49	26	257	20.73
49	26	273	22.48
49	26	278	18.08
49	26	292	63.17
49	26	299	34.51
49	26	316	19.38
49	26	317	27.31
49	26	322	61.25
49	26	330	23.52
49	26	335	24.72
49	26	346	25.97
49	26	350	20.15
49	26	370	70.24
49	26	380	41.79
49	26	388	38.94
49	26	395	18.62
49	26	408	22.24
49	26	409	37.28
49	27	29	37.63
49	27	127	57.15
49	27	175	53.89
49	27	196	68.23
49	27	200	62.17
49	27	233	44.00
49	27	248	54.82
49	28	6	60.39
49	28	13	51.49
49	28	45	54.38
49	28	47	31.94
49	28	52	54.58
49	28	62	73.86
49	28	67	46.99
49	28	98	62.41
49	28	114	61.90
49	28	137	53.18
49	28	144	53.35
49	28	172	57.39
49	28	176	59.10
49	28	181	48.85
49	28	187	55.69
49	28	191	64.42
49	28	202	46.55
49	28	204	52.69
49	28	211	54.15
49	28	216	49.86
49	28	239	43.65
49	28	246	56.94
49	28	271	53.13
49	28	272	52.15
49	28	307	56.72
49	28	311	69.07
49	28	321	41.87
49	28	336	49.89
49	28	369	35.27
49	28	384	43.45
49	29	17	53.65
49	29	22	31.27
49	29	37	36.03
49	29	40	43.61
49	29	41	39.99
49	29	48	34.20
49	29	53	26.28
49	29	63	23.55
49	29	68	60.52
49	29	77	52.08
49	29	78	15.28
49	29	82	36.58
49	29	83	41.06
49	29	88	18.00
49	29	96	37.70
49	29	109	65.38
49	29	112	26.30
49	29	113	16.35
49	29	115	37.30
49	29	125	23.70
49	29	133	32.85
49	29	141	19.77
49	29	145	14.51
49	29	151	15.92
49	29	152	18.01
49	29	154	72.42
49	29	164	22.37
49	29	173	33.93
49	29	188	17.41
49	29	189	59.45
49	29	201	50.87
49	29	203	27.94
49	29	212	41.32
49	29	220	18.23
49	29	222	19.14
49	29	223	18.90
49	29	228	69.32
49	29	237	14.94
49	29	241	36.80
49	29	242	15.87
49	29	245	34.94
49	29	247	16.56
49	29	252	13.23
49	29	255	33.41
49	29	258	41.01
49	29	259	37.17
49	29	260	16.14
49	29	264	15.15
49	29	267	51.17
49	29	270	34.70
49	29	279	41.23
49	29	282	63.14
49	29	283	46.63
49	29	284	49.94
49	29	285	60.58
49	29	287	25.79
49	29	290	33.97
49	29	291	23.62
49	29	297	61.85
49	29	301	44.51
49	29	302	20.61
49	29	304	67.41
49	29	326	38.90
49	29	328	18.52
49	29	337	20.55
49	29	341	14.52
49	29	342	17.35
49	29	344	22.04
49	29	348	52.86
49	29	353	38.27
49	29	356	12.49
49	29	359	14.99
49	29	363	63.89
49	29	365	42.01
49	29	367	16.87
49	29	375	53.48
49	29	387	27.63
49	29	389	16.99
49	29	393	15.77
49	29	396	15.77
49	29	402	62.10
