Task=112 Orders=48 Vehicles=416 Scores=1860
112	1	17	37.34
112	1	21	21.68
112	1	56	33.30
112	1	60	50.00
112	1	147	51.41
112	1	166	37.80
112	1	199	33.10
112	1	241	35.38
112	1	358	24.52
112	1,12	17	49.63
112	1,12	21	39.24
112	1,12	56	49.96
112	1,12	166	52.58
112	1,12	241	46.80
112	1,12	358	38.75
112	2	9	32.72
112	2	14	36.68
112	2	55	41.28
112	2	57	49.73
112	2	59	23.99
112	2	65	27.41
112	2	66	23.08
112	2	83	25.58
112	2	86	37.66
112	2	90	33.59
112	2	92	49.61
112	2	101	23.23
112	2	115	51.76
112	2	133	26.41
112	2	155	43.87
112	2	170	26.76
112	2	179	55.80
112	2	201	31.25
112	2	210	55.48
112	2	215	36.56
112	2	216	46.93
112	2	255	47.27
112	2	295	44.15
112	2	298	43.99
112	2	345	60.97
112	2	373	20.83
112	2	384	51.87
112	2	388	48.06
112	2,7	55	53.45
112	2,7	65	41.80
112	2,7	83	39.11
112	2,7	101	36.10
112	2,7	170	40.38
112	2,7	215	55.15
112	2,7	295	56.48
112	2,7	373	32.72
112	2,23	14	45.96
112	2,23	65	37.00
112	2,23	83	34.24
112	2,23	86	46.66
112	2,23	92	57.92
112	2,23	101	31.86
112	2,23	170	35.48
112	2,23	201	39.94
112	2,23	210	64.48
112	2,23	215	53.23
112	2,23	295	52.35
112	2,23	373	28.89
112	2,34	9	54.87
112	2,34	14	53.49
112	2,34	55	57.44
112	2,34	59	40.48
112	2,34	65	45.11
112	2,34	66	39.93
112	2,34	83	42.68
112	2,34	86	55.99
112	2,34	90	49.31
112	2,34	101	39.68
112	2,34	115	67.80
112	2,34	133	43.18
112	2,34	155	60.27
112	2,34	170	44.51
112	2,34	201	47.42
112	2,34	210	72.77
112	2,34	215	52.80
112	2,34	216	63.30
112	2,34	255	63.58
112	2,34	295	60.79
112	2,34	298	59.82
112	2,34	373	36.77
112	2,34	384	68.37
112	2,34	388	64.55
112	3	104	43.45
112	3	128	53.66
112	3	158	36.72
112	3	174	27.15
112	3	177	39.30
112	3	187	40.85
112	3	250	33.07
112	3	315	27.01
112	3	346	38.00
112	3,11	104	52.58
112	3,11	158	45.06
112	3,11	174	36.83
112	3,11	177	48.85
112	3,11	187	51.21
112	3,11	250	42.01
112	3,11	315	36.01
112	3,35	158	53.45
112	3,35	174	45.63
112	3,35	177	62.46
112	3,35	315	47.07
112	4	56	29.32
112	4	60	50.42
112	4	84	35.82
112	4	100	44.15
112	4	108	42.62
112	4	118	20.85
112	4	140	20.54
112	4	154	50.48
112	4	166	37.66
112	4	193	21.42
112	4	199	29.18
112	4	202	44.04
112	4	211	22.59
112	4	241	31.77
112	4	247	53.01
112	4	252	27.35
112	4	272	45.04
112	4	308	21.63
112	4	321	37.55
112	4	344	51.27
112	4	358	18.68
112	4	360	40.11
112	4	371	40.73
112	4	376	58.28
112	4	378	34.46
112	4	380	36.51
112	4	409	19.80
112	4	411	19.06
112	4,9	56	37.82
112	4,9	84	44.76
112	4,9	100	54.99
112	4,9	118	29.42
112	4,9	140	30.62
112	4,9	166	45.94
112	4,9	193	30.25
112	4,9	199	37.39
112	4,9	202	52.86
112	4,9	211	31.00
112	4,9	241	40.54
112	4,9	252	36.86
112	4,9	308	31.93
112	4,9	321	46.37
112	4,9	344	60.08
112	4,9	358	27.13
112	4,9	360	49.11
112	4,9	371	49.55
112	4,9	378	43.23
112	4,9	380	45.76
112	4,9	409	28.41
112	4,9	411	27.66
112	4,12	56	50.59
112	4,12	84	60.83
112	4,12	166	47.04
112	4,12	193	43.39
112	4,12	211	43.37
112	4,12	241	40.90
112	4,12	358	40.52
112	4,39	56	46.56
112	4,39	84	46.87
112	4,39	118	38.51
112	4,39	166	54.14
112	4,39	199	45.93
112	4,39	241	49.42
112	4,39	358	36.34
112	5	4	25.41
112	5	16	18.06
112	5	25	14.93
112	5	29	13.39
112	5	30	31.86
112	5	31	15.45
112	5	38	33.94
112	5	46	31.30
112	5	61	12.62
112	5	72	37.45
112	5	75	40.45
112	5	78	19.31
112	5	81	14.94
112	5	102	37.93
112	5	112	27.75
112	5	114	48.18
112	5	117	51.13
112	5	134	14.35
112	5	153	28.65
112	5	159	14.17
112	5	165	14.08
112	5	180	25.10
112	5	192	15.90
112	5	194	15.18
112	5	227	35.24
112	5	233	14.93
112	5	245	29.86
112	5	248	20.77
112	5	286	34.44
112	5	299	18.21
112	5	300	18.31
112	5	302	12.35
112	5	325	12.80
112	5	326	13.96
112	5	364	26.24
112	5	370	36.44
112	5	385	14.83
112	5	399	41.42
112	5	403	16.00
112	5	407	26.70
112	5,20	4	33.45
112	5,20	16	26.52
112	5,20	25	23.03
112	5,20	29	21.90
112	5,20	30	40.62
112	5,20	31	23.86
112	5,20	38	42.32
112	5,20	61	20.79
112	5,20	72	48.44
112	5,20	81	23.38
112	5,20	112	38.94
112	5,20	134	22.89
112	5,20	159	22.27
112	5,20	165	22.07
112	5,20	180	33.69
112	5,20	192	24.82
112	5,20	194	23.30
112	5,20	233	23.54
112	5,20	245	38.30
112	5,20	248	32.28
112	5,20	299	26.08
112	5,20	300	26.92
112	5,20	302	20.42
112	5,20	325	21.55
112	5,20	326	22.21
112	5,20	364	34.63
112	5,20	370	44.92
112	5,20	385	23.08
112	5,20	399	53.45
112	5,20	403	24.25
112	5,20	407	35.14
112	5,32	4	37.54
112	5,32	16	30.77
112	5,32	25	27.11
112	5,32	29	26.20
112	5,32	30	45.28
112	5,32	31	27.96
112	5,32	38	47.24
112	5,32	61	24.90
112	5,32	72	49.07
112	5,32	81	27.41
112	5,32	112	39.56
112	5,32	134	27.11
112	5,32	159	26.49
112	5,32	165	26.55
112	5,32	180	38.04
112	5,32	192	30.89
112	5,32	194	27.49
112	5,32	233	28.25
112	5,32	245	43.10
112	5,32	248	32.93
112	5,32	299	29.96
112	5,32	300	31.93
112	5,32	302	21.82
112	5,32	325	26.52
112	5,32	326	26.15
112	5,32	364	39.00
112	5,32	370	49.31
112	5,32	385	27.56
112	5,32	399	54.20
112	5,32	403	28.73
112	5,32	407	39.48
112	5,40	4	40.96
112	5,40	16	34.25
112	5,40	25	30.48
112	5,40	29	29.73
112	5,40	30	43.08
112	5,40	31	31.35
112	5,40	38	44.92
112	5,40	61	28.30
112	5,40	72	52.30
112	5,40	78	36.08
112	5,40	81	30.75
112	5,40	112	42.75
112	5,40	134	30.58
112	5,40	153	44.00
112	5,40	159	29.97
112	5,40	165	30.20
112	5,40	180	41.68
112	5,40	192	27.82
112	5,40	194	30.94
112	5,40	227	49.41
112	5,40	233	32.10
112	5,40	245	40.83
112	5,40	248	36.23
112	5,40	299	33.28
112	5,40	300	35.92
112	5,40	302	22.63
112	5,40	325	30.46
112	5,40	326	29.44
112	5,40	364	42.65
112	5,40	370	47.28
112	5,40	385	31.20
112	5,40	399	52.21
112	5,40	403	32.37
112	5,40	407	37.49
112	5,47	4	33.62
112	5,47	25	23.20
112	5,47	29	22.01
112	5,47	30	40.56
112	5,47	31	24.03
112	5,47	38	42.18
112	5,47	61	20.99
112	5,47	72	45.56
112	5,47	78	27.63
112	5,47	81	23.59
112	5,47	112	36.15
112	5,47	134	23.04
112	5,47	159	22.41
112	5,47	165	22.10
112	5,47	180	33.77
112	5,47	192	24.32
112	5,47	194	23.44
112	5,47	233	23.49
112	5,47	245	42.07
112	5,47	248	32.44
112	5,47	299	26.28
112	5,47	300	26.77
112	5,47	302	20.61
112	5,47	325	21.45
112	5,47	326	22.45
112	5,47	364	38.35
112	5,47	370	44.97
112	5,47	385	23.14
112	5,47	399	49.92
112	5,47	403	24.31
112	5,47	407	38.59
112	6	32	29.32
112	6	37	47.55
112	6	76	38.70
112	6	200	36.99
112	6	236	58.45
112	6	333	18.24
112	6	359	17.61
112	6	366	47.89
112	6,24	32	44.27
112	6,24	200	59.68
112	6,24	333	46.06
112	6,24	366	57.03
112	6,31	32	47.76
112	6,31	333	30.18
112	7	7	44.14
112	7	8	19.66
112	7	11	57.89
112	7	18	18.86
112	7	44	19.15
112	7	55	35.03
112	7	64	24.76
112	7	65	18.35
112	7	70	18.65
112	7	71	18.58
112	7	82	18.62
112	7	83	18.89
112	7	87	18.25
112	7	94	22.65
112	7	98	18.00
112	7	101	17.79
112	7	105	22.62
112	7	110	22.13
112	7	111	45.75
112	7	116	17.52
112	7	119	17.11
112	7	125	22.13
112	7	129	22.30
112	7	132	18.03
112	7	135	16.15
112	7	143	16.97
112	7	148	23.03
112	7	156	47.89
112	7	157	22.52
112	7	162	16.66
112	7	170	18.77
112	7	171	17.61
112	7	172	21.54
112	7	190	46.94
112	7	196	42.99
112	7	206	43.77
112	7	212	32.18
112	7	213	23.70
112	7	215	26.93
112	7	220	65.44
112	7	222	50.34
112	7	224	21.37
112	7	225	25.80
112	7	228	21.11
112	7	231	19.86
112	7	243	34.38
112	7	244	27.10
112	7	246	39.01
112	7	254	18.34
112	7	264	22.00
112	7	266	16.75
112	7	269	23.72
112	7	277	52.58
112	7	285	42.01
112	7	287	21.06
112	7	289	29.94
112	7	291	19.59
112	7	295	41.32
112	7	297	31.83
112	7	316	22.68
112	7	319	16.32
112	7	329	21.82
112	7	331	18.42
112	7	332	42.30
112	7	337	19.39
112	7	341	15.72
112	7	373	17.69
112	7	381	44.04
112	7	390	46.39
112	7	395	24.68
112	7	397	20.32
112	7	402	18.31
112	7	404	20.45
112	7	410	46.49
112	7	416	28.41
112	7,13	8	33.07
112	7,13	18	33.20
112	7,13	44	30.30
112	7,13	55	45.87
112	7,13	64	35.79
112	7,13	65	33.51
112	7,13	70	31.32
112	7,13	71	33.20
112	7,13	82	31.04
112	7,13	83	33.25
112	7,13	87	31.23
112	7,13	94	34.92
112	7,13	98	31.41
112	7,13	101	31.42
112	7,13	110	34.86
112	7,13	116	33.23
112	7,13	119	30.75
112	7,13	125	34.96
112	7,13	129	35.89
112	7,13	132	32.32
112	7,13	135	29.80
112	7,13	143	30.73
112	7,13	148	36.82
112	7,13	157	36.37
112	7,13	162	30.77
112	7,13	170	33.24
112	7,13	171	30.55
112	7,13	172	33.61
112	7,13	190	58.72
112	7,13	196	53.54
112	7,13	206	56.54
112	7,13	212	43.34
112	7,13	213	37.83
112	7,13	215	37.70
112	7,13	224	34.24
112	7,13	225	35.76
112	7,13	228	33.42
112	7,13	231	33.49
112	7,13	243	46.58
112	7,13	244	34.11
112	7,13	246	50.51
112	7,13	254	31.58
112	7,13	264	33.87
112	7,13	266	31.56
112	7,13	269	35.34
112	7,13	277	63.94
112	7,13	287	33.13
112	7,13	289	41.41
112	7,13	291	34.37
112	7,13	295	52.27
112	7,13	297	42.58
112	7,13	316	35.94
112	7,13	319	30.65
112	7,13	329	33.76
112	7,13	331	29.75
112	7,13	337	34.76
112	7,13	341	30.59
112	7,13	373	30.24
112	7,13	381	56.48
112	7,13	390	57.65
112	7,13	395	36.17
112	7,13	397	31.65
112	7,13	402	29.63
112	7,13	404	34.08
112	7,13	416	39.59
112	8	127	24.56
112	8	130	41.32
112	8	168	43.96
112	8	173	25.11
112	8	186	55.90
112	8	189	24.72
112	8	204	24.31
112	8	270	75.15
112	8	304	48.24
112	8	305	58.32
112	8	306	42.21
112	8	318	51.52
112	8	320	47.39
112	8,42	305	80.51
112	8,42	318	70.92
112	9	56	29.90
112	9	60	50.96
112	9	84	36.55
112	9	100	44.97
112	9	108	42.49
112	9	118	21.45
112	9	140	25.66
112	9	154	50.87
112	9	166	38.20
112	9	193	22.00
112	9	199	29.76
112	9	202	44.10
112	9	211	23.13
112	9	241	32.37
112	9	247	54.08
112	9	252	27.23
112	9	272	45.52
112	9	308	22.44
112	9	321	37.45
112	9	344	51.93
112	9	358	19.18
112	9	360	40.94
112	9	371	41.08
112	9	376	58.83
112	9	378	35.13
112	9	380	36.73
112	9	409	20.46
112	9	411	19.59
112	9,12	56	49.68
112	9,12	84	59.66
112	9,12	166	50.21
112	9,12	193	38.44
112	9,12	211	34.85
112	9,12	241	44.42
112	9,12	358	30.38
112	9,39	56	43.97
112	9,39	84	52.73
112	9,39	118	36.03
112	9,39	166	51.87
112	9,39	199	43.58
112	9,39	241	46.99
112	9,39	358	33.61
112	10	36	34.51
112	10	43	53.86
112	10	62	28.85
112	10	77	41.51
112	10	89	21.83
112	10	141	71.87
112	10	151	45.55
112	10	163	50.30
112	10	290	26.55
112	10	303	42.49
112	10	311	42.27
112	10	342	61.55
112	10	386	32.00
112	10,25	62	43.66
112	10,25	141	88.79
112	10,25	386	43.75
112	10,33	36	45.61
112	10,33	62	40.11
112	10,33	77	51.23
112	10,33	89	32.69
112	10,33	141	84.39
112	10,33	163	59.80
112	10,33	290	36.35
112	10,33	342	72.48
112	10,33	386	42.08
112	10,38	36	53.87
112	10,38	62	47.90
112	10,38	77	58.39
112	10,38	89	37.90
112	10,38	141	94.25
112	10,38	163	64.63
112	10,38	290	44.70
112	10,38	342	81.03
112	10,38	386	50.01
112	11	26	32.21
112	11	85	42.48
112	11	104	41.23
112	11	128	51.63
112	11	158	34.25
112	11	174	24.69
112	11	177	36.13
112	11	187	37.20
112	11	221	39.83
112	11	250	29.77
112	11	315	24.13
112	11	375	23.61
112	11	392	31.89
112	12	17	35.63
112	12	21	24.96
112	12	47	61.46
112	12	56	35.06
112	12	60	51.56
112	12	84	42.44
112	12	154	53.68
112	12	166	38.14
112	12	193	25.45
112	12	211	22.52
112	12	241	31.55
112	12	358	18.79
112	12	376	61.77
112	12,39	56	45.08
112	12,39	84	53.46
112	12,39	166	47.82
112	12,39	241	41.86
112	12,39	358	28.85
112	13	7	41.25
112	13	8	16.83
112	13	11	56.06
112	13	18	15.86
112	13	44	17.25
112	13	55	32.93
112	13	64	23.61
112	13	65	14.97
112	13	70	15.75
112	13	71	15.25
112	13	82	15.49
112	13	83	15.54
112	13	87	15.79
112	13	92	41.48
112	13	94	18.93
112	13	98	15.06
112	13	101	14.79
112	13	110	18.14
112	13	111	43.59
112	13	116	14.46
112	13	119	13.96
112	13	125	19.14
112	13	129	18.54
112	13	132	16.15
112	13	135	13.68
112	13	143	14.73
112	13	148	19.25
112	13	156	45.54
112	13	157	23.20
112	13	162	14.23
112	13	170	15.42
112	13	171	14.79
112	13	172	19.23
112	13	190	44.55
112	13	196	40.99
112	13	206	34.97
112	13	212	29.45
112	13	213	19.11
112	13	215	25.01
112	13	220	62.28
112	13	222	47.25
112	13	224	17.93
112	13	225	24.06
112	13	228	18.48
112	13	231	16.69
112	13	243	32.31
112	13	244	22.11
112	13	246	36.07
112	13	254	16.11
112	13	264	19.51
112	13	266	13.80
112	13	267	44.45
112	13	269	20.56
112	13	277	50.66
112	13	285	38.58
112	13	287	18.13
112	13	289	26.77
112	13	291	15.69
112	13	295	41.28
112	13	297	30.04
112	13	316	20.23
112	13	319	12.69
112	13	329	18.13
112	13	331	16.46
112	13	332	40.34
112	13	337	16.21
112	13	341	13.85
112	13	347	20.66
112	13	368	35.41
112	13	373	14.90
112	13	381	41.55
112	13	390	44.17
112	13	395	22.69
112	13	397	18.03
112	13	402	16.32
112	13	404	17.30
112	13	410	44.28
112	13	416	26.51
112	14	17	40.21
112	14	21	26.13
112	14	56	38.10
112	14	60	52.30
112	14	166	39.20
112	14	211	28.44
112	14	358	25.79
112	14,22	17	50.90
112	14,22	21	34.92
112	14,22	166	50.17
112	15	28	22.27
112	15	53	38.65
112	15	95	60.69
112	15	130	42.20
112	15	145	56.86
112	15	182	42.69
112	15	185	50.79
112	15	186	52.23
112	15	198	32.96
112	15	204	21.63
112	15	207	33.35
112	15	209	23.18
112	15	223	39.10
112	15	265	49.48
112	15	270	80.97
112	15	304	53.97
112	15	317	33.80
112	15	318	52.96
112	15	320	48.38
112	15	336	62.34
112	15,41	182	57.20
112	16	3	19.38
112	16	28	17.44
112	16	49	34.82
112	16	53	34.24
112	16	69	18.86
112	16	91	15.44
112	16	95	55.17
112	16	103	29.66
112	16	107	23.59
112	16	124	55.75
112	16	130	36.70
112	16	178	51.31
112	16	182	35.75
112	16	185	47.34
112	16	186	47.03
112	16	189	26.17
112	16	198	28.15
112	16	204	16.03
112	16	205	32.28
112	16	209	18.39
112	16	223	31.07
112	16	232	15.96
112	16	239	17.48
112	16	265	44.35
112	16	270	70.56
112	16	293	20.35
112	16	304	48.10
112	16	305	52.68
112	16	309	18.83
112	16	317	28.27
112	16	318	46.72
112	16	320	43.17
112	16	322	31.27
112	16	336	54.61
112	16	343	44.38
112	16	348	18.89
112	16	350	17.11
112	16	357	27.52
112	16	383	17.34
112	16	389	28.73
112	16	391	18.85
112	16	394	22.69
112	16	400	15.17
112	16	401	15.76
112	16	406	23.30
112	16	414	17.18
112	16,30	3	27.51
112	16,30	28	25.25
112	16,30	49	38.93
112	16,30	53	45.28
112	16,30	69	27.48
112	16,30	91	24.04
112	16,30	103	37.92
112	16,30	107	34.10
112	16,30	130	45.11
112	16,30	178	60.62
112	16,30	182	44.20
112	16,30	198	36.31
112	16,30	204	24.21
112	16,30	205	40.82
112	16,30	209	26.76
112	16,30	223	39.06
112	16,30	232	25.27
112	16,30	239	26.79
112	16,30	265	56.94
112	16,30	270	80.41
112	16,30	304	56.58
112	16,30	309	27.45
112	16,30	317	38.93
112	16,30	320	54.31
112	16,30	322	43.27
112	16,30	348	27.51
112	16,30	350	26.48
112	16,30	383	26.37
112	16,30	391	27.46
112	16,30	394	31.35
112	16,30	400	24.20
112	16,30	401	24.79
112	16,30	406	31.99
112	16,30	414	26.21
112	16,42	182	44.92
112	16,42	305	69.87
112	16,42	318	61.90
112	17	330	30.38
112	17,21	330	49.00
112	18	13	12.17
112	18	25	15.54
112	18	29	13.52
112	18	31	16.13
112	18	61	13.32
112	18	72	38.23
112	18	75	39.99
112	18	81	15.46
112	18	159	11.39
112	18	165	11.86
112	18	180	24.68
112	18	192	17.52
112	18	194	15.90
112	18	233	15.62
112	18	248	16.59
112	18	273	48.92
112	18	286	34.48
112	18	299	21.73
112	18	300	16.72
112	18	314	17.61
112	18	325	16.51
112	18	326	11.48
112	18	363	12.63
112	18	364	20.85
112	18	370	38.99
112	18	385	15.49
112	18	399	42.38
112	18	403	11.55
112	18	407	29.55
112	18	408	27.41
112	18,32	13	27.17
112	18,32	25	24.48
112	18,32	29	23.00
112	18,32	31	25.37
112	18,32	61	21.45
112	18,32	72	47.17
112	18,32	81	24.73
112	18,32	159	22.59
112	18,32	165	23.14
112	18,32	180	33.96
112	18,32	192	27.52
112	18,32	194	24.89
112	18,32	233	25.14
112	18,32	248	29.65
112	18,32	299	29.35
112	18,32	300	29.46
112	18,32	325	25.00
112	18,32	326	22.82
112	18,32	364	35.46
112	18,32	370	48.80
112	18,32	385	24.63
112	18,32	399	52.11
112	18,32	403	25.00
112	18,32	407	37.77
112	18,32	408	38.01
112	18,40	25	24.96
112	18,40	29	23.63
112	18,40	31	25.82
112	18,40	61	22.30
112	18,40	72	47.92
112	18,40	81	25.30
112	18,40	159	24.24
112	18,40	165	24.18
112	18,40	180	35.66
112	18,40	192	28.39
112	18,40	194	25.34
112	18,40	233	25.86
112	18,40	248	30.96
112	18,40	299	29.06
112	18,40	300	29.51
112	18,40	325	24.45
112	18,40	326	23.93
112	18,40	364	36.87
112	18,40	370	49.48
112	18,40	385	25.30
112	18,40	399	52.90
112	18,40	403	26.46
112	18,40	407	39.45
112	18,40	408	39.59
112	19	10	39.25
112	19	15	26.99
112	19	42	53.44
112	19	51	45.75
112	19	80	38.44
112	19	137	60.51
112	19	144	38.48
112	19	175	51.44
112	19	183	54.48
112	19	191	33.54
112	19	219	37.31
112	19	235	42.30
112	19	242	33.23
112	19	249	42.83
112	19	260	40.77
112	19	335	63.32
112	19	387	55.58
112	19,26	10	48.59
112	19,26	15	38.11
112	19,26	42	66.85
112	19,26	80	51.89
112	19,26	137	72.62
112	19,26	183	66.82
112	19,26	191	49.70
112	19,26	219	52.48
112	19,26	235	55.79
112	19,26	242	54.00
112	19,26	260	52.45
112	19,26	387	66.56
112	20	4	25.97
112	20	13	16.35
112	20	16	17.41
112	20	25	13.83
112	20	29	11.75
112	20	30	30.14
112	20	31	14.42
112	20	38	33.10
112	20	46	31.96
112	20	61	10.70
112	20	72	36.92
112	20	75	39.93
112	20	81	13.82
112	20	112	27.23
112	20	114	46.04
112	20	117	51.24
112	20	134	14.69
112	20	159	11.82
112	20	165	12.30
112	20	180	22.61
112	20	192	14.41
112	20	194	14.13
112	20	233	13.45
112	20	245	27.35
112	20	248	19.00
112	20	273	47.55
112	20	286	32.10
112	20	299	19.13
112	20	300	17.46
112	20	302	13.37
112	20	325	12.99
112	20	326	12.14
112	20	364	24.28
112	20	370	37.32
112	20	385	13.52
112	20	399	40.72
112	20	403	13.87
112	20	407	27.06
112	20	408	26.83
112	20,32	4	39.70
112	20,32	13	30.20
112	20,32	16	31.76
112	20,32	25	27.56
112	20,32	29	24.96
112	20,32	30	45.42
112	20,32	31	28.51
112	20,32	38	48.37
112	20,32	61	23.70
112	20,32	72	50.00
112	20,32	81	27.82
112	20,32	112	40.48
112	20,32	134	29.06
112	20,32	159	25.07
112	20,32	165	25.24
112	20,32	180	37.28
112	20,32	192	31.80
112	20,32	194	28.04
112	20,32	233	28.62
112	20,32	245	42.51
112	20,32	248	32.66
112	20,32	299	32.39
112	20,32	300	33.04
112	20,32	302	27.11
112	20,32	325	26.56
112	20,32	326	25.83
112	20,32	364	38.76
112	20,32	370	51.93
112	20,32	385	27.99
112	20,32	399	55.23
112	20,32	403	28.34
112	20,32	407	36.15
112	20,32	408	41.31
112	20,40	4	35.28
112	20,40	16	27.18
112	20,40	25	23.66
112	20,40	29	22.17
112	20,40	30	41.30
112	20,40	31	24.49
112	20,40	38	43.01
112	20,40	61	20.99
112	20,40	72	45.93
112	20,40	81	24.01
112	20,40	112	36.51
112	20,40	134	24.73
112	20,40	159	22.85
112	20,40	165	22.61
112	20,40	180	34.11
112	20,40	192	25.79
112	20,40	194	23.94
112	20,40	233	24.11
112	20,40	245	38.70
112	20,40	248	29.73
112	20,40	299	27.82
112	20,40	300	27.59
112	20,40	302	22.27
112	20,40	325	22.59
112	20,40	326	22.72
112	20,40	364	35.32
112	20,40	370	47.07
112	20,40	385	23.73
112	20,40	399	50.54
112	20,40	403	24.90
112	20,40	407	37.08
112	20,40	408	37.23
112	20,47	4	35.42
112	20,47	25	25.15
112	20,47	29	24.11
112	20,47	30	42.70
112	20,47	31	26.01
112	20,47	38	44.62
112	20,47	61	22.93
112	20,47	72	47.27
112	20,47	81	25.51
112	20,47	112	37.75
112	20,47	134	23.86
112	20,47	159	23.48
112	20,47	165	24.28
112	20,47	180	35.15
112	20,47	192	27.59
112	20,47	194	25.46
112	20,47	233	25.87
112	20,47	245	39.30
112	20,47	248	30.06
112	20,47	299	28.00
112	20,47	300	29.35
112	20,47	302	22.48
112	20,47	325	24.03
112	20,47	326	24.13
112	20,47	364	35.75
112	20,47	370	47.00
112	20,47	385	25.32
112	20,47	399	52.00
112	20,47	403	25.46
112	20,47	407	36.00
112	21	330	28.73
112	22	17	35.72
112	22	21	18.80
112	22	60	44.56
112	22	106	49.46
112	22	166	34.75
112	22	188	50.62
112	22	199	29.55
112	22	203	17.52
112	22	247	64.27
112	22	251	21.30
112	22	256	33.25
112	22	263	31.55
112	22	282	20.25
112	22	308	27.63
112	22	344	46.11
112	22	378	29.56
112	23	5	18.82
112	23	7	40.45
112	23	8	16.28
112	23	11	57.66
112	23	14	33.75
112	23	18	15.96
112	23	65	16.69
112	23	70	14.10
112	23	71	13.48
112	23	82	17.25
112	23	83	12.97
112	23	86	46.79
112	23	87	15.51
112	23	92	43.25
112	23	94	21.38
112	23	98	14.30
112	23	101	13.06
112	23	110	16.34
112	23	111	44.25
112	23	116	17.25
112	23	119	13.07
112	23	122	35.23
112	23	125	19.45
112	23	129	17.85
112	23	132	17.59
112	23	135	14.82
112	23	143	16.62
112	23	148	20.44
112	23	157	24.42
112	23	162	15.03
112	23	164	19.08
112	23	170	13.49
112	23	171	14.31
112	23	179	47.69
112	23	190	46.90
112	23	196	41.63
112	23	201	29.13
112	23	206	39.69
112	23	210	50.85
112	23	212	29.31
112	23	213	18.07
112	23	215	27.58
112	23	220	60.83
112	23	222	46.63
112	23	224	16.35
112	23	228	19.14
112	23	231	14.77
112	23	243	34.14
112	23	244	28.89
112	23	246	38.04
112	23	266	16.20
112	23	267	45.45
112	23	269	22.08
112	23	285	40.85
112	23	287	18.45
112	23	289	25.32
112	23	291	17.89
112	23	294	21.15
112	23	295	40.75
112	23	297	30.99
112	23	319	15.82
112	23	329	15.75
112	23	331	18.18
112	23	332	41.34
112	23	337	16.25
112	23	339	42.31
112	23	341	16.75
112	23	347	18.52
112	23	351	16.97
112	23	368	34.34
112	23	373	14.03
112	23	379	40.89
112	23	381	44.01
112	23	390	46.25
112	23	398	37.00
112	23	402	17.96
112	23	404	16.52
112	23	410	45.00
112	23	416	28.08
112	24	1	52.70
112	24	24	49.24
112	24	32	28.54
112	24	37	54.70
112	24	58	17.65
112	24	74	54.66
112	24	76	47.08
112	24	176	46.13
112	24	200	43.44
112	24	236	60.10
112	24	280	34.80
112	24	296	50.58
112	24	333	25.41
112	24	356	54.77
112	24	361	43.13
112	24	362	26.66
112	24	366	44.97
112	24,45	1	65.99
112	24,45	24	62.82
112	24,45	32	41.96
112	24,45	58	31.46
112	24,45	176	60.03
112	24,45	200	57.20
112	24,45	280	49.46
112	24,45	333	39.42
112	24,45	362	40.56
112	24,45	366	58.93
112	25	1	47.83
112	25	24	51.32
112	25	40	43.07
112	25	41	44.58
112	25	52	59.10
112	25	54	34.94
112	25	58	18.70
112	25	62	27.79
112	25	73	35.01
112	25	109	21.48
112	25	141	70.75
112	25	176	40.34
112	25	208	33.62
112	25	276	56.00
112	25	280	29.55
112	25	296	45.27
112	25	356	47.41
112	25	361	39.42
112	25	362	20.87
112	25	367	46.48
112	25	386	28.80
112	25,33	62	37.49
112	25,33	141	81.68
112	25,33	386	37.69
112	25,38	62	41.30
112	25,38	141	86.31
112	25,38	386	41.39
112	26	10	30.76
112	26	12	42.08
112	26	15	16.96
112	26	19	41.96
112	26	42	48.59
112	26	80	32.70
112	26	113	20.21
112	26	137	48.37
112	26	146	21.55
112	26	149	24.17
112	26	150	19.31
112	26	183	47.87
112	26	191	31.25
112	26	214	18.68
112	26	217	35.86
112	26	218	42.37
112	26	219	33.77
112	26	235	37.72
112	26	242	39.39
112	26	257	22.49
112	26	260	31.92
112	26	274	37.85
112	26	275	27.49
112	26	288	21.10
112	26	310	35.27
112	26	340	21.31
112	26	365	28.15
112	26	372	19.99
112	26	382	30.14
112	26	387	46.01
112	27	23	30.66
112	27	63	26.00
112	27	79	57.25
112	27	93	32.85
112	27	99	47.18
112	27	169	44.15
112	27	240	48.37
112	27	261	70.68
112	27	305	54.41
112	27	318	47.66
112	27	327	26.99
112	27	334	62.93
112	27,29	23	45.44
112	27,29	63	43.66
112	27,29	79	73.93
112	27,29	93	50.15
112	27,29	169	54.97
112	27,29	305	67.21
112	27,29	318	59.01
112	27,29	327	43.48
112	28	23	28.66
112	28	33	31.45
112	28	34	12.49
112	28	35	11.35
112	28	63	13.55
112	28	67	10.51
112	28	93	22.06
112	28	96	16.41
112	28	99	32.56
112	28	131	51.99
112	28	136	37.82
112	28	142	44.83
112	28	160	37.37
112	28	161	17.65
112	28	169	36.35
112	28	184	39.93
112	28	226	57.63
112	28	234	15.38
112	28	238	33.63
112	28	253	41.79
112	28	259	11.63
112	28	262	40.00
112	28	268	19.07
112	28	271	36.15
112	28	279	53.68
112	28	281	17.92
112	28	283	13.25
112	28	284	14.54
112	28	301	43.39
112	28	312	17.55
112	28	313	45.82
112	28	327	17.70
112	28	338	8.93
112	28	353	14.42
112	28	377	36.27
112	28	393	42.48
112	28,29	23	37.06
112	28,29	63	39.24
112	28,29	93	48.15
112	28,29	169	58.04
112	28,29	327	41.85
112	29	23	27.27
112	29	63	23.14
112	29	79	56.04
112	29	93	28.63
112	29	99	44.70
112	29	169	42.25
112	29	240	45.89
112	29	261	68.73
112	29	305	51.65
112	29	318	45.35
112	29	327	23.94
112	29	334	60.08
112	29,43	23	45.66
112	29,43	63	43.82
112	29,43	93	49.92
112	29,43	169	61.01
112	29,43	327	43.68
112	29,44	23	37.54
112	29,44	63	37.17
112	29,44	79	74.41
112	29,44	93	40.25
112	29,44	169	56.75
112	29,44	327	36.70
112	30	3	13.76
112	30	28	12.35
112	30	49	33.73
112	30	53	27.18
112	30	69	13.31
112	30	91	12.75
112	30	95	47.38
112	30	103	24.56
112	30	107	16.25
112	30	130	31.54
112	30	145	43.93
112	30	178	45.87
112	30	182	30.93
112	30	185	41.48
112	30	197	13.28
112	30	198	22.58
112	30	204	10.86
112	30	205	26.66
112	30	207	16.79
112	30	209	10.79
112	30	223	29.73
112	30	232	14.20
112	30	239	13.35
112	30	265	37.69
112	30	270	63.61
112	30	304	44.83
112	30	309	13.28
112	30	317	19.65
112	30	320	35.59
112	30	322	21.89
112	30	336	50.08
112	30	348	13.34
112	30	350	15.30
112	30	383	12.56
112	30	391	13.56
112	30	394	14.37
112	30	400	12.25
112	30	401	13.39
112	30	406	22.46
112	30	412	12.17
112	30	413	39.94
112	30	414	12.20
112	31	32	31.35
112	31	37	48.75
112	31	76	41.20
112	31	236	59.49
112	31	333	19.52
112	32	4	26.89
112	32	13	16.96
112	32	16	18.28
112	32	25	14.51
112	32	29	12.48
112	32	30	30.97
112	32	31	15.08
112	32	38	34.20
112	32	46	32.69
112	32	61	11.38
112	32	72	37.66
112	32	75	40.55
112	32	81	14.46
112	32	112	28.07
112	32	114	46.83
112	32	117	52.17
112	32	134	15.39
112	32	159	12.54
112	32	165	13.06
112	32	180	23.37
112	32	192	15.52
112	32	194	14.83
112	32	233	14.28
112	32	245	28.23
112	32	248	19.65
112	32	273	48.41
112	32	286	32.85
112	32	299	19.79
112	32	300	18.42
112	32	302	14.06
112	32	325	13.85
112	32	326	12.77
112	32	364	25.06
112	32	370	38.30
112	32	385	14.27
112	32	399	41.69
112	32	403	14.63
112	32	407	27.82
112	32	408	27.61
112	32,40	4	36.41
112	32,40	16	27.70
112	32,40	25	24.15
112	32,40	29	22.72
112	32,40	30	41.89
112	32,40	31	25.00
112	32,40	38	43.66
112	32,40	61	21.48
112	32,40	72	46.39
112	32,40	81	24.51
112	32,40	112	36.94
112	32,40	134	25.25
112	32,40	159	23.06
112	32,40	165	23.17
112	32,40	180	35.31
112	32,40	192	26.63
112	32,40	194	24.48
112	32,40	233	24.73
112	32,40	245	39.34
112	32,40	248	30.77
112	32,40	299	28.28
112	32,40	300	28.24
112	32,40	302	22.77
112	32,40	325	23.24
112	32,40	326	23.20
112	32,40	364	36.52
112	32,40	370	47.63
112	32,40	385	24.30
112	32,40	399	51.08
112	32,40	403	25.41
112	32,40	407	37.17
112	32,40	408	37.77
112	32,47	4	36.14
112	32,47	25	25.83
112	32,47	29	24.83
112	32,47	30	43.52
112	32,47	31	26.69
112	32,47	38	45.52
112	32,47	61	23.62
112	32,47	72	47.90
112	32,47	81	26.18
112	32,47	112	38.35
112	32,47	134	24.56
112	32,47	159	24.20
112	32,47	165	25.06
112	32,47	180	35.93
112	32,47	192	28.69
112	32,47	194	26.17
112	32,47	233	26.68
112	32,47	245	40.14
112	32,47	248	30.72
112	32,47	299	28.66
112	32,47	300	30.24
112	32,47	302	23.17
112	32,47	325	24.90
112	32,47	326	24.77
112	32,47	364	36.51
112	32,47	370	47.76
112	32,47	385	26.08
112	32,47	399	52.76
112	32,47	403	26.23
112	32,47	407	36.76
112	33	20	17.00
112	33	27	35.28
112	33	36	29.24
112	33	43	49.03
112	33	45	31.66
112	33	52	48.34
112	33	62	23.82
112	33	77	36.79
112	33	89	16.31
112	33	139	48.85
112	33	141	65.83
112	33	151	39.66
112	33	163	31.80
112	33	278	31.96
112	33	290	22.56
112	33	303	36.96
112	33	307	31.01
112	33	311	42.10
112	33	324	11.24
112	33	342	56.14
112	33	352	34.10
112	33	374	51.73
112	33	386	26.73
112	34	9	31.37
112	34	14	35.55
112	34	55	40.21
112	34	57	48.82
112	34	59	22.83
112	34	65	26.11
112	34	66	21.92
112	34	83	24.27
112	34	86	38.15
112	34	90	32.58
112	34	101	22.07
112	34	115	50.83
112	34	133	25.18
112	34	155	42.75
112	34	170	25.45
112	34	179	54.86
112	34	201	29.38
112	34	210	54.25
112	34	215	35.44
112	34	216	45.82
112	34	255	46.14
112	34	295	43.03
112	34	298	42.93
112	34	345	59.92
112	34	373	19.77
112	34	384	50.72
112	34	388	46.90
112	35	22	56.90
112	35	50	58.61
112	35	158	43.42
112	35	167	29.48
112	35	174	31.21
112	35	177	50.65
112	35	315	34.49
112	35	355	36.15
112	36	47	51.96
112	36	88	46.15
112	36	97	30.37
112	36	123	45.11
112	36	126	43.01
112	36	195	68.31
112	36	198	35.37
112	36	207	28.79
112	36	240	52.39
112	36	328	27.28
112	36	336	63.75
112	36	354	23.94
112	36	396	61.75
112	36,41	88	78.11
112	36,41	97	57.38
112	36,41	126	72.14
112	36,41	328	53.73
112	36,41	354	58.59
112	36,41	396	93.11
112	37	2	42.23
112	37	6	50.20
112	37	47	58.39
112	37	48	54.72
112	37	88	44.76
112	37	97	27.94
112	37	121	42.04
112	37	123	47.48
112	37	126	47.68
112	37	181	38.58
112	37	193	25.77
112	37	195	68.31
112	37	237	55.59
112	37	240	50.28
112	37	258	68.25
112	37	261	71.28
112	37	292	21.62
112	37	328	28.90
112	37	354	28.21
112	37	396	60.82
112	37,46	2	60.80
112	37,46	6	71.96
112	37,46	88	65.69
112	37,46	97	48.41
112	37,46	121	64.04
112	37,46	126	72.17
112	37,46	181	62.96
112	37,46	193	46.35
112	37,46	258	88.96
112	37,46	292	42.28
112	37,46	328	47.66
112	37,46	354	51.94
112	37,46	396	87.21
112	38	20	23.42
112	38	27	40.18
112	38	36	33.25
112	38	43	52.39
112	38	45	36.70
112	38	52	51.89
112	38	62	27.77
112	38	77	40.70
112	38	89	20.24
112	38	139	53.61
112	38	141	70.83
112	38	151	43.59
112	38	163	49.31
112	38	278	38.18
112	38	290	24.77
112	38	303	41.55
112	38	307	35.34
112	38	311	36.66
112	38	324	17.48
112	38	342	60.63
112	38	352	38.87
112	38	374	56.13
112	38	386	30.44
112	38	415	51.62
112	39	56	29.73
112	39	60	52.80
112	39	84	38.51
112	39	118	21.99
112	39	138	41.69
112	39	147	51.73
112	39	154	50.42
112	39	166	39.42
112	39	199	29.87
112	39	241	34.73
112	39	272	46.39
112	39	358	22.07
112	40	4	28.49
112	40	16	19.97
112	40	25	16.77
112	40	29	14.96
112	40	30	33.96
112	40	31	17.32
112	40	38	36.15
112	40	46	34.68
112	40	61	14.01
112	40	72	39.23
112	40	75	42.23
112	40	78	21.38
112	40	81	16.77
112	40	112	29.52
112	40	114	50.25
112	40	117	53.83
112	40	134	17.45
112	40	153	30.39
112	40	159	16.00
112	40	165	15.99
112	40	180	26.85
112	40	192	18.75
112	40	194	17.10
112	40	227	36.92
112	40	233	16.94
112	40	245	31.75
112	40	248	22.59
112	40	286	36.42
112	40	299	21.14
112	40	300	20.52
112	40	302	15.42
112	40	325	15.34
112	40	326	15.62
112	40	364	28.25
112	40	370	39.94
112	40	385	16.83
112	40	399	43.44
112	40	403	18.00
112	40	407	29.99
112	40	408	30.15
112	41	2	50.15
112	41	47	43.08
112	41	48	55.46
112	41	88	48.92
112	41	97	33.49
112	41	123	51.58
112	41	126	48.54
112	41	182	38.45
112	41	195	71.11
112	41	240	55.38
112	41	292	27.20
112	41	328	30.37
112	41	354	28.82
112	41	376	59.28
112	41	396	64.42
112	41,42	88	62.69
112	41,42	97	46.56
112	41,42	126	60.99
112	41,42	182	51.21
112	41,42	354	45.17
112	42	88	43.11
112	42	93	32.87
112	42	97	27.01
112	42	123	46.59
112	42	126	45.97
112	42	182	30.46
112	42	195	65.00
112	42	240	48.17
112	42	261	67.89
112	42	305	54.48
112	42	318	47.79
112	42	334	57.48
112	42	336	61.08
112	42	354	27.44
112	42,48	182	41.15
112	42,48	305	66.01
112	42,48	318	58.46
112	43	23	37.54
112	43	35	22.28
112	43	63	24.65
112	43	93	33.68
112	43	96	26.38
112	43	99	42.61
112	43	131	61.77
112	43	142	58.99
112	43	160	47.06
112	43	161	28.28
112	43	169	44.66
112	43	184	49.56
112	43	234	24.65
112	43	253	50.83
112	43	262	55.85
112	43	279	63.35
112	43	283	24.32
112	43	327	27.97
112	43	353	26.32
112	43	377	46.07
112	44	23	27.11
112	44	34	19.04
112	44	35	16.66
112	44	63	16.07
112	44	67	15.25
112	44	79	53.17
112	44	93	19.97
112	44	99	37.10
112	44	120	42.83
112	44	136	42.97
112	44	152	17.37
112	44	160	38.87
112	44	161	19.04
112	44	169	38.93
112	44	230	13.51
112	44	234	17.21
112	44	238	41.52
112	44	259	16.51
112	44	261	68.15
112	44	262	38.48
112	44	268	18.08
112	44	284	14.04
112	44	301	44.90
112	44	312	13.77
112	44	313	38.28
112	44	327	16.85
112	44	334	54.18
112	44	338	15.21
112	44	349	33.52
112	44	369	21.93
112	44	405	43.34
112	45	1	53.45
112	45	24	50.65
112	45	32	29.93
112	45	37	56.10
112	45	58	19.04
112	45	74	56.01
112	45	76	48.48
112	45	176	47.55
112	45	200	44.83
112	45	236	61.49
112	45	280	36.21
112	45	296	51.28
112	45	333	26.86
112	45	356	55.68
112	45	361	44.55
112	45	362	28.08
112	45	366	46.41
112	46	2	34.72
112	46	6	50.00
112	46	39	56.00
112	46	47	58.23
112	46	48	54.52
112	46	88	44.58
112	46	97	27.76
112	46	121	41.86
112	46	123	47.30
112	46	126	47.51
112	46	181	38.42
112	46	193	25.61
112	46	195	68.14
112	46	237	55.37
112	46	240	50.13
112	46	258	68.06
112	46	261	71.14
112	46	292	21.44
112	46	328	28.75
112	46	354	28.00
112	46	396	60.63
112	47	4	24.86
112	47	25	14.48
112	47	29	12.90
112	47	30	31.08
112	47	31	15.01
112	47	38	33.27
112	47	46	29.68
112	47	61	12.17
112	47	72	37.06
112	47	78	18.72
112	47	81	14.52
112	47	102	36.23
112	47	112	27.31
112	47	114	46.49
112	47	117	50.54
112	47	134	12.66
112	47	159	12.72
112	47	165	13.51
112	47	180	23.89
112	47	192	14.99
112	47	194	14.72
112	47	229	32.45
112	47	233	14.32
112	47	245	27.92
112	47	248	19.35
112	47	286	34.07
112	47	299	17.72
112	47	300	17.65
112	47	302	11.82
112	47	323	13.56
112	47	325	12.20
112	47	326	13.37
112	47	364	24.66
112	47	370	35.80
112	47	385	14.27
112	47	399	40.89
112	47	403	14.41
112	47	407	24.89
112	48	3	15.35
112	48	28	13.77
112	48	49	33.11
112	48	53	30.76
112	48	68	51.46
112	48	69	14.10
112	48	91	11.30
112	48	95	51.18
112	48	103	25.99
112	48	107	18.63
112	48	124	51.82
112	48	130	32.92
112	48	145	47.68
112	48	178	47.38
112	48	182	32.01
112	48	185	44.01
112	48	186	43.20
112	48	189	22.41
112	48	198	24.51
112	48	204	12.23
112	48	205	28.10
112	48	209	14.76
112	48	223	26.96
112	48	232	11.87
112	48	239	13.20
112	48	265	40.58
112	48	270	65.44
112	48	293	16.20
112	48	304	44.73
112	48	305	49.20
112	48	309	14.06
112	48	317	24.28
112	48	318	43.61
112	48	320	39.34
112	48	322	26.63
112	48	336	50.54
112	48	343	39.58
112	48	348	14.11
112	48	350	11.70
112	48	357	23.58
112	48	383	13.23
112	48	389	24.38
112	48	391	14.07
112	48	394	18.52
112	48	400	11.07
112	48	401	11.93
112	48	406	24.37
112	48	414	13.08
