Task=54 Orders=50 Vehicles=370 Scores=2134
54	1	38	16.00
54	1	41	24.58
54	1	54	30.24
54	1	56	40.94
54	1	69	45.97
54	1	70	45.69
54	1	82	34.34
54	1	100	62.94
54	1	101	35.11
54	1	102	21.65
54	1	121	37.41
54	1	164	34.54
54	1	171	38.96
54	1	180	28.80
54	1	204	33.82
54	1	219	54.38
54	1	239	30.44
54	1	250	41.86
54	1	264	23.59
54	1	278	46.15
54	1	288	33.28
54	1	294	15.34
54	1	295	24.39
54	1	299	37.39
54	1	311	42.23
54	1	322	35.15
54	1	329	24.68
54	1	330	29.24
54	1	355	46.11
54	1	364	27.06
54	1,3	38	34.86
54	1,3	41	44.58
54	1,3	56	58.73
54	1,3	82	51.77
54	1,3	101	52.44
54	1,3	102	41.45
54	1,3	121	53.72
54	1,3	171	56.39
54	1,3	239	47.76
54	1,3	250	58.83
54	1,3	264	42.06
54	1,3	278	63.65
54	1,3	288	51.00
54	1,3	294	34.87
54	1,3	295	46.08
54	1,3	299	54.54
54	1,3	311	59.68
54	1,3	329	42.39
54	1,3	330	45.52
54	1,3	364	44.77
54	2	7	51.21
54	2	26	60.39
54	2	34	38.39
54	2	43	37.92
54	2	46	46.41
54	2	73	62.77
54	2	74	63.20
54	2	118	36.80
54	2	181	47.39
54	2	220	37.07
54	2	279	58.86
54	2	325	44.48
54	2	344	42.76
54	2,13	7	68.32
54	2,13	26	73.99
54	2,13	34	49.80
54	2,13	43	65.23
54	2,13	46	59.56
54	2,13	73	74.35
54	2,13	118	48.77
54	2,13	181	65.06
54	2,13	220	52.83
54	2,13	279	73.10
54	2,13	344	55.14
54	2,14	7	60.97
54	2,14	34	47.80
54	2,14	43	47.73
54	2,14	46	55.27
54	2,14	73	70.87
54	2,14	118	46.10
54	2,14	181	57.72
54	2,14	220	46.86
54	2,14	279	68.55
54	2,14	325	53.72
54	2,14	344	52.42
54	2,20	181	74.28
54	2,20	344	67.11
54	2,22	7	64.15
54	2,22	34	52.39
54	2,22	43	51.66
54	2,22	46	59.63
54	2,22	73	75.20
54	2,22	118	50.66
54	2,22	181	65.03
54	2,22	220	51.39
54	2,22	279	71.72
54	2,22	325	58.17
54	2,22	344	57.00
54	2,28	7	75.96
54	2,28	34	61.61
54	2,28	43	60.56
54	2,28	46	67.46
54	2,28	73	89.45
54	2,28	118	59.76
54	2,28	181	74.61
54	2,28	220	60.39
54	2,28	279	86.06
54	2,28	325	66.55
54	2,28	344	66.20
54	2,31	7	67.48
54	2,31	34	53.61
54	2,31	43	48.30
54	2,31	46	60.14
54	2,31	73	80.87
54	2,31	118	51.80
54	2,31	181	64.28
54	2,31	220	52.51
54	2,31	279	73.82
54	2,31	325	58.96
54	2,31	344	58.23
54	2,50	43	54.69
54	2,50	73	78.87
54	2,50	118	55.06
54	2,50	181	65.54
54	2,50	279	81.69
54	2,50	344	61.46
54	3	5	46.41
54	3	38	22.93
54	3	41	32.54
54	3	56	48.72
54	3	82	40.89
54	3	100	67.75
54	3	101	42.90
54	3	102	27.10
54	3	104	67.72
54	3	121	43.44
54	3	131	25.86
54	3	171	47.27
54	3	189	50.03
54	3	192	49.85
54	3	204	36.76
54	3	219	59.38
54	3	226	20.52
54	3	239	36.34
54	3	250	50.89
54	3	264	28.28
54	3	278	50.49
54	3	280	40.70
54	3	288	42.65
54	3	289	64.59
54	3	294	22.85
54	3	295	35.10
54	3	299	46.65
54	3	309	50.21
54	3	311	47.66
54	3	313	41.31
54	3	322	41.62
54	3	329	31.37
54	3	330	35.76
54	3	337	48.62
54	3	355	52.30
54	3	364	36.49
54	3,34	41	58.00
54	3,34	56	63.65
54	3,34	82	63.59
54	3,34	101	65.41
54	3,34	102	54.86
54	3,34	121	63.73
54	3,34	171	68.93
54	3,34	189	70.94
54	3,34	192	68.03
54	3,34	239	56.08
54	3,34	250	70.45
54	3,34	264	50.44
54	3,34	278	72.37
54	3,34	280	58.49
54	3,34	288	63.94
54	3,34	295	58.66
54	3,34	299	65.69
54	3,34	309	72.90
54	3,34	311	62.03
54	3,34	329	55.44
54	3,34	337	69.41
54	3,34	364	57.70
54	4	11	28.93
54	4	24	69.89
54	4	37	32.14
54	4	42	56.59
54	4	98	38.15
54	4	103	37.32
54	4	106	27.75
54	4	119	38.06
54	4	134	30.66
54	4	140	39.76
54	4	143	39.73
54	4	155	43.41
54	4	176	55.35
54	4	208	46.31
54	4	245	25.99
54	4	251	67.70
54	4	263	48.61
54	4	284	51.17
54	4	296	36.27
54	4	343	23.14
54	4,8	24	89.69
54	4,8	37	45.49
54	4,8	134	44.66
54	4,8	140	57.06
54	4,8	263	61.55
54	4,8	343	36.58
54	4,19	11	39.68
54	4,19	24	80.04
54	4,19	37	41.23
54	4,19	103	46.39
54	4,19	134	40.20
54	4,19	140	49.63
54	4,19	143	57.11
54	4,19	208	56.34
54	4,19	245	36.92
54	4,19	263	58.28
54	4,19	343	32.37
54	4,21	24	90.99
54	4,21	103	53.34
54	4,21	134	48.15
54	4,21	143	55.13
54	4,21	208	64.38
54	4,21	245	45.58
54	4,21	343	39.68
54	5	15	21.90
54	5	35	29.08
54	5	43	45.28
54	5	73	58.56
54	5	118	37.08
54	5	125	62.66
54	5	135	67.56
54	5	150	47.39
54	5	178	74.03
54	5	181	37.52
54	5	255	42.14
54	5	279	57.62
54	5	287	28.45
54	5	318	60.31
54	5	344	46.72
54	5,13	43	64.63
54	5,13	73	70.32
54	5,13	118	49.97
54	5,13	181	60.34
54	5,13	279	69.83
54	5,13	287	41.18
54	5,13	344	56.35
54	5,16	15	42.65
54	5,16	35	55.01
54	5,16	43	68.25
54	5,16	73	79.72
54	5,16	150	70.83
54	5,16	178	96.77
54	5,16	181	70.34
54	5,16	255	66.35
54	5,16	279	79.65
54	5,16	318	81.20
54	5,16	344	69.61
54	5,20	15	30.44
54	5,20	35	41.38
54	5,20	150	53.32
54	5,20	178	81.83
54	5,20	181	68.17
54	5,20	255	48.39
54	5,20	318	66.35
54	5,20	344	56.70
54	5,29	15	29.79
54	5,29	43	62.77
54	5,29	73	66.77
54	5,29	118	45.11
54	5,29	181	57.18
54	5,29	279	72.68
54	5,29	318	68.45
54	5,29	344	61.01
54	5,38	15	34.06
54	5,38	35	41.83
54	5,38	43	56.63
54	5,38	73	68.83
54	5,38	118	47.70
54	5,38	150	58.15
54	5,38	181	67.49
54	5,38	279	68.32
54	5,38	287	40.21
54	5,38	318	69.75
54	5,38	344	56.72
54	5,41	15	34.58
54	5,41	35	46.07
54	5,41	43	60.15
54	5,41	150	63.04
54	5,41	178	88.06
54	5,41	181	65.90
54	5,41	255	56.68
54	5,41	279	71.39
54	5,41	287	42.59
54	5,41	318	73.04
54	5,41	344	61.70
54	6	4	43.21
54	6	12	12.42
54	6	19	34.55
54	6	23	15.34
54	6	25	11.21
54	6	33	47.52
54	6	40	20.38
54	6	44	42.38
54	6	47	28.82
54	6	62	37.01
54	6	68	14.92
54	6	95	15.69
54	6	97	35.77
54	6	105	13.86
54	6	109	38.18
54	6	115	46.58
54	6	129	12.17
54	6	139	11.49
54	6	148	47.51
54	6	151	19.41
54	6	169	27.49
54	6	170	41.69
54	6	174	18.13
54	6	198	35.42
54	6	203	44.41
54	6	206	29.48
54	6	209	45.77
54	6	215	14.28
54	6	225	36.49
54	6	227	44.63
54	6	254	26.15
54	6	268	27.35
54	6	270	56.65
54	6	273	43.38
54	6	274	21.94
54	6	282	21.39
54	6	298	32.42
54	6	301	14.86
54	6	316	37.03
54	6	327	27.65
54	6	336	13.07
54	6	342	12.44
54	6	354	13.97
54	6	357	23.46
54	6,24	12	38.61
54	6,24	19	59.87
54	6,24	23	41.76
54	6,24	47	58.41
54	6,24	62	61.32
54	6,24	68	42.28
54	6,24	95	39.96
54	6,24	97	62.99
54	6,24	115	72.79
54	6,24	129	38.03
54	6,24	139	40.13
54	6,24	148	74.21
54	6,24	169	50.89
54	6,24	170	68.62
54	6,24	215	42.21
54	6,24	268	55.51
54	6,24	273	68.14
54	6,24	336	37.30
54	6,40	12	30.15
54	6,40	19	51.92
54	6,40	23	33.21
54	6,40	25	29.93
54	6,40	40	37.20
54	6,40	47	48.65
54	6,40	62	53.56
54	6,40	68	33.15
54	6,40	95	32.25
54	6,40	97	53.79
54	6,40	105	31.45
54	6,40	109	56.39
54	6,40	115	64.39
54	6,40	129	29.17
54	6,40	139	30.42
54	6,40	148	65.54
54	6,40	151	37.69
54	6,40	169	43.59
54	6,40	170	59.59
54	6,40	174	39.20
54	6,40	206	47.70
54	6,40	215	32.93
54	6,40	225	55.17
54	6,40	254	43.45
54	6,40	268	41.55
54	6,40	273	60.11
54	6,40	274	41.07
54	6,40	282	38.83
54	6,40	298	51.62
54	6,40	301	36.48
54	6,40	327	46.06
54	6,40	336	29.58
54	6,40	342	30.31
54	6,40	354	31.85
54	6,40	357	41.35
54	7	13	28.07
54	7	27	40.69
54	7	45	48.77
54	7	72	53.85
54	7	86	32.72
54	7	126	43.66
54	7	133	52.31
54	7	167	59.75
54	7	189	48.23
54	7	212	59.66
54	7	319	49.62
54	7,33	13	50.80
54	7,33	45	76.38
54	7,33	86	58.39
54	7,33	126	69.61
54	7,33	189	69.75
54	7,33	212	91.18
54	7,37	13	45.18
54	7,37	27	70.03
54	7,37	45	68.73
54	7,37	86	52.03
54	7,37	126	62.63
54	7,37	133	72.06
54	7,37	189	69.32
54	7,37	212	81.82
54	8	16	24.00
54	8	20	20.96
54	8	21	53.76
54	8	24	63.68
54	8	31	47.48
54	8	32	25.56
54	8	37	27.55
54	8	58	42.52
54	8	64	30.87
54	8	65	16.49
54	8	107	39.18
54	8	112	41.03
54	8	114	41.37
54	8	122	17.63
54	8	128	38.54
54	8	134	22.42
54	8	140	29.62
54	8	154	40.42
54	8	163	15.58
54	8	172	16.76
54	8	173	29.79
54	8	184	26.83
54	8	185	27.66
54	8	191	21.82
54	8	193	33.76
54	8	216	49.37
54	8	221	50.56
54	8	223	40.08
54	8	242	28.58
54	8	251	64.82
54	8	263	36.85
54	8	275	22.68
54	8	277	34.77
54	8	292	37.46
54	8	297	46.79
54	8	323	44.92
54	8	332	29.66
54	8	343	15.59
54	8	346	30.10
54	8	349	16.24
54	8	351	36.17
54	8	360	53.96
54	8	363	29.34
54	9	43	27.59
54	9	46	32.69
54	9	48	34.68
54	9	57	11.41
54	9	73	48.10
54	9	74	50.96
54	9	78	19.83
54	9	118	26.66
54	9	157	29.65
54	9	164	36.44
54	9	181	30.87
54	9	186	30.77
54	9	192	38.90
54	9	199	16.31
54	9	219	55.31
54	9	220	21.35
54	9	230	35.90
54	9	279	44.10
54	9	314	21.89
54	9	322	28.46
54	9	325	30.06
54	9	334	17.77
54	9	338	18.45
54	9	344	32.52
54	9	345	12.24
54	9	366	26.06
54	9	369	35.27
54	9,38	43	56.23
54	9,38	73	74.58
54	9,38	118	43.07
54	9,38	181	49.31
54	9,38	279	71.11
54	9,38	344	60.94
54	10	15	22.65
54	10	27	41.94
54	10	125	65.28
54	10	133	51.07
54	10	135	68.65
54	10	178	62.92
54	10	255	39.06
54	10	318	58.13
54	10,20	15	39.80
54	10,20	178	88.18
54	10,20	255	60.83
54	10,20	318	76.52
54	10,22	15	46.94
54	10,30	15	47.24
54	10,30	178	86.15
54	10,30	255	48.96
54	10,30	318	67.61
54	11	2	28.56
54	11	14	36.58
54	11	39	17.54
54	11	61	43.38
54	11	84	23.82
54	11	104	69.75
54	11	120	27.13
54	11	124	25.54
54	11	132	43.10
54	11	136	50.99
54	11	137	34.06
54	11	141	24.79
54	11	160	41.06
54	11	165	41.85
54	11	175	31.41
54	11	183	39.01
54	11	224	43.66
54	11	253	49.24
54	11	290	27.70
54	11	306	53.76
54	11	313	37.77
54	11	326	50.34
54	11	331	44.21
54	11	341	35.80
54	11	358	46.79
54	11	370	46.96
54	11,23	2	44.17
54	11,23	14	51.80
54	11,23	39	32.32
54	11,23	61	58.97
54	11,23	84	38.86
54	11,23	120	42.25
54	11,23	124	43.55
54	11,23	132	57.92
54	11,23	136	73.07
54	11,23	137	49.85
54	11,23	141	40.62
54	11,23	175	47.01
54	11,23	183	55.00
54	11,23	224	59.80
54	11,23	253	64.17
54	11,23	290	43.00
54	11,23	306	69.49
54	11,23	326	66.13
54	11,23	341	51.59
54	11,23	358	62.62
54	11,23	370	62.15
54	11,46	39	34.10
54	11,46	124	52.18
54	11,46	175	51.45
54	11,46	183	59.24
54	11,46	224	63.73
54	11,46	253	63.04
54	11,46	290	46.73
54	11,46	306	74.01
54	11,46	313	52.27
54	11,46	326	69.59
54	11,46	341	55.52
54	11,46	358	66.28
54	12	8	30.76
54	12	18	30.73
54	12	22	42.25
54	12	53	30.54
54	12	59	46.73
54	12	63	33.54
54	12	76	46.75
54	12	90	31.97
54	12	123	25.55
54	12	145	48.20
54	12	152	33.18
54	12	177	44.76
54	12	188	41.87
54	12	200	76.72
54	12	205	25.56
54	12	228	34.96
54	12	232	46.69
54	12	233	37.24
54	12	237	26.13
54	12	243	23.99
54	12	244	49.03
54	12	259	49.01
54	12	272	34.23
54	12	291	31.65
54	12	328	35.55
54	12	339	40.59
54	12	350	43.87
54	12	356	36.24
54	12	367	36.99
54	12,18	76	63.77
54	12,18	177	70.10
54	12,18	188	64.86
54	12,35	8	45.93
54	12,35	18	46.03
54	12,35	22	59.06
54	12,35	53	47.07
54	12,35	59	62.44
54	12,35	63	48.63
54	12,35	76	62.18
54	12,35	90	48.13
54	12,35	123	40.56
54	12,35	152	48.61
54	12,35	177	60.49
54	12,35	188	67.82
54	12,35	205	41.55
54	12,35	228	50.01
54	12,35	232	64.61
54	12,35	233	52.69
54	12,35	237	40.59
54	12,35	243	39.66
54	12,35	244	63.56
54	12,35	259	65.24
54	12,35	272	50.30
54	12,35	291	48.42
54	12,35	328	51.20
54	12,35	339	56.24
54	12,35	350	59.55
54	12,35	356	52.21
54	12,36	22	56.06
54	12,36	76	57.01
54	12,36	177	59.11
54	12,36	188	53.11
54	13	7	48.49
54	13	26	55.80
54	13	34	31.18
54	13	43	37.82
54	13	46	42.75
54	13	66	27.87
54	13	73	56.63
54	13	108	51.08
54	13	118	30.37
54	13	181	37.85
54	13	187	35.18
54	13	190	57.97
54	13	218	44.58
54	13	220	34.03
54	13	279	54.89
54	13	287	24.11
54	13	344	36.28
54	13,22	7	74.24
54	13,22	34	55.25
54	13,22	43	64.73
54	13,22	46	64.49
54	13,22	73	79.52
54	13,22	118	54.17
54	13,22	181	63.79
54	13,22	220	58.20
54	13,22	279	78.27
54	13,22	344	60.59
54	13,31	7	56.49
54	13,31	34	39.03
54	13,31	43	50.61
54	13,31	46	50.13
54	13,31	73	64.35
54	13,31	118	38.11
54	13,31	181	47.79
54	13,31	220	42.27
54	13,31	279	63.06
54	13,31	344	44.38
54	13,38	34	50.49
54	13,38	43	56.77
54	13,38	66	43.32
54	13,38	73	72.68
54	13,38	118	49.00
54	13,38	181	60.25
54	13,38	187	53.21
54	13,38	279	72.32
54	13,38	287	41.52
54	13,38	344	55.83
54	14	7	44.37
54	14	34	32.69
54	14	43	34.72
54	14	46	40.06
54	14	73	54.80
54	14	74	58.34
54	14	78	25.63
54	14	91	40.76
54	14	96	32.83
54	14	118	32.01
54	14	157	36.70
54	14	181	41.90
54	14	186	35.07
54	14	220	30.93
54	14	222	16.56
54	14	230	42.69
54	14	265	28.59
54	14	279	53.04
54	14	325	38.92
54	14	334	24.72
54	14	344	37.94
54	14	345	18.13
54	14,22	7	60.15
54	14,22	34	57.15
54	14,22	43	61.61
54	14,22	46	62.13
54	14,22	73	78.04
54	14,22	118	56.20
54	14,22	181	58.55
54	14,22	220	55.48
54	14,22	279	76.77
54	14,22	325	62.08
54	14,22	344	62.65
54	14,31	7	66.18
54	14,31	34	52.97
54	14,31	43	56.20
54	14,31	46	58.20
54	14,31	73	74.00
54	14,31	78	47.34
54	14,31	91	61.59
54	14,31	96	55.23
54	14,31	118	52.03
54	14,31	157	62.39
54	14,31	181	64.00
54	14,31	186	57.23
54	14,31	220	51.32
54	14,31	222	34.28
54	14,31	230	64.11
54	14,31	265	49.03
54	14,31	279	72.75
54	14,31	325	58.06
54	14,31	334	49.03
54	14,31	344	58.46
54	14,31	345	42.41
54	15	5	49.07
54	15	82	42.42
54	15	86	39.20
54	15	100	57.51
54	15	101	47.72
54	15	104	70.58
54	15	189	50.63
54	15	212	64.35
54	15	219	59.97
54	15	253	46.14
54	15	278	50.76
54	15	306	59.32
54	15	311	48.27
54	15	313	41.61
54	15	355	55.72
54	15,45	86	60.97
54	15,45	189	77.44
54	15,45	212	79.20
54	15,45	313	55.83
54	16	15	24.08
54	16	35	32.07
54	16	43	47.79
54	16	57	28.55
54	16	73	59.65
54	16	125	68.17
54	16	135	69.62
54	16	150	49.45
54	16	178	75.51
54	16	181	55.38
54	16	255	43.10
54	16	279	59.07
54	16	318	61.39
54	16	344	48.15
54	16,20	15	42.66
54	16,20	35	56.17
54	16,20	150	64.21
54	16,20	178	94.00
54	16,20	181	76.14
54	16,20	255	63.99
54	16,20	318	77.66
54	16,20	344	70.56
54	16,28	15	50.45
54	16,28	43	60.68
54	16,28	57	41.90
54	16,28	73	76.99
54	16,28	181	67.97
54	16,28	279	73.51
54	16,28	344	59.90
54	16,38	15	44.89
54	16,38	35	57.80
54	16,38	43	70.66
54	16,38	73	82.11
54	16,38	150	73.38
54	16,38	181	68.93
54	16,38	279	82.06
54	16,38	318	83.56
54	16,38	344	72.18
54	16,41	15	33.21
54	16,41	35	42.82
54	16,41	43	57.79
54	16,41	150	59.49
54	16,41	178	85.38
54	16,41	181	66.35
54	16,41	255	53.28
54	16,41	279	69.08
54	16,41	318	70.89
54	16,41	344	58.03
54	16,43	15	35.20
54	16,43	43	68.68
54	16,43	73	71.55
54	16,43	181	70.38
54	16,43	279	71.44
54	16,43	344	65.65
54	17	21	56.77
54	17	31	51.15
54	17	37	36.89
54	17	85	21.37
54	17	107	41.61
54	17	112	43.83
54	17	114	52.39
54	17	122	29.14
54	17	128	48.08
54	17	154	52.42
54	17	163	27.52
54	17	184	32.13
54	17	191	25.51
54	17	223	47.35
54	17	242	34.77
54	17	324	41.32
54	17	349	25.80
54	17	360	53.41
54	17,19	37	49.41
54	17,19	122	44.49
54	17,19	128	63.13
54	17,19	154	71.62
54	17,19	163	41.61
54	17,19	184	46.15
54	17,19	223	57.34
54	17,19	242	48.54
54	17,19	349	44.82
54	18	9	20.56
54	18	10	19.65
54	18	29	21.07
54	18	36	58.61
54	18	51	23.89
54	18	67	43.75
54	18	75	26.32
54	18	76	40.62
54	18	77	21.32
54	18	79	37.79
54	18	81	21.55
54	18	87	22.04
54	18	92	19.58
54	18	94	55.63
54	18	117	36.41
54	18	142	50.85
54	18	149	44.62
54	18	153	50.68
54	18	158	19.87
54	18	177	45.31
54	18	182	50.41
54	18	188	36.72
54	18	196	39.13
54	18	211	32.68
54	18	213	48.15
54	18	231	41.18
54	18	248	42.35
54	18	249	53.24
54	18	266	18.76
54	18	269	23.59
54	18	271	50.44
54	18	303	27.65
54	18	304	42.58
54	18	307	19.32
54	18	308	42.18
54	18	335	39.25
54	18	340	46.01
54	18	368	17.48
54	18,21	29	38.18
54	18,21	51	45.58
54	18,21	77	38.20
54	18,21	87	38.52
54	18,21	92	41.07
54	18,21	117	54.21
54	18,21	153	70.04
54	18,21	196	57.11
54	18,21	231	60.01
54	18,21	248	62.31
54	18,21	304	57.04
54	18,21	308	65.83
54	18,21	340	62.73
54	18,36	9	36.89
54	18,36	10	36.54
54	18,36	51	42.83
54	18,36	76	55.83
54	18,36	92	36.28
54	18,36	117	52.15
54	18,36	149	57.28
54	18,36	153	66.25
54	18,36	158	34.68
54	18,36	177	58.32
54	18,36	188	48.39
54	18,36	196	55.03
54	18,36	211	52.17
54	18,36	213	65.37
54	18,36	231	55.82
54	18,36	248	54.65
54	18,36	249	67.21
54	18,36	266	34.10
54	18,36	271	64.38
54	18,36	303	40.34
54	18,36	307	35.37
54	18,36	308	58.20
54	18,36	335	53.97
54	18,36	368	33.76
54	19	11	26.35
54	19	24	63.38
54	19	29	19.63
54	19	37	30.11
54	19	77	20.38
54	19	87	19.01
54	19	103	34.58
54	19	114	48.07
54	19	122	23.48
54	19	128	42.94
54	19	134	20.41
54	19	138	22.62
54	19	140	31.99
54	19	143	37.86
54	19	144	59.23
54	19	154	42.28
54	19	163	21.83
54	19	184	32.51
54	19	208	39.79
54	19	221	56.68
54	19	223	32.52
54	19	242	31.07
54	19	245	20.11
54	19	251	63.70
54	19	263	41.61
54	19	310	52.13
54	19	340	42.39
54	19	343	14.61
54	19	349	16.77
54	19,21	24	84.87
54	19,21	29	33.56
54	19,21	77	33.61
54	19,21	87	33.83
54	19,21	103	49.39
54	19,21	134	37.14
54	19,21	138	38.72
54	19,21	143	50.66
54	19,21	184	50.21
54	19,21	208	57.08
54	19,21	223	53.55
54	19,21	242	48.39
54	19,21	245	37.44
54	19,21	310	69.30
54	19,21	340	59.44
54	19,21	343	29.94
54	19,21	349	33.65
54	20	15	20.70
54	20	35	30.35
54	20	125	60.30
54	20	135	66.77
54	20	150	35.89
54	20	178	71.11
54	20	181	51.55
54	20	255	37.15
54	20	318	56.14
54	20	344	45.96
54	20,29	15	28.28
54	20,29	181	67.54
54	20,29	318	63.96
54	20,29	344	60.55
54	20,30	15	39.25
54	20,30	35	51.49
54	20,30	150	67.21
54	20,30	178	91.68
54	20,30	255	55.51
54	20,30	318	72.42
54	20,38	15	33.00
54	20,38	35	44.76
54	20,38	150	54.96
54	20,38	181	64.07
54	20,38	318	69.10
54	20,38	344	59.70
54	20,41	15	34.66
54	20,41	35	47.31
54	20,41	150	59.92
54	20,41	178	86.77
54	20,41	181	73.31
54	20,41	255	53.92
54	20,41	318	70.93
54	20,41	344	61.72
54	21	24	61.75
54	21	29	21.04
54	21	36	54.79
54	21	51	25.89
54	21	52	72.42
54	21	67	49.49
54	21	71	44.66
54	21	77	21.37
54	21	87	21.00
54	21	92	23.59
54	21	103	38.01
54	21	117	37.08
54	21	134	27.31
54	21	138	24.75
54	21	143	41.66
54	21	144	61.44
54	21	153	52.82
54	21	162	47.48
54	21	184	37.61
54	21	196	40.42
54	21	208	45.93
54	21	210	29.25
54	21	221	61.72
54	21	223	34.41
54	21	231	43.90
54	21	242	35.99
54	21	245	23.55
54	21	248	47.34
54	21	251	67.76
54	21	302	55.08
54	21	304	42.14
54	21	308	48.30
54	21	310	56.25
54	21	340	48.11
54	21	343	18.25
54	21	349	22.35
54	22	7	49.77
54	22	15	27.01
54	22	34	39.00
54	22	43	33.04
54	22	46	46.31
54	22	57	26.23
54	22	73	63.00
54	22	74	64.18
54	22	118	36.82
54	22	181	49.65
54	22	220	35.44
54	22	279	58.66
54	22	325	43.66
54	22	344	42.23
54	22,29	7	58.76
54	22,29	15	34.73
54	22,29	34	51.01
54	22,29	43	62.87
54	22,29	46	55.45
54	22,29	57	36.51
54	22,29	73	70.20
54	22,29	118	47.51
54	22,29	181	62.35
54	22,29	220	45.10
54	22,29	279	68.01
54	22,29	325	51.17
54	22,29	344	55.66
54	22,30	15	48.10
54	23	2	29.75
54	23	14	37.41
54	23	30	46.75
54	23	38	26.07
54	23	39	19.59
54	23	61	44.18
54	23	84	25.44
54	23	88	31.75
54	23	100	69.42
54	23	104	70.86
54	23	120	28.65
54	23	124	25.31
54	23	132	44.63
54	23	136	59.54
54	23	137	35.08
54	23	141	26.65
54	23	160	41.35
54	23	175	32.59
54	23	179	47.59
54	23	180	45.63
54	23	183	40.77
54	23	224	45.44
54	23	226	21.89
54	23	229	41.39
54	23	238	59.08
54	23	246	23.52
54	23	252	37.48
54	23	253	50.77
54	23	258	35.55
54	23	285	51.75
54	23	290	29.96
54	23	294	27.32
54	23	306	54.90
54	23	312	51.23
54	23	317	37.68
54	23	320	25.34
54	23	326	51.63
54	23	331	45.08
54	23	341	35.90
54	23	358	48.38
54	23	370	48.01
54	23,25	14	59.79
54	23,25	39	40.90
54	23,25	88	41.14
54	23,25	124	41.01
54	23,25	132	65.30
54	23,25	141	44.54
54	23,25	179	68.65
54	23,25	183	49.85
54	23,25	224	54.39
54	23,25	246	52.68
54	23,25	258	46.51
54	23,25	290	51.52
54	23,25	312	61.97
54	23,25	320	49.66
54	23,25	326	61.56
54	23,25	370	69.59
54	23,46	39	31.39
54	23,46	124	43.34
54	23,46	175	46.79
54	23,46	183	55.70
54	23,46	224	60.03
54	23,46	253	60.32
54	23,46	290	44.31
54	23,46	306	69.25
54	23,46	326	66.32
54	23,46	341	50.34
54	23,46	358	63.00
54	24	12	28.93
54	24	19	37.04
54	24	23	28.58
54	24	33	59.55
54	24	47	44.46
54	24	62	49.62
54	24	68	30.06
54	24	95	26.66
54	24	97	52.10
54	24	115	60.48
54	24	129	27.10
54	24	139	28.49
54	24	148	60.08
54	24	169	40.76
54	24	170	56.55
54	24	198	48.08
54	24	203	55.25
54	24	209	56.61
54	24	215	31.00
54	24	268	36.96
54	24	270	71.27
54	24	273	56.58
54	24	336	24.46
54	24,40	12	45.48
54	24,40	19	63.13
54	24,40	23	44.68
54	24,40	47	61.87
54	24,40	62	65.18
54	24,40	68	46.82
54	24,40	95	42.01
54	24,40	97	69.23
54	24,40	115	77.13
54	24,40	129	42.85
54	24,40	139	44.93
54	24,40	148	76.62
54	24,40	169	56.04
54	24,40	170	73.31
54	24,40	215	47.80
54	24,40	268	56.82
54	24,40	273	71.90
54	24,40	336	39.44
54	24,42	12	39.94
54	24,42	19	66.63
54	24,42	47	61.42
54	24,42	62	62.46
54	24,42	68	44.83
54	24,42	97	60.61
54	24,42	115	69.92
54	24,42	129	40.76
54	24,42	139	43.99
54	24,42	148	76.44
54	24,42	169	49.99
54	24,42	170	67.79
54	24,42	215	44.66
54	24,42	268	44.80
54	24,42	273	70.52
54	24,42	336	38.54
54	25	6	23.52
54	25	14	37.34
54	25	17	44.03
54	25	39	17.37
54	25	80	61.37
54	25	88	23.34
54	25	113	41.93
54	25	124	21.17
54	25	132	43.04
54	25	141	19.30
54	25	146	18.93
54	25	147	47.30
54	25	165	38.61
54	25	168	49.10
54	25	179	48.51
54	25	183	32.66
54	25	217	42.45
54	25	224	37.01
54	25	236	49.35
54	25	238	50.49
54	25	246	22.27
54	25	258	29.08
54	25	267	49.24
54	25	283	65.94
54	25	286	38.06
54	25	290	28.62
54	25	312	42.97
54	25	320	24.14
54	25	326	44.62
54	25	331	46.79
54	25	370	48.90
54	26	1	40.01
54	26	3	19.00
54	26	29	14.20
54	26	36	50.72
54	26	49	10.89
54	26	51	13.25
54	26	52	61.28
54	26	55	15.83
54	26	60	26.97
54	26	67	39.39
54	26	71	32.86
54	26	75	9.11
54	26	77	11.27
54	26	83	18.23
54	26	87	15.39
54	26	89	11.13
54	26	93	19.18
54	26	99	12.82
54	26	103	30.27
54	26	106	15.03
54	26	110	37.03
54	26	111	25.17
54	26	116	8.76
54	26	127	14.75
54	26	130	12.44
54	26	138	10.83
54	26	144	41.35
54	26	153	43.70
54	26	156	12.65
54	26	158	12.46
54	26	159	10.18
54	26	161	33.79
54	26	162	37.45
54	26	166	12.68
54	26	194	46.31
54	26	195	30.49
54	26	197	12.77
54	26	201	13.77
54	26	202	35.97
54	26	208	40.52
54	26	210	11.79
54	26	234	13.32
54	26	241	13.58
54	26	245	15.20
54	26	247	11.92
54	26	256	9.69
54	26	257	17.27
54	26	260	11.37
54	26	261	11.06
54	26	262	11.31
54	26	271	41.18
54	26	276	17.49
54	26	293	37.51
54	26	300	12.99
54	26	302	41.75
54	26	303	24.83
54	26	305	15.30
54	26	308	36.48
54	26	310	49.87
54	26	315	38.77
54	26	321	15.61
54	26	340	24.58
54	26	348	8.79
54	26	359	12.49
54	26	362	29.85
54	26	365	13.48
54	26,27	49	18.59
54	26,27	51	28.11
54	26,27	75	21.18
54	26,27	77	21.11
54	26,27	83	26.25
54	26,27	89	20.56
54	26,27	103	41.69
54	26,27	106	22.94
54	26,27	111	33.61
54	26,27	116	21.37
54	26,27	127	27.34
54	26,27	130	21.54
54	26,27	138	21.55
54	26,27	156	25.90
54	26,27	159	26.37
54	26,27	162	44.76
54	26,27	166	27.00
54	26,27	197	26.70
54	26,27	201	26.96
54	26,27	208	53.41
54	26,27	210	19.62
54	26,27	234	21.28
54	26,27	241	28.27
54	26,27	245	24.34
54	26,27	247	24.87
54	26,27	256	20.86
54	26,27	260	26.21
54	26,27	261	17.44
54	26,27	262	20.35
54	26,27	276	28.61
54	26,27	293	49.41
54	26,27	300	19.70
54	26,27	302	54.28
54	26,27	303	35.86
54	26,27	310	63.04
54	26,27	321	23.25
54	26,27	340	36.73
54	26,27	348	18.11
54	26,27	359	19.08
54	26,27	362	37.51
54	27	1	41.54
54	27	49	12.04
54	27	51	18.32
54	27	52	64.27
54	27	54	41.80
54	27	70	39.85
54	27	71	33.28
54	27	75	13.89
54	27	77	14.27
54	27	83	19.15
54	27	89	13.59
54	27	103	31.44
54	27	106	14.61
54	27	110	38.51
54	27	111	26.61
54	27	116	13.86
54	27	127	18.24
54	27	130	14.85
54	27	138	14.48
54	27	143	40.30
54	27	144	40.49
54	27	156	15.44
54	27	159	16.62
54	27	161	33.34
54	27	162	37.82
54	27	166	17.28
54	27	194	50.31
54	27	197	17.87
54	27	201	17.14
54	27	202	37.48
54	27	208	42.37
54	27	210	11.44
54	27	234	14.68
54	27	241	18.61
54	27	245	16.68
54	27	247	14.85
54	27	256	13.83
54	27	260	17.49
54	27	261	10.61
54	27	262	12.72
54	27	276	19.49
54	27	293	42.31
54	27	296	26.89
54	27	300	12.62
54	27	302	43.97
54	27	303	29.23
54	27	310	51.94
54	27	321	16.13
54	27	333	14.20
54	27	340	26.66
54	27	348	11.11
54	27	352	22.30
54	27	359	12.08
54	27	362	30.35
54	27,39	49	19.03
54	27,39	51	25.00
54	27,39	75	19.55
54	27,39	77	20.87
54	27,39	83	27.65
54	27,39	89	20.28
54	27,39	103	38.42
54	27,39	106	23.96
54	27,39	111	34.62
54	27,39	116	19.63
54	27,39	127	24.68
54	27,39	130	21.59
54	27,39	138	21.06
54	27,39	143	47.42
54	27,39	156	22.56
54	27,39	159	22.63
54	27,39	162	45.59
54	27,39	166	23.63
54	27,39	197	23.49
54	27,39	201	23.54
54	27,39	208	50.04
54	27,39	210	20.83
54	27,39	234	22.10
54	27,39	241	25.11
54	27,39	245	25.15
54	27,39	247	21.39
54	27,39	256	19.44
54	27,39	260	22.52
54	27,39	261	18.31
54	27,39	262	21.56
54	27,39	276	29.51
54	27,39	293	49.31
54	27,39	300	20.85
54	27,39	302	51.01
54	27,39	303	34.86
54	27,39	310	63.77
54	27,39	321	24.31
54	27,39	340	33.42
54	27,39	348	18.46
54	27,39	359	20.13
54	27,39	362	28.75
54	28	7	49.59
54	28	15	27.94
54	28	34	39.76
54	28	43	46.07
54	28	46	45.76
54	28	57	26.18
54	28	73	61.92
54	28	74	64.39
54	28	118	38.21
54	28	181	51.01
54	28	220	35.96
54	28	279	57.97
54	28	325	43.85
54	28	344	44.17
54	28,29	7	61.76
54	28,29	15	36.89
54	28,29	34	53.70
54	28,29	43	62.51
54	28,29	46	57.66
54	28,29	57	39.15
54	28,29	73	72.59
54	28,29	118	50.14
54	28,29	181	65.15
54	28,29	220	47.72
54	28,29	279	70.44
54	28,29	325	53.59
54	28,29	344	58.34
54	28,32	7	59.28
54	28,32	15	41.75
54	28,32	34	53.90
54	28,32	43	62.94
54	28,32	46	61.79
54	28,32	73	78.32
54	28,32	118	51.99
54	28,32	181	68.70
54	28,32	220	52.99
54	28,32	279	75.34
54	28,32	325	59.31
54	28,32	344	58.46
54	29	7	38.32
54	29	15	17.28
54	29	34	31.68
54	29	43	35.96
54	29	46	37.63
54	29	48	36.13
54	29	57	16.83
54	29	73	51.56
54	29	74	51.85
54	29	78	23.37
54	29	118	28.37
54	29	135	61.42
54	29	157	33.17
54	29	181	41.35
54	29	207	43.97
54	29	214	37.92
54	29	220	25.54
54	29	222	15.15
54	29	235	34.61
54	29	240	25.28
54	29	265	27.69
54	29	279	48.92
54	29	281	30.39
54	29	314	22.48
54	29	318	52.69
54	29	325	32.61
54	29	334	25.54
54	29	338	22.32
54	29	344	36.08
54	29	366	27.83
54	29,38	15	32.63
54	29,38	34	50.18
54	29,38	43	64.59
54	29,38	73	69.17
54	29,38	118	45.00
54	29,38	181	55.77
54	29,38	279	74.15
54	29,38	318	68.48
54	29,38	344	55.23
54	29,41	15	34.56
54	29,41	43	59.35
54	29,41	181	63.82
54	29,41	279	70.34
54	29,41	318	73.28
54	29,41	344	58.39
54	30	15	25.32
54	30	35	34.06
54	30	125	64.25
54	30	135	69.20
54	30	150	52.45
54	30	178	75.68
54	30	255	38.08
54	30	318	57.52
54	31	7	44.38
54	31	34	32.70
54	31	43	35.38
54	31	46	40.07
54	31	73	54.82
54	31	74	58.35
54	31	78	25.15
54	31	91	40.25
54	31	96	32.45
54	31	118	32.03
54	31	157	36.72
54	31	181	41.92
54	31	186	34.55
54	31	220	30.96
54	31	222	16.25
54	31	230	42.70
54	31	265	28.08
54	31	279	53.07
54	31	325	38.93
54	31	334	24.37
54	31	344	37.86
54	31	345	17.63
54	32	7	40.77
54	32	15	18.80
54	32	26	52.21
54	32	34	27.93
54	32	43	36.39
54	32	46	38.32
54	32	48	38.08
54	32	73	53.66
54	32	74	52.48
54	32	78	19.38
54	32	91	36.77
54	32	96	31.34
54	32	118	26.31
54	32	157	29.04
54	32	181	40.83
54	32	186	34.32
54	32	214	39.28
54	32	220	26.94
54	32	222	11.90
54	32	240	27.21
54	32	265	26.55
54	32	279	50.15
54	32	314	25.38
54	32	325	34.69
54	32	334	23.46
54	32	344	32.27
54	33	5	46.46
54	33	13	34.03
54	33	45	52.14
54	33	86	40.24
54	33	101	51.49
54	33	104	73.23
54	33	126	47.59
54	33	189	49.32
54	33	212	64.99
54	33	253	40.70
54	33	306	61.04
54	33	311	48.48
54	33	313	41.90
54	33	319	56.31
54	33	355	56.51
54	33,48	253	65.10
54	33,48	306	78.07
54	34	27	43.25
54	34	41	33.21
54	34	56	41.90
54	34	57	21.03
54	34	82	41.72
54	34	101	43.96
54	34	102	30.37
54	34	121	43.92
54	34	164	42.21
54	34	167	62.75
54	34	171	47.44
54	34	189	47.90
54	34	192	47.89
54	34	204	39.41
54	34	219	61.10
54	34	239	34.92
54	34	250	49.63
54	34	264	27.38
54	34	278	50.90
54	34	280	45.30
54	34	288	42.04
54	34	289	65.65
54	34	295	36.97
54	34	299	44.63
54	34	309	51.15
54	34	311	48.48
54	34	322	39.44
54	34	329	33.54
54	34	337	47.39
54	34	355	52.72
54	34	364	35.80
54	35	8	27.77
54	35	18	27.28
54	35	22	39.87
54	35	53	26.51
54	35	59	43.63
54	35	63	31.41
54	35	76	43.56
54	35	90	28.23
54	35	123	23.35
54	35	145	46.17
54	35	152	31.13
54	35	177	41.85
54	35	188	49.49
54	35	200	73.42
54	35	205	22.92
54	35	228	32.35
54	35	232	42.10
54	35	233	34.07
54	35	237	23.94
54	35	243	21.85
54	35	244	45.69
54	35	259	45.13
54	35	272	30.56
54	35	291	27.48
54	35	328	32.97
54	35	339	37.21
54	35	350	40.51
54	35	356	32.63
54	35	367	34.75
54	36	9	23.45
54	36	10	22.58
54	36	22	46.66
54	36	36	60.13
54	36	51	26.92
54	36	67	40.90
54	36	76	42.10
54	36	92	23.15
54	36	94	58.51
54	36	117	38.17
54	36	142	52.72
54	36	149	44.42
54	36	153	52.20
54	36	158	20.93
54	36	177	43.75
54	36	182	49.17
54	36	188	38.25
54	36	196	41.93
54	36	211	36.79
54	36	213	51.25
54	36	231	42.51
54	36	248	42.24
54	36	249	52.51
54	36	266	20.51
54	36	271	51.44
54	36	303	28.18
54	36	307	22.23
54	36	308	43.93
54	36	335	40.62
54	36	368	21.10
54	37	13	32.11
54	37	27	48.70
54	37	45	53.92
54	37	72	57.96
54	37	86	37.82
54	37	126	48.41
54	37	133	57.23
54	37	167	64.58
54	37	189	53.80
54	37	212	65.87
54	37	319	51.03
54	37,45	13	46.45
54	37,45	45	69.79
54	37,45	86	55.35
54	37,45	126	64.15
54	37,45	133	75.30
54	37,45	189	70.06
54	37,45	212	83.89
54	38	15	24.42
54	38	34	41.66
54	38	35	29.28
54	38	43	47.34
54	38	66	30.38
54	38	73	60.59
54	38	118	36.56
54	38	135	67.99
54	38	150	49.31
54	38	181	35.41
54	38	187	41.85
54	38	279	59.77
54	38	287	28.42
54	38	318	59.97
54	38	344	46.46
54	38,41	15	36.23
54	38,41	35	48.07
54	38,41	43	61.93
54	38,41	150	64.90
54	38,41	181	63.24
54	38,41	279	73.15
54	38,41	287	44.46
54	38,41	318	74.79
54	38,41	344	63.59
54	38,43	15	38.30
54	38,43	34	59.41
54	38,43	43	69.03
54	38,43	73	75.54
54	38,43	118	51.97
54	38,43	181	56.51
54	38,43	279	80.17
54	38,43	344	63.97
54	39	1	41.55
54	39	3	21.25
54	39	29	16.34
54	39	49	11.97
54	39	51	15.85
54	39	52	63.15
54	39	67	41.10
54	39	71	34.10
54	39	75	11.32
54	39	77	13.37
54	39	83	20.80
54	39	89	12.68
54	39	99	15.66
54	39	103	31.18
54	39	106	16.21
54	39	110	39.14
54	39	111	27.03
54	39	116	11.07
54	39	127	16.99
54	39	130	14.25
54	39	138	12.92
54	39	143	40.15
54	39	144	43.76
54	39	153	45.59
54	39	156	14.34
54	39	158	14.61
54	39	159	13.35
54	39	161	34.86
54	39	162	38.94
54	39	166	15.52
54	39	194	48.52
54	39	195	32.85
54	39	197	15.45
54	39	201	15.59
54	39	202	37.25
54	39	208	42.21
54	39	210	13.20
54	39	234	14.97
54	39	241	16.21
54	39	245	16.61
54	39	247	13.68
54	39	256	11.66
54	39	257	19.58
54	39	260	14.49
54	39	261	12.11
54	39	262	13.65
54	39	271	42.66
54	39	276	19.52
54	39	293	41.85
54	39	300	14.32
54	39	302	43.25
54	39	303	28.70
54	39	305	17.31
54	39	310	51.30
54	39	315	41.77
54	39	321	17.54
54	39	340	24.41
54	39	348	10.68
54	39	359	13.73
54	39	362	19.58
54	39	365	16.37
54	39,49	29	25.55
54	39,49	49	20.87
54	39,49	51	26.99
54	39,49	75	21.94
54	39,49	77	22.93
54	39,49	83	28.82
54	39,49	89	22.44
54	39,49	99	26.30
54	39,49	103	40.46
54	39,49	106	25.96
54	39,49	111	35.46
54	39,49	116	21.94
54	39,49	127	26.45
54	39,49	130	23.46
54	39,49	138	23.04
54	39,49	143	57.62
54	39,49	156	24.65
54	39,49	158	24.25
54	39,49	159	24.80
54	39,49	162	46.99
54	39,49	166	25.28
54	39,49	197	25.31
54	39,49	201	25.66
54	39,49	208	51.49
54	39,49	210	22.65
54	39,49	234	23.65
54	39,49	241	26.99
54	39,49	245	25.93
54	39,49	247	23.49
54	39,49	256	21.90
54	39,49	257	29.13
54	39,49	260	24.32
54	39,49	261	20.51
54	39,49	262	22.56
54	39,49	271	51.25
54	39,49	276	30.51
54	39,49	293	50.77
54	39,49	300	22.72
54	39,49	302	52.42
54	39,49	303	45.32
54	39,49	305	26.48
54	39,49	310	61.89
54	39,49	321	25.92
54	39,49	340	33.93
54	39,49	348	19.55
54	39,49	359	22.14
54	39,49	362	32.55
54	40	12	21.13
54	40	19	33.20
54	40	23	20.49
54	40	25	20.68
54	40	33	51.61
54	40	40	28.30
54	40	47	35.11
54	40	50	18.73
54	40	62	42.55
54	40	68	21.52
54	40	95	19.48
54	40	97	43.96
54	40	105	20.34
54	40	109	44.37
54	40	115	52.72
54	40	129	18.51
54	40	139	18.69
54	40	148	52.03
54	40	151	23.58
54	40	169	34.15
54	40	170	48.11
54	40	174	26.34
54	40	198	40.96
54	40	203	48.35
54	40	206	37.56
54	40	209	50.00
54	40	215	22.30
54	40	225	40.75
54	40	254	30.27
54	40	268	28.66
54	40	270	64.01
54	40	273	48.79
54	40	274	26.21
54	40	282	27.82
54	40	298	36.68
54	40	301	25.66
54	40	316	46.34
54	40	327	34.11
54	40	336	16.76
54	40	342	21.39
54	40	353	35.30
54	40	354	21.68
54	40	357	29.76
54	40	361	22.96
54	40,42	12	38.34
54	40,42	19	58.87
54	40,42	47	56.59
54	40,42	62	58.51
54	40,42	68	43.24
54	40,42	97	56.08
54	40,42	115	65.85
54	40,42	129	39.14
54	40,42	139	42.27
54	40,42	148	72.00
54	40,42	169	46.21
54	40,42	170	63.34
54	40,42	215	43.03
54	40,42	268	43.24
54	40,42	273	66.48
54	40,42	336	37.00
54	41	15	18.93
54	41	35	26.86
54	41	43	42.92
54	41	125	61.70
54	41	135	59.86
54	41	150	45.14
54	41	178	70.28
54	41	181	44.54
54	41	255	37.39
54	41	279	54.07
54	41	287	24.49
54	41	318	56.42
54	41	344	43.80
54	41,43	15	30.55
54	41,43	43	63.79
54	41,43	181	65.93
54	41,43	279	71.63
54	41,43	344	61.30
54	42	12	22.62
54	42	19	44.62
54	42	33	57.83
54	42	47	42.11
54	42	62	46.10
54	42	68	27.11
54	42	97	43.51
54	42	115	54.21
54	42	129	24.24
54	42	139	25.68
54	42	148	58.76
54	42	169	34.00
54	42	170	50.28
54	42	198	45.08
54	42	203	53.25
54	42	209	54.79
54	42	215	26.58
54	42	227	47.39
54	42	268	28.35
54	42	270	63.87
54	42	273	54.06
54	42	336	22.34
54	43	7	43.46
54	43	15	20.79
54	43	26	54.48
54	43	34	30.35
54	43	43	40.39
54	43	46	40.38
54	43	48	40.23
54	43	73	55.86
54	43	74	54.90
54	43	78	21.92
54	43	91	39.27
54	43	96	33.85
54	43	118	28.70
54	43	157	32.17
54	43	181	37.54
54	43	186	37.01
54	43	214	41.61
54	43	220	29.30
54	43	222	13.92
54	43	240	30.25
54	43	265	28.92
54	43	279	52.38
54	43	314	27.96
54	43	325	36.89
54	43	334	26.55
54	43	344	34.69
54	44	11	40.49
54	44	24	70.48
54	44	28	22.06
54	44	37	29.37
54	44	42	57.14
54	44	98	37.66
54	44	119	39.86
54	44	122	29.20
54	44	134	32.10
54	44	140	39.76
54	44	143	47.10
54	44	154	43.39
54	44	155	42.34
54	44	163	27.65
54	44	176	61.54
54	44	245	28.55
54	44	251	67.32
54	44	263	48.62
54	44	284	49.52
54	44,47	11	57.86
54	44,47	24	85.65
54	44,47	28	35.66
54	44,47	37	43.56
54	44,47	42	71.41
54	44,47	98	52.00
54	44,47	119	53.41
54	44,47	122	46.15
54	44,47	134	46.85
54	44,47	140	54.66
54	44,47	143	60.80
54	44,47	154	58.79
54	44,47	155	58.51
54	44,47	163	43.35
54	44,47	245	44.96
54	44,47	263	63.06
54	44,47	284	65.62
54	45	5	49.87
54	45	13	28.93
54	45	45	49.38
54	45	72	53.87
54	45	86	36.08
54	45	126	44.75
54	45	133	55.11
54	45	167	60.87
54	45	189	48.46
54	45	212	61.27
54	45	313	42.68
54	45	319	56.35
54	46	5	42.55
54	46	39	18.48
54	46	104	71.45
54	46	124	31.35
54	46	175	35.25
54	46	183	41.77
54	46	224	45.97
54	46	253	47.25
54	46	290	30.85
54	46	306	57.63
54	46	313	35.62
54	46	326	52.52
54	46	331	41.32
54	46	341	38.45
54	46	358	49.17
54	47	11	40.66
54	47	24	69.27
54	47	28	20.86
54	47	37	28.17
54	47	42	55.90
54	47	98	36.52
54	47	119	38.56
54	47	122	27.89
54	47	134	30.79
54	47	140	38.30
54	47	143	45.80
54	47	154	41.92
54	47	155	37.68
54	47	163	26.34
54	47	176	58.28
54	47	245	27.24
54	47	251	66.23
54	47	263	47.32
54	47	284	48.49
54	48	2	26.15
54	48	14	34.03
54	48	17	46.25
54	48	30	42.93
54	48	38	22.48
54	48	39	15.32
54	48	61	40.82
54	48	84	22.07
54	48	88	26.93
54	48	104	67.93
54	48	124	21.07
54	48	132	41.23
54	48	136	53.51
54	48	141	21.45
54	48	160	38.63
54	48	165	38.14
54	48	175	29.01
54	48	179	43.58
54	48	183	35.44
54	48	224	39.94
54	48	226	18.37
54	48	246	19.39
54	48	253	47.11
54	48	258	30.14
54	48	285	46.27
54	48	290	23.80
54	48	294	23.51
54	48	306	51.31
54	48	320	26.30
54	48	326	46.94
54	48	331	41.03
54	48	341	32.96
54	48	347	25.20
54	48	358	43.39
54	48	370	44.70
54	49	1	40.86
54	49	29	15.82
54	49	49	11.90
54	49	51	15.70
54	49	52	62.89
54	49	67	40.99
54	49	70	38.17
54	49	71	32.42
54	49	75	11.55
54	49	77	13.41
54	49	83	18.17
54	49	89	12.82
54	49	99	15.28
54	49	103	31.45
54	49	106	14.85
54	49	110	37.23
54	49	111	25.80
54	49	116	11.18
54	49	127	16.86
54	49	130	14.13
54	49	138	12.70
54	49	143	40.13
54	49	144	41.42
54	49	156	14.41
54	49	158	14.73
54	49	159	13.18
54	49	161	33.76
54	49	162	37.79
54	49	166	14.96
54	49	194	48.41
54	49	197	15.10
54	49	201	15.77
54	49	202	36.75
54	49	208	41.70
54	49	210	11.24
54	49	234	14.59
54	49	241	15.93
54	49	245	15.27
54	49	247	13.70
54	49	256	12.08
54	49	257	19.24
54	49	260	13.97
54	49	261	11.18
54	49	262	11.68
54	49	271	42.38
54	49	276	18.39
54	49	293	41.49
54	49	296	26.89
54	49	300	12.55
54	49	302	42.77
54	49	303	27.75
54	49	305	16.66
54	49	310	51.08
54	49	321	16.03
54	49	333	13.72
54	49	340	26.65
54	49	348	9.66
54	49	352	22.27
54	49	359	12.25
54	49	362	30.25
54	50	15	21.08
54	50	35	27.80
54	50	43	41.65
54	50	57	21.96
54	50	73	55.32
54	50	74	56.75
54	50	118	34.13
54	50	125	65.10
54	50	135	66.34
54	50	181	49.54
54	50	255	39.35
54	50	279	53.21
54	50	318	56.44
54	50	344	43.20
