Task=42 Orders=49 Vehicles=704 Scores=2986
42	1	2	30.96
42	1	10	19.11
42	1	20	34.23
42	1	27	31.08
42	1	34	20.00
42	1	50	31.41
42	1	58	50.41
42	1	60	23.17
42	1	79	31.45
42	1	151	23.62
42	1	219	20.68
42	1	227	54.27
42	1	263	46.62
42	1	271	24.11
42	1	284	36.80
42	1	287	34.93
42	1	295	44.92
42	1	298	48.79
42	1	326	22.63
42	1	327	41.13
42	1	366	25.14
42	1	406	40.69
42	1	435	52.82
42	1	495	23.59
42	1	624	41.93
42	1	658	49.54
42	1	697	22.23
42	1,13	2	47.82
42	1,13	20	62.08
42	1,13	34	37.90
42	1,13	50	52.37
42	1,13	58	65.10
42	1,13	219	39.69
42	1,13	287	58.38
42	1,13	295	54.94
42	1,13	298	61.32
42	1,13	406	52.14
42	1,13	495	41.15
42	1,13	624	56.72
42	2	73	47.00
42	2	96	39.56
42	2	97	45.39
42	2	127	77.69
42	2	180	66.62
42	2	181	52.20
42	2	314	50.41
42	2	385	38.94
42	2	617	53.44
42	2,10	73	60.58
42	2,10	96	46.75
42	2,10	97	64.62
42	2,10	314	66.15
42	2,35	73	62.20
42	2,35	96	50.51
42	2,35	97	67.07
42	2,35	314	67.27
42	2,35	385	54.70
42	2,35	617	69.04
42	3	36	42.13
42	3	53	50.72
42	3	54	55.93
42	3	63	31.27
42	3	74	58.07
42	3	94	65.20
42	3	118	50.54
42	3	182	35.14
42	3	194	28.68
42	3	202	21.00
42	3	232	33.87
42	3	241	26.15
42	3	256	23.20
42	3	280	34.76
42	3	291	42.96
42	3	293	47.82
42	3	307	24.11
42	3	318	50.34
42	3	332	49.04
42	3	340	38.30
42	3	349	47.03
42	3	360	37.03
42	3	372	31.56
42	3	398	27.58
42	3	451	29.10
42	3	455	39.54
42	3	461	51.45
42	3	490	23.89
42	3	501	28.90
42	3	517	26.24
42	3	570	21.80
42	3	571	50.90
42	3	573	42.80
42	3	598	50.00
42	3	655	21.82
42	3,34	36	58.72
42	3,34	63	60.27
42	3,34	74	90.07
42	3,34	182	66.80
42	3,34	232	64.37
42	3,34	256	55.04
42	3,34	280	65.08
42	3,34	291	66.68
42	3,34	293	77.96
42	3,34	307	58.14
42	3,34	318	82.90
42	3,34	332	73.59
42	3,34	340	70.07
42	3,34	360	57.86
42	3,34	372	62.76
42	3,34	398	64.48
42	3,34	455	70.70
42	3,34	490	58.11
42	3,34	517	51.77
42	3,34	570	54.89
42	3,34	571	85.27
42	3,34	573	78.25
42	3,34	598	80.61
42	3,34	655	52.28
42	4	4	21.46
42	4	8	35.18
42	4	13	20.11
42	4	47	22.04
42	4	52	15.07
42	4	56	44.31
42	4	62	18.51
42	4	64	37.13
42	4	78	13.97
42	4	86	15.76
42	4	123	16.99
42	4	124	17.68
42	4	131	36.86
42	4	138	46.69
42	4	140	18.03
42	4	142	16.58
42	4	153	32.66
42	4	154	38.87
42	4	163	40.65
42	4	175	34.75
42	4	176	50.93
42	4	199	40.10
42	4	222	30.13
42	4	228	40.07
42	4	229	16.61
42	4	237	28.39
42	4	239	34.04
42	4	242	29.27
42	4	257	16.86
42	4	262	44.83
42	4	273	52.51
42	4	277	27.65
42	4	282	46.55
42	4	300	28.54
42	4	320	43.94
42	4	343	39.13
42	4	362	49.21
42	4	367	17.03
42	4	390	22.28
42	4	393	19.42
42	4	410	18.37
42	4	426	15.39
42	4	437	46.97
42	4	463	23.03
42	4	465	23.01
42	4	489	18.06
42	4	494	21.93
42	4	498	17.99
42	4	516	53.99
42	4	520	40.03
42	4	521	15.27
42	4	523	15.46
42	4	533	20.80
42	4	534	14.65
42	4	543	28.90
42	4	590	33.63
42	4	610	38.37
42	4	622	24.15
42	4	642	19.08
42	4	645	32.13
42	4	652	15.30
42	4	669	39.38
42	4	691	17.04
42	4	699	16.68
42	4,26	8	56.32
42	4,26	13	40.79
42	4,26	56	64.51
42	4,26	62	37.15
42	4,26	64	57.30
42	4,26	78	33.69
42	4,26	123	36.20
42	4,26	124	37.59
42	4,26	142	35.87
42	4,26	229	35.44
42	4,26	262	68.99
42	4,26	282	68.31
42	4,26	300	50.34
42	4,26	320	64.42
42	4,26	362	72.66
42	4,26	367	37.51
42	4,26	390	42.75
42	4,26	410	40.27
42	4,26	426	35.18
42	4,26	437	67.18
42	4,26	516	77.99
42	4,26	610	58.85
42	4,26	622	45.99
42	4,26	645	52.62
42	4,26	691	36.76
42	5	8	46.46
42	5	13	31.28
42	5	56	55.62
42	5	62	26.44
42	5	64	48.27
42	5	78	28.31
42	5	82	52.92
42	5	97	61.28
42	5	101	27.58
42	5	109	26.38
42	5	124	24.87
42	5	142	28.66
42	5	181	56.93
42	5	229	23.66
42	5	262	52.90
42	5	314	54.39
42	5	320	54.90
42	5	362	57.27
42	5	367	28.08
42	5	373	80.68
42	5	385	45.06
42	5	390	29.01
42	5	426	26.42
42	5	437	52.85
42	5	491	50.62
42	5	516	61.82
42	5	610	49.21
42	5	684	33.18
42	5,12	82	69.14
42	5,12	97	73.96
42	5,12	109	48.08
42	5,12	262	65.73
42	5,12	314	69.15
42	5,12	385	57.04
42	5,12	437	65.32
42	5,12	491	68.70
42	5,12	516	75.54
42	5,12	684	66.55
42	6	5	32.61
42	6	22	47.59
42	6	45	20.52
42	6	46	18.87
42	6	47	21.76
42	6	55	16.21
42	6	62	18.23
42	6	66	18.45
42	6	82	35.08
42	6	95	37.59
42	6	101	17.90
42	6	109	17.15
42	6	110	18.42
42	6	120	27.90
42	6	132	17.59
42	6	133	32.24
42	6	136	20.46
42	6	150	20.77
42	6	155	40.13
42	6	171	23.03
42	6	181	47.85
42	6	197	25.28
42	6	200	27.68
42	6	218	18.07
42	6	224	19.13
42	6	240	20.20
42	6	251	61.08
42	6	273	47.55
42	6	288	18.00
42	6	315	61.87
42	6	363	20.86
42	6	373	65.06
42	6	379	24.00
42	6	380	21.11
42	6	381	19.28
42	6	382	18.77
42	6	383	34.41
42	6	384	43.51
42	6	385	36.10
42	6	386	19.44
42	6	389	54.44
42	6	422	19.23
42	6	441	18.90
42	6	443	30.30
42	6	446	38.14
42	6	459	19.11
42	6	470	54.51
42	6	475	18.08
42	6	476	17.61
42	6	480	28.89
42	6	482	20.68
42	6	485	21.24
42	6	491	46.75
42	6	499	17.48
42	6	503	44.38
42	6	516	48.69
42	6	537	19.23
42	6	547	38.80
42	6	551	45.39
42	6	558	32.94
42	6	559	26.34
42	6	560	25.32
42	6	569	58.82
42	6	578	18.27
42	6	585	20.45
42	6	589	21.48
42	6	612	15.72
42	6	627	51.28
42	6	630	54.97
42	6	639	18.18
42	6	644	18.54
42	6	660	62.62
42	6	684	32.23
42	6	696	18.38
42	6,7	5	43.97
42	6,7	22	59.14
42	6,7	46	29.89
42	6,7	47	32.21
42	6,7	55	28.01
42	6,7	62	27.76
42	6,7	66	30.58
42	6,7	82	50.83
42	6,7	95	48.06
42	6,7	101	27.21
42	6,7	109	26.76
42	6,7	110	29.35
42	6,7	120	39.10
42	6,7	132	27.46
42	6,7	133	42.03
42	6,7	136	32.90
42	6,7	150	33.18
42	6,7	171	35.93
42	6,7	197	37.82
42	6,7	200	39.97
42	6,7	218	29.62
42	6,7	224	30.20
42	6,7	240	32.52
42	6,7	273	58.61
42	6,7	288	28.14
42	6,7	315	74.13
42	6,7	363	32.69
42	6,7	381	29.72
42	6,7	382	29.86
42	6,7	383	43.94
42	6,7	384	54.61
42	6,7	385	45.38
42	6,7	386	31.61
42	6,7	389	66.24
42	6,7	422	32.15
42	6,7	441	30.10
42	6,7	443	40.20
42	6,7	446	49.27
42	6,7	459	29.99
42	6,7	475	28.38
42	6,7	476	28.08
42	6,7	480	41.14
42	6,7	482	32.52
42	6,7	485	33.94
42	6,7	491	56.85
42	6,7	499	28.38
42	6,7	516	60.34
42	6,7	537	31.35
42	6,7	558	43.96
42	6,7	559	37.55
42	6,7	560	39.25
42	6,7	569	70.00
42	6,7	578	29.17
42	6,7	585	31.35
42	6,7	612	27.17
42	6,7	630	65.10
42	6,7	639	29.08
42	6,7	644	29.44
42	6,7	684	42.83
42	6,7	696	28.30
42	6,9	384	70.90
42	6,9	389	83.72
42	6,9	459	45.83
42	6,18	5	42.15
42	6,18	22	57.21
42	6,18	46	29.18
42	6,18	47	32.17
42	6,18	55	26.20
42	6,18	62	28.08
42	6,18	66	28.44
42	6,18	82	48.63
42	6,18	95	47.52
42	6,18	101	27.55
42	6,18	109	26.07
42	6,18	110	29.11
42	6,18	120	37.66
42	6,18	132	27.28
42	6,18	133	42.17
42	6,18	136	31.25
42	6,18	150	31.35
42	6,18	171	33.51
42	6,18	197	35.00
42	6,18	200	38.20
42	6,18	218	28.28
42	6,18	224	29.96
42	6,18	240	30.58
42	6,18	273	57.32
42	6,18	288	27.77
42	6,18	315	73.85
42	6,18	363	30.77
42	6,18	381	28.83
42	6,18	382	28.58
42	6,18	383	44.27
42	6,18	384	54.25
42	6,18	385	45.18
42	6,18	386	31.03
42	6,18	389	64.39
42	6,18	422	30.20
42	6,18	441	28.83
42	6,18	443	39.80
42	6,18	446	47.90
42	6,18	459	28.77
42	6,18	475	28.14
42	6,18	476	27.54
42	6,18	480	40.25
42	6,18	482	30.55
42	6,18	485	32.21
42	6,18	491	56.07
42	6,18	499	27.06
42	6,18	516	58.66
42	6,18	537	29.21
42	6,18	558	42.54
42	6,18	559	36.03
42	6,18	560	35.89
42	6,18	569	68.72
42	6,18	578	27.87
42	6,18	585	30.06
42	6,18	612	25.94
42	6,18	630	64.82
42	6,18	639	28.14
42	6,18	644	28.14
42	6,18	684	41.70
42	6,18	696	27.68
42	7	5	32.06
42	7	22	41.10
42	7	46	17.94
42	7	47	21.94
42	7	55	14.75
42	7	62	18.25
42	7	66	16.85
42	7	82	39.13
42	7	95	37.08
42	7	101	17.38
42	7	109	15.70
42	7	110	18.21
42	7	120	28.20
42	7	132	16.73
42	7	133	31.99
42	7	136	19.21
42	7	150	19.65
42	7	155	39.11
42	7	171	22.38
42	7	181	47.14
42	7	197	24.79
42	7	200	26.69
42	7	218	16.45
42	7	224	19.34
42	7	240	18.97
42	7	251	60.80
42	7	266	54.65
42	7	273	46.93
42	7	288	17.00
42	7	315	63.08
42	7	363	19.89
42	7	373	64.45
42	7	381	18.15
42	7	382	17.41
42	7	383	33.93
42	7	384	43.99
42	7	385	35.25
42	7	386	19.63
42	7	389	53.82
42	7	399	39.97
42	7	422	17.58
42	7	433	17.90
42	7	441	18.11
42	7	443	29.82
42	7	446	37.45
42	7	459	17.89
42	7	470	53.76
42	7	475	17.25
42	7	476	16.72
42	7	480	29.68
42	7	482	19.68
42	7	485	20.73
42	7	491	45.94
42	7	499	15.85
42	7	503	43.62
42	7	516	48.06
42	7	537	17.80
42	7	547	38.01
42	7	551	47.24
42	7	558	31.79
42	7	559	24.72
42	7	560	24.93
42	7	569	58.14
42	7	578	16.83
42	7	585	19.55
42	7	612	14.11
42	7	617	49.80
42	7	619	44.80
42	7	627	50.56
42	7	630	53.94
42	7	639	17.17
42	7	644	17.17
42	7	660	62.37
42	7	684	31.51
42	7	696	17.14
42	7,18	5	40.61
42	7,18	22	55.68
42	7,18	46	27.42
42	7,18	47	30.39
42	7,18	55	24.79
42	7,18	62	26.21
42	7,18	66	26.99
42	7,18	82	50.58
42	7,18	95	45.72
42	7,18	101	25.65
42	7,18	109	24.23
42	7,18	110	27.42
42	7,18	120	37.31
42	7,18	132	25.41
42	7,18	133	40.34
42	7,18	136	29.66
42	7,18	150	29.80
42	7,18	171	32.13
42	7,18	197	33.72
42	7,18	200	36.61
42	7,18	218	26.61
42	7,18	224	28.30
42	7,18	240	29.07
42	7,18	273	55.62
42	7,18	288	25.93
42	7,18	315	72.17
42	7,18	363	29.25
42	7,18	381	27.04
42	7,18	382	26.90
42	7,18	383	42.37
42	7,18	384	52.61
42	7,18	385	43.17
42	7,18	386	29.49
42	7,18	389	62.85
42	7,18	399	48.37
42	7,18	422	28.69
42	7,18	433	28.85
42	7,18	441	27.27
42	7,18	443	37.97
42	7,18	446	46.21
42	7,18	459	27.06
42	7,18	475	26.28
42	7,18	476	25.79
42	7,18	480	38.77
42	7,18	482	29.03
42	7,18	485	30.76
42	7,18	491	54.21
42	7,18	499	25.38
42	7,18	516	57.06
42	7,18	537	27.76
42	7,18	558	40.86
42	7,18	559	34.38
42	7,18	560	34.76
42	7,18	569	67.03
42	7,18	578	26.20
42	7,18	585	28.38
42	7,18	612	24.37
42	7,18	617	57.34
42	7,18	630	62.96
42	7,18	639	26.46
42	7,18	644	26.46
42	7,18	684	39.94
42	7,18	696	25.82
42	8	2	24.20
42	8	10	13.90
42	8	20	37.13
42	8	27	24.96
42	8	34	12.73
42	8	43	30.99
42	8	50	25.73
42	8	58	46.34
42	8	61	46.34
42	8	71	26.11
42	8	104	48.68
42	8	151	18.15
42	8	216	18.58
42	8	219	11.86
42	8	227	47.03
42	8	234	13.83
42	8	252	30.10
42	8	284	40.35
42	8	287	33.61
42	8	295	29.32
42	8	298	43.38
42	8	326	17.58
42	8	327	35.13
42	8	366	19.72
42	8	394	40.65
42	8	397	23.92
42	8	406	34.59
42	8	412	19.00
42	8	435	46.87
42	8	483	24.82
42	8	495	18.08
42	8	529	25.44
42	8	624	35.17
42	8	697	17.21
42	8,19	2	34.45
42	8,19	10	20.73
42	8,19	20	48.25
42	8,19	27	32.35
42	8,19	34	20.08
42	8,19	43	38.51
42	8,19	50	33.39
42	8,19	58	56.14
42	8,19	61	56.51
42	8,19	71	34.01
42	8,19	104	58.86
42	8,19	151	26.11
42	8,19	216	26.20
42	8,19	219	19.30
42	8,19	234	21.34
42	8,19	252	38.38
42	8,19	287	44.23
42	8,19	295	36.89
42	8,19	298	53.63
42	8,19	326	25.18
42	8,19	366	27.20
42	8,19	394	52.20
42	8,19	397	34.55
42	8,19	406	45.34
42	8,19	412	26.62
42	8,19	435	58.35
42	8,19	483	34.34
42	8,19	495	25.61
42	8,19	529	37.96
42	8,19	624	44.37
42	8,19	697	24.62
42	9	203	23.75
42	9	225	73.11
42	9	266	62.72
42	9	274	37.94
42	9	286	20.86
42	9	302	64.25
42	9	384	51.41
42	9	389	61.14
42	9	403	26.61
42	9	459	25.69
42	9	466	35.46
42	9	470	55.21
42	9	547	42.44
42	9	617	51.65
42	9	627	55.94
42	9,23	389	80.25
42	9,23	459	43.07
42	10	26	14.06
42	10	73	35.20
42	10	96	29.10
42	10	97	34.51
42	10	108	30.69
42	10	134	16.51
42	10	178	31.18
42	10	180	57.13
42	10	181	43.99
42	10	184	24.11
42	10	268	19.89
42	10	314	38.27
42	10	337	37.70
42	10	442	17.92
42	10	492	20.25
42	10	531	25.51
42	10	545	17.00
42	10	552	21.48
42	10	568	14.69
42	10	671	41.54
42	10,35	26	27.77
42	10,35	73	53.15
42	10,35	96	44.48
42	10,35	97	57.39
42	10,35	314	57.52
42	10,35	442	32.24
42	10,35	492	32.85
42	10,35	531	40.82
42	10,35	568	26.00
42	10,35	671	61.62
42	11	39	21.54
42	11	42	50.59
42	11	72	15.63
42	11	116	23.61
42	11	122	19.37
42	11	137	21.28
42	11	141	19.79
42	11	145	27.90
42	11	169	59.37
42	11	198	20.85
42	11	255	51.51
42	11	292	19.34
42	11	294	53.52
42	11	296	37.61
42	11	308	43.52
42	11	321	42.34
42	11	339	38.25
42	11	376	17.73
42	11	396	28.24
42	11	401	28.27
42	11	439	51.13
42	11	449	39.93
42	11	477	27.00
42	11	478	40.45
42	11	541	23.31
42	11	556	38.08
42	11	563	15.99
42	11	564	46.24
42	11	574	45.14
42	11	592	14.96
42	11	600	37.62
42	11	606	20.39
42	11	607	38.25
42	11	631	32.85
42	11	635	18.18
42	11	647	19.48
42	11	670	19.97
42	11	692	16.13
42	11,36	42	67.13
42	11,36	72	33.42
42	11,36	122	36.03
42	11,36	137	39.73
42	11,36	145	53.96
42	11,36	294	70.68
42	11,36	296	55.80
42	11,36	308	69.77
42	11,36	321	59.73
42	11,36	339	60.42
42	11,36	376	34.31
42	11,36	478	57.46
42	11,36	541	41.87
42	11,36	574	62.27
42	11,36	635	35.14
42	12	73	46.68
42	12	82	53.27
42	12	96	43.41
42	12	97	54.31
42	12	109	23.80
42	12	180	67.97
42	12	181	54.94
42	12	262	46.30
42	12	314	51.31
42	12	373	81.11
42	12	385	41.13
42	12	437	44.62
42	12	491	51.66
42	12	516	56.39
42	12	617	55.69
42	12	684	37.63
42	12,28	82	61.31
42	12,28	109	39.59
42	12,28	385	56.56
42	12,28	491	68.86
42	12,28	516	76.18
42	12,28	684	55.77
42	13	2	30.49
42	13	20	42.41
42	13	34	20.77
42	13	50	34.85
42	13	58	47.83
42	13	61	47.23
42	13	71	35.49
42	13	79	35.39
42	13	81	42.35
42	13	88	31.94
42	13	104	49.99
42	13	117	29.68
42	13	121	52.28
42	13	219	22.10
42	13	267	62.25
42	13	284	45.68
42	13	287	39.62
42	13	295	39.68
42	13	298	44.25
42	13	305	36.45
42	13	327	35.77
42	13	352	61.70
42	13	394	42.44
42	13	406	35.06
42	13	495	23.79
42	13	502	46.07
42	13	530	32.79
42	13	624	38.07
42	14	3	14.48
42	14	11	28.21
42	14	14	45.25
42	14	29	39.41
42	14	31	29.70
42	14	48	29.87
42	14	49	37.97
42	14	57	25.11
42	14	84	32.80
42	14	113	27.20
42	14	126	34.08
42	14	139	16.10
42	14	160	41.75
42	14	177	15.38
42	14	183	16.07
42	14	215	30.99
42	14	226	27.06
42	14	243	16.38
42	14	248	39.61
42	14	269	16.83
42	14	281	50.46
42	14	297	24.61
42	14	306	38.99
42	14	309	16.69
42	14	325	13.42
42	14	335	33.25
42	14	350	12.48
42	14	354	35.87
42	14	378	13.72
42	14	400	17.51
42	14	407	38.49
42	14	408	15.99
42	14	419	17.87
42	14	450	25.65
42	14	471	42.38
42	14	481	25.23
42	14	505	12.73
42	14	508	22.17
42	14	513	17.82
42	14	514	17.56
42	14	522	21.45
42	14	532	21.10
42	14	539	31.97
42	14	548	15.28
42	14	549	14.79
42	14	565	43.08
42	14	567	32.03
42	14	582	16.86
42	14	583	12.90
42	14	588	16.15
42	14	602	21.00
42	14	604	14.90
42	14	614	31.85
42	14	615	13.37
42	14	636	27.15
42	14	643	15.58
42	14	674	41.61
42	14	687	15.79
42	14,25	3	31.08
42	14,25	48	43.94
42	14,25	49	52.75
42	14,25	57	41.52
42	14,25	84	47.38
42	14,25	113	41.70
42	14,25	126	48.96
42	14,25	139	34.18
42	14,25	160	56.52
42	14,25	177	30.46
42	14,25	183	31.20
42	14,25	215	45.83
42	14,25	226	41.30
42	14,25	243	31.44
42	14,25	269	33.08
42	14,25	297	40.11
42	14,25	309	32.35
42	14,25	325	28.83
42	14,25	350	30.17
42	14,25	354	48.62
42	14,25	378	29.65
42	14,25	400	34.07
42	14,25	408	32.38
42	14,25	419	36.96
42	14,25	450	41.58
42	14,25	471	59.51
42	14,25	481	40.07
42	14,25	505	28.69
42	14,25	508	38.56
42	14,25	514	36.06
42	14,25	522	35.24
42	14,25	532	37.63
42	14,25	539	46.75
42	14,25	548	31.28
42	14,25	549	29.63
42	14,25	582	34.48
42	14,25	583	28.31
42	14,25	602	35.92
42	14,25	604	30.31
42	14,25	614	47.30
42	14,25	615	28.77
42	14,25	643	32.56
42	14,25	674	56.54
42	15	7	31.99
42	15	12	22.73
42	15	37	20.90
42	15	40	44.39
42	15	76	19.28
42	15	93	31.76
42	15	103	21.30
42	15	111	24.20
42	15	115	43.73
42	15	156	42.24
42	15	159	20.70
42	15	187	54.62
42	15	206	64.38
42	15	207	46.79
42	15	214	62.08
42	15	233	21.66
42	15	246	21.45
42	15	250	44.73
42	15	253	21.46
42	15	276	18.44
42	15	299	53.23
42	15	322	19.52
42	15	331	29.08
42	15	348	17.23
42	15	358	37.41
42	15	375	27.49
42	15	402	52.46
42	15	409	49.52
42	15	411	32.30
42	15	423	48.97
42	15	454	22.66
42	15	457	32.37
42	15	474	45.38
42	15	479	19.24
42	15	518	19.00
42	15	599	21.55
42	15	638	31.21
42	15	640	19.70
42	15,30	12	31.77
42	15,30	76	28.06
42	15,30	93	40.06
42	15,30	115	54.54
42	15,30	156	51.65
42	15,30	159	31.63
42	15,30	276	28.11
42	15,30	322	28.52
42	15,30	331	40.94
42	15,30	348	25.97
42	15,30	375	37.42
42	15,30	402	62.56
42	15,30	411	55.51
42	15,30	457	41.92
42	15,30	479	27.42
42	15,30	518	26.63
42	15,30	599	30.11
42	15,30	638	60.15
42	15,30	640	29.65
42	15,43	37	35.72
42	15,43	40	55.93
42	15,43	103	32.99
42	15,43	111	37.15
42	15,43	115	61.44
42	15,43	156	63.58
42	15,43	207	67.34
42	15,43	233	33.79
42	15,43	246	36.34
42	15,43	253	33.32
42	15,43	276	34.62
42	15,43	331	40.38
42	15,43	375	43.49
42	15,43	402	70.86
42	15,43	411	51.52
42	15,43	454	34.56
42	15,43	640	34.83
42	16	91	19.85
42	16	92	39.04
42	16	100	42.06
42	16	102	50.61
42	16	112	44.97
42	16	135	37.37
42	16	148	42.23
42	16	169	57.03
42	16	210	42.86
42	16	241	19.66
42	16	254	17.24
42	16	256	19.89
42	16	290	32.44
42	16	311	19.69
42	16	328	49.58
42	16	332	47.93
42	16	336	18.25
42	16	338	25.03
42	16	349	43.38
42	16	357	53.52
42	16	359	63.83
42	16	391	40.82
42	16	398	23.87
42	16	405	36.48
42	16	447	30.82
42	16	515	43.14
42	16	546	53.51
42	16	557	47.35
42	16	601	23.45
42	16	626	20.11
42	16	655	18.96
42	16,24	100	61.87
42	16,24	102	68.94
42	16,24	135	63.94
42	16,24	241	41.14
42	16,24	254	37.73
42	16,24	256	39.44
42	16,24	311	40.44
42	16,24	332	62.37
42	16,24	336	38.15
42	16,24	349	64.72
42	16,24	391	56.00
42	16,24	398	47.56
42	16,24	405	53.68
42	16,24	515	59.48
42	16,24	626	40.58
42	16,24	655	37.79
42	17	6	19.01
42	17	28	52.83
42	17	36	44.48
42	17	53	46.44
42	17	54	53.93
42	17	63	31.20
42	17	74	58.15
42	17	92	37.24
42	17	94	63.51
42	17	102	52.46
42	17	112	53.17
42	17	118	49.70
42	17	129	19.24
42	17	172	36.14
42	17	182	36.28
42	17	193	22.89
42	17	194	28.82
42	17	202	21.66
42	17	210	52.34
42	17	213	46.83
42	17	217	26.86
42	17	230	19.28
42	17	232	43.90
42	17	241	21.92
42	17	256	19.49
42	17	265	35.37
42	17	280	31.92
42	17	291	41.10
42	17	293	46.21
42	17	303	44.66
42	17	307	19.93
42	17	311	22.01
42	17	318	48.17
42	17	330	20.59
42	17	332	48.21
42	17	340	36.35
42	17	349	43.76
42	17	353	39.14
42	17	360	36.73
42	17	377	21.18
42	17	398	22.97
42	17	405	41.80
42	17	430	22.79
42	17	436	24.61
42	17	444	44.49
42	17	451	27.77
42	17	455	40.32
42	17	456	42.94
42	17	460	24.35
42	17	461	49.85
42	17	490	19.32
42	17	515	41.97
42	17	517	24.07
42	17	519	22.08
42	17	528	21.58
42	17	554	19.25
42	17	557	46.59
42	17	561	35.01
42	17	570	22.79
42	17	571	50.92
42	17	573	39.93
42	17	576	19.31
42	17	579	21.65
42	17	580	21.30
42	17	587	31.96
42	17	593	27.25
42	17	596	29.87
42	17	597	18.69
42	17	598	51.25
42	17	608	19.18
42	17	637	44.38
42	17	641	21.68
42	17	646	23.11
42	17	649	42.38
42	17	651	23.23
42	17	655	18.59
42	17	656	21.06
42	17	662	22.06
42	17	663	20.28
42	17	664	21.72
42	17	666	23.00
42	17	678	20.35
42	17	682	22.59
42	17	683	36.32
42	17	686	20.82
42	17	688	19.31
42	17	689	19.35
42	17	690	19.75
42	17	694	21.48
42	17	695	20.04
42	17	702	19.75
42	17	703	19.75
42	17,42	6	34.89
42	17,42	36	59.21
42	17,42	92	51.13
42	17,42	102	67.96
42	17,42	129	35.18
42	17,42	172	51.01
42	17,42	193	39.41
42	17,42	217	45.82
42	17,42	230	36.27
42	17,42	241	38.83
42	17,42	256	34.37
42	17,42	280	50.37
42	17,42	293	61.15
42	17,42	303	60.46
42	17,42	307	36.46
42	17,42	311	40.38
42	17,42	330	37.56
42	17,42	332	64.01
42	17,42	349	53.39
42	17,42	377	38.00
42	17,42	398	41.41
42	17,42	405	59.01
42	17,42	430	41.34
42	17,42	436	44.46
42	17,42	455	56.07
42	17,42	490	35.28
42	17,42	515	57.41
42	17,42	517	41.83
42	17,42	519	38.92
42	17,42	554	37.07
42	17,42	561	51.46
42	17,42	573	57.35
42	17,42	576	35.46
42	17,42	579	40.20
42	17,42	580	38.07
42	17,42	593	47.52
42	17,42	596	46.69
42	17,42	597	34.85
42	17,42	598	66.73
42	17,42	608	35.34
42	17,42	637	63.07
42	17,42	641	40.23
42	17,42	649	64.55
42	17,42	651	40.00
42	17,42	655	33.35
42	17,42	656	37.83
42	17,42	662	40.61
42	17,42	663	37.06
42	17,42	664	40.27
42	17,42	666	42.10
42	17,42	678	37.13
42	17,42	682	39.37
42	17,42	688	35.46
42	17,42	689	35.51
42	17,42	690	35.90
42	17,42	694	40.03
42	17,42	695	36.20
42	17,42	702	35.90
42	17,42	703	35.90
42	18	5	26.48
42	18	22	41.30
42	18	46	13.94
42	18	47	17.62
42	18	55	9.82
42	18	62	14.41
42	18	66	11.79
42	18	82	33.93
42	18	95	33.01
42	18	101	14.27
42	18	109	12.31
42	18	110	14.01
42	18	120	21.06
42	18	132	13.28
42	18	133	28.37
42	18	136	14.42
42	18	150	14.49
42	18	155	36.11
42	18	171	15.99
42	18	181	43.04
42	18	197	17.76
42	18	200	21.62
42	18	218	12.41
42	18	224	14.55
42	18	240	13.79
42	18	251	56.83
42	18	266	50.28
42	18	273	42.10
42	18	288	13.48
42	18	315	58.62
42	18	363	14.49
42	18	373	58.68
42	18	381	14.21
42	18	382	13.21
42	18	383	30.87
42	18	384	38.96
42	18	385	32.07
42	18	386	14.41
42	18	389	48.24
42	18	399	35.23
42	18	422	12.77
42	18	433	14.27
42	18	441	13.24
42	18	443	25.85
42	18	446	32.55
42	18	459	13.63
42	18	470	49.37
42	18	475	13.72
42	18	476	12.82
42	18	480	23.59
42	18	482	14.23
42	18	485	14.96
42	18	491	41.99
42	18	499	11.83
42	18	503	39.42
42	18	516	42.73
42	18	537	12.56
42	18	547	34.14
42	18	551	42.42
42	18	558	27.37
42	18	559	20.59
42	18	560	17.10
42	18	569	53.32
42	18	578	12.68
42	18	585	14.86
42	18	612	10.08
42	18	617	46.31
42	18	619	39.99
42	18	627	46.04
42	18	630	50.65
42	18	639	12.94
42	18	644	12.94
42	18	660	58.39
42	18	684	26.99
42	18	696	13.65
42	18,28	62	31.94
42	18,28	82	53.70
42	18,28	101	31.15
42	18,28	109	29.97
42	18,28	288	31.66
42	18,28	315	78.49
42	18,28	384	59.03
42	18,28	385	48.30
42	18,28	389	69.63
42	18,28	459	33.30
42	18,28	491	59.90
42	18,28	516	63.66
42	18,28	630	68.63
42	18,28	684	46.00
42	18,28	696	31.49
42	19	2	22.68
42	19	10	10.41
42	19	20	33.30
42	19	27	21.48
42	19	34	9.14
42	19	43	26.58
42	19	50	22.13
42	19	58	42.77
42	19	61	42.01
42	19	71	19.41
42	19	104	44.34
42	19	151	14.37
42	19	216	14.73
42	19	219	8.30
42	19	227	42.80
42	19	234	10.27
42	19	252	25.82
42	19	284	36.30
42	19	287	29.82
42	19	295	29.10
42	19	298	38.90
42	19	326	13.93
42	19	327	31.08
42	19	366	15.54
42	19	394	36.28
42	19	397	18.48
42	19	406	30.56
42	19	412	15.06
42	19	435	42.52
42	19	483	19.20
42	19	495	14.49
42	19	529	18.39
42	19	624	30.06
42	19	697	13.63
42	19,48	2	30.72
42	19,48	10	17.75
42	19,48	20	39.65
42	19,48	27	29.63
42	19,48	34	16.62
42	19,48	50	30.23
42	19,48	58	48.87
42	19,48	61	48.66
42	19,48	71	31.58
42	19,48	104	51.55
42	19,48	151	21.86
42	19,48	216	22.01
42	19,48	219	16.62
42	19,48	234	18.23
42	19,48	252	34.04
42	19,48	287	43.17
42	19,48	295	35.55
42	19,48	298	45.32
42	19,48	326	21.20
42	19,48	394	42.94
42	19,48	397	27.04
42	19,48	406	36.23
42	19,48	435	48.39
42	19,48	483	26.73
42	19,48	495	21.08
42	19,48	529	30.69
42	19,48	624	38.76
42	19,48	697	20.92
42	20	5	27.96
42	20	9	31.31
42	20	15	13.35
42	20	16	41.63
42	20	23	47.07
42	20	38	39.72
42	20	45	15.49
42	20	83	48.62
42	20	98	15.06
42	20	99	47.42
42	20	132	16.32
42	20	133	35.99
42	20	155	45.86
42	20	165	31.70
42	20	166	62.63
42	20	179	18.18
42	20	192	54.61
42	20	201	26.90
42	20	235	28.63
42	20	238	17.06
42	20	240	20.49
42	20	247	36.07
42	20	249	14.94
42	20	251	60.07
42	20	260	26.07
42	20	264	37.87
42	20	288	15.73
42	20	313	29.06
42	20	333	43.87
42	20	334	17.75
42	20	347	57.15
42	20	351	32.75
42	20	379	18.45
42	20	380	18.46
42	20	382	18.32
42	20	389	48.25
42	20	414	17.94
42	20	431	17.66
42	20	448	23.15
42	20	453	18.10
42	20	458	53.65
42	20	459	17.03
42	20	462	33.97
42	20	470	52.68
42	20	473	39.30
42	20	475	16.80
42	20	482	17.87
42	20	485	20.38
42	20	512	17.41
42	20	526	17.93
42	20	577	14.79
42	20	578	17.30
42	20	581	17.68
42	20	589	16.54
42	20	594	16.14
42	20	639	17.99
42	20	660	61.07
42	20	675	14.85
42	20	676	17.99
42	20	679	52.97
42	20	696	13.92
42	20,44	9	55.66
42	20,44	15	33.94
42	20,44	16	68.96
42	20,44	165	56.14
42	20,44	201	49.79
42	20,44	247	62.42
42	20,44	249	35.55
42	20,44	260	53.45
42	20,44	288	35.86
42	20,44	313	55.20
42	20,44	333	67.14
42	20,44	347	83.69
42	20,44	351	61.56
42	20,44	389	78.01
42	20,44	453	43.83
42	20,44	459	38.32
42	20,44	473	68.72
42	20,44	594	36.93
42	20,44	696	33.54
42	21	67	54.31
42	21	75	53.10
42	21	77	52.56
42	21	128	34.90
42	21	130	23.44
42	21	146	22.55
42	21	158	50.31
42	21	161	51.56
42	21	164	32.04
42	21	173	21.45
42	21	191	38.92
42	21	209	17.90
42	21	220	31.89
42	21	231	18.48
42	21	272	22.41
42	21	285	44.48
42	21	304	19.42
42	21	312	24.72
42	21	316	21.11
42	21	317	17.52
42	21	346	51.25
42	21	355	44.96
42	21	535	21.23
42	21	562	35.44
42	21	704	41.90
42	21,29	128	45.83
42	21,29	130	33.25
42	21,29	146	44.06
42	21,29	161	59.28
42	21,29	164	42.28
42	21,29	173	32.45
42	21,29	209	29.41
42	21,29	220	42.77
42	21,29	231	29.69
42	21,29	272	33.04
42	21,29	285	51.59
42	21,29	304	30.15
42	21,29	312	35.63
42	21,29	316	31.94
42	21,29	317	28.35
42	21,29	535	31.80
42	21,29	562	46.34
42	21,41	128	42.82
42	21,41	130	30.79
42	21,41	146	36.24
42	21,41	161	60.07
42	21,41	164	42.46
42	21,41	173	29.44
42	21,41	209	26.32
42	21,41	220	39.59
42	21,41	231	26.65
42	21,41	272	30.03
42	21,41	285	52.25
42	21,41	304	26.86
42	21,41	312	32.45
42	21,41	316	28.63
42	21,41	317	25.61
42	21,41	535	28.90
42	21,41	562	43.44
42	22	7	34.63
42	22	37	17.63
42	22	40	36.79
42	22	93	32.92
42	22	103	17.38
42	22	107	24.17
42	22	111	19.79
42	22	115	39.93
42	22	156	42.68
42	22	157	38.65
42	22	167	57.72
42	22	174	38.07
42	22	187	51.62
42	22	206	66.20
42	22	207	38.17
42	22	214	65.90
42	22	233	18.06
42	22	246	18.90
42	22	250	46.38
42	22	299	51.83
42	22	301	53.75
42	22	322	21.01
42	22	331	28.41
42	22	358	38.13
42	22	361	38.41
42	22	365	32.21
42	22	371	24.07
42	22	375	27.14
42	22	402	49.08
42	22	409	46.37
42	22	415	45.39
42	22	416	52.03
42	22	423	57.30
42	22	434	19.76
42	22	454	18.34
42	22	457	32.52
42	22	474	45.10
42	22	542	40.73
42	22	638	40.31
42	22	640	18.48
42	22,49	37	34.42
42	22,49	40	57.00
42	22,49	93	48.44
42	22,49	107	41.83
42	22,49	156	60.28
42	22,49	207	56.59
42	22,49	322	37.49
42	22,49	331	44.32
42	22,49	371	42.15
42	22,49	375	44.90
42	22,49	402	66.75
42	22,49	415	61.03
42	22,49	416	69.45
42	22,49	457	48.86
42	22,49	638	58.07
42	23	9	35.55
42	23	15	20.63
42	23	16	50.83
42	23	23	55.80
42	23	38	42.32
42	23	83	53.79
42	23	99	55.52
42	23	165	33.54
42	23	166	71.68
42	23	192	62.86
42	23	201	31.94
42	23	247	44.20
42	23	249	22.01
42	23	251	68.14
42	23	266	57.97
42	23	288	22.35
42	23	302	59.86
42	23	313	35.99
42	23	347	65.34
42	23	351	43.41
42	23	389	52.55
42	23	459	20.66
42	23	470	57.06
42	23	473	47.44
42	23	547	36.07
42	23	660	66.97
42	23	696	20.11
42	23,44	9	53.20
42	23,44	15	35.15
42	23,44	16	65.97
42	23,44	165	49.93
42	23,44	201	45.48
42	23,44	247	58.93
42	23,44	249	36.52
42	23,44	288	36.25
42	23,44	313	50.55
42	23,44	347	80.61
42	23,44	351	66.70
42	23,44	389	72.20
42	23,44	459	35.58
42	23,44	473	63.14
42	23,44	696	33.72
42	24	44	26.66
42	24	54	54.65
42	24	94	56.79
42	24	100	40.31
42	24	102	49.07
42	24	112	45.55
42	24	135	40.44
42	24	194	29.93
42	24	210	45.94
42	24	241	18.94
42	24	254	17.82
42	24	256	19.10
42	24	265	37.79
42	24	280	30.17
42	24	293	38.39
42	24	307	20.92
42	24	311	19.61
42	24	332	49.37
42	24	336	17.52
42	24	349	43.58
42	24	372	28.82
42	24	374	23.25
42	24	391	43.20
42	24	398	23.41
42	24	405	31.20
42	24	451	21.72
42	24	455	38.94
42	24	461	44.49
42	24	487	17.65
42	24	490	20.70
42	24	515	39.85
42	24	557	46.99
42	24	573	31.72
42	24	598	47.01
42	24	626	18.69
42	24	655	18.07
42	24,27	44	34.89
42	24,27	100	53.77
42	24,27	102	57.94
42	24,27	135	56.06
42	24,27	194	38.08
42	24,27	241	27.90
42	24,27	254	25.90
42	24,27	256	27.17
42	24,27	265	46.18
42	24,27	280	39.17
42	24,27	307	30.39
42	24,27	311	28.24
42	24,27	332	60.21
42	24,27	336	26.42
42	24,27	349	52.66
42	24,27	374	32.03
42	24,27	391	56.72
42	24,27	405	43.35
42	24,27	451	29.97
42	24,27	455	47.93
42	24,27	487	26.23
42	24,27	490	29.20
42	24,27	573	40.96
42	24,27	598	55.87
42	24,27	626	27.41
42	24,27	655	26.72
42	25	3	17.38
42	25	14	46.85
42	25	29	42.15
42	25	48	30.48
42	25	49	40.23
42	25	57	29.00
42	25	84	35.70
42	25	113	30.18
42	25	114	20.52
42	25	126	36.27
42	25	139	21.23
42	25	160	43.11
42	25	177	18.46
42	25	183	17.92
42	25	215	32.97
42	25	226	28.93
42	25	243	19.72
42	25	269	19.52
42	25	281	52.48
42	25	297	27.06
42	25	306	39.70
42	25	309	17.54
42	25	325	14.07
42	25	350	17.20
42	25	354	37.89
42	25	378	16.24
42	25	400	20.30
42	25	407	39.86
42	25	408	19.80
42	25	419	22.93
42	25	450	26.44
42	25	471	46.70
42	25	481	25.75
42	25	505	14.87
42	25	508	23.14
42	25	514	22.13
42	25	522	21.93
42	25	532	24.93
42	25	539	34.20
42	25	548	19.23
42	25	549	16.75
42	25	567	32.72
42	25	582	21.23
42	25	583	13.34
42	25	602	22.08
42	25	604	18.38
42	25	614	34.99
42	25	615	16.83
42	25	643	18.04
42	25	674	44.80
42	25,38	3	27.38
42	25,38	48	39.35
42	25,38	49	49.69
42	25,38	57	39.04
42	25,38	84	44.89
42	25,38	113	39.42
42	25,38	126	45.79
42	25,38	139	31.30
42	25,38	160	52.42
42	25,38	177	28.04
42	25,38	183	27.11
42	25,38	215	42.23
42	25,38	226	38.17
42	25,38	243	28.97
42	25,38	269	29.30
42	25,38	297	36.79
42	25,38	309	27.75
42	25,38	325	23.49
42	25,38	350	27.38
42	25,38	354	46.41
42	25,38	378	25.85
42	25,38	400	30.34
42	25,38	408	29.82
42	25,38	419	34.10
42	25,38	450	36.32
42	25,38	471	59.73
42	25,38	481	34.82
42	25,38	505	24.18
42	25,38	508	33.10
42	25,38	514	33.31
42	25,38	522	30.69
42	25,38	532	34.93
42	25,38	539	43.58
42	25,38	548	28.68
42	25,38	549	25.63
42	25,38	582	31.77
42	25,38	583	22.76
42	25,38	602	31.48
42	25,38	604	27.80
42	25,38	614	44.55
42	25,38	615	26.25
42	25,38	643	28.11
42	25,38	674	54.24
42	26	8	37.42
42	26	13	22.42
42	26	56	46.44
42	26	62	20.42
42	26	64	39.27
42	26	78	17.17
42	26	123	19.45
42	26	124	20.20
42	26	142	19.08
42	26	176	50.14
42	26	229	18.96
42	26	262	46.79
42	26	282	39.51
42	26	300	30.24
42	26	320	45.24
42	26	362	51.20
42	26	367	19.90
42	26	390	24.23
42	26	410	21.44
42	26	426	18.30
42	26	437	48.42
42	26	516	56.00
42	26	610	40.08
42	26	622	27.13
42	26	645	34.21
42	26	691	19.63
42	26,32	8	47.11
42	26,32	13	31.89
42	26,32	56	55.24
42	26,32	62	29.03
42	26,32	64	47.35
42	26,32	78	26.54
42	26,32	123	28.42
42	26,32	124	29.45
42	26,32	142	28.08
42	26,32	229	27.96
42	26,32	282	62.27
42	26,32	300	39.73
42	26,32	320	61.96
42	26,32	362	61.01
42	26,32	367	29.42
42	26,32	410	30.93
42	26,32	426	27.35
42	26,32	610	48.55
42	26,32	622	36.63
42	26,32	645	43.38
42	26,32	691	29.00
42	27	6	16.79
42	27	28	49.45
42	27	44	22.68
42	27	54	46.35
42	27	69	18.85
42	27	70	29.97
42	27	80	31.45
42	27	94	52.79
42	27	100	36.03
42	27	102	46.79
42	27	112	42.03
42	27	135	38.86
42	27	186	13.76
42	27	193	12.69
42	27	194	26.30
42	27	196	13.96
42	27	210	41.46
42	27	213	43.51
42	27	241	15.06
42	27	244	11.01
42	27	254	13.90
42	27	256	15.65
42	27	265	33.65
42	27	280	27.37
42	27	290	35.38
42	27	307	17.25
42	27	311	16.15
42	27	328	47.00
42	27	330	17.01
42	27	332	43.45
42	27	336	13.65
42	27	338	22.61
42	27	349	39.87
42	27	374	18.20
42	27	377	16.51
42	27	391	39.14
42	27	405	32.55
42	27	417	17.94
42	27	432	40.13
42	27	445	24.10
42	27	447	34.25
42	27	451	18.87
42	27	455	35.69
42	27	461	41.37
42	27	469	14.92
42	27	487	14.87
42	27	490	16.70
42	27	519	13.27
42	27	546	48.41
42	27	557	43.38
42	27	564	47.65
42	27	573	26.76
42	27	576	17.04
42	27	579	17.72
42	27	580	15.99
42	27	596	25.99
42	27	597	16.44
42	27	598	44.51
42	27	625	35.97
42	27	626	14.06
42	27	655	15.18
42	27	656	14.35
42	27	663	16.69
42	27	666	16.75
42	27	678	15.20
42	27	681	14.65
42	27	682	17.10
42	27	685	16.61
42	27	688	17.04
42	27	689	16.99
42	27	690	16.72
42	27	695	16.85
42	27	698	16.96
42	27	701	16.69
42	27	702	16.72
42	27	703	16.72
42	28	62	23.14
42	28	82	49.04
42	28	101	22.14
42	28	109	21.83
42	28	181	53.39
42	28	251	66.52
42	28	288	22.73
42	28	315	56.56
42	28	373	71.89
42	28	384	49.85
42	28	385	40.77
42	28	389	61.24
42	28	459	24.55
42	28	470	60.32
42	28	491	52.17
42	28	503	50.00
42	28	516	55.28
42	28	547	44.00
42	28	627	57.18
42	28	630	59.46
42	28	660	68.06
42	28	684	38.13
42	28	696	23.20
42	29	18	23.82
42	29	33	17.75
42	29	41	27.15
42	29	67	51.93
42	29	75	51.69
42	29	77	50.72
42	29	89	13.44
42	29	128	32.35
42	29	130	21.42
42	29	143	34.80
42	29	146	21.48
42	29	158	47.96
42	29	161	49.42
42	29	164	28.80
42	29	170	25.39
42	29	173	19.04
42	29	185	20.44
42	29	190	17.04
42	29	191	36.94
42	29	209	14.54
42	29	211	16.69
42	29	212	17.27
42	29	220	29.89
42	29	231	15.14
42	29	261	20.14
42	29	272	19.99
42	29	279	23.58
42	29	285	42.76
42	29	304	15.96
42	29	312	22.17
42	29	316	18.06
42	29	317	14.73
42	29	324	28.42
42	29	342	18.82
42	29	346	49.55
42	29	355	42.68
42	29	369	25.34
42	29	387	43.06
42	29	428	22.96
42	29	464	18.70
42	29	500	29.30
42	29	506	32.38
42	29	510	21.31
42	29	535	18.72
42	29	544	19.79
42	29	553	19.72
42	29	562	33.01
42	29	584	22.80
42	29	621	19.00
42	29	628	17.76
42	29	657	19.04
42	29	659	19.42
42	29	661	14.31
42	29	667	31.24
42	29	693	19.18
42	29	704	39.83
42	29,41	18	30.38
42	29,41	33	24.85
42	29,41	41	34.44
42	29,41	89	20.41
42	29,41	128	39.38
42	29,41	130	28.10
42	29,41	143	42.17
42	29,41	146	36.06
42	29,41	161	57.10
42	29,41	164	39.44
42	29,41	170	32.32
42	29,41	173	26.10
42	29,41	185	27.07
42	29,41	190	23.42
42	29,41	209	22.13
42	29,41	211	23.21
42	29,41	212	23.85
42	29,41	220	36.86
42	29,41	231	22.46
42	29,41	261	27.35
42	29,41	272	26.68
42	29,41	279	31.83
42	29,41	285	49.76
42	29,41	304	22.49
42	29,41	312	28.93
42	29,41	316	24.68
42	29,41	317	22.07
42	29,41	324	35.44
42	29,41	342	25.75
42	29,41	369	32.94
42	29,41	387	50.08
42	29,41	428	31.35
42	29,41	464	25.75
42	29,41	500	35.79
42	29,41	506	39.11
42	29,41	510	30.49
42	29,41	535	25.61
42	29,41	544	26.58
42	29,41	553	27.18
42	29,41	562	40.11
42	29,41	584	29.35
42	29,41	621	26.21
42	29,41	628	24.73
42	29,41	657	26.01
42	29,41	659	26.39
42	29,41	661	21.28
42	29,41	667	38.56
42	29,41	693	26.15
42	30	12	24.61
42	30	76	20.70
42	30	93	33.01
42	30	115	46.55
42	30	156	44.14
42	30	159	21.58
42	30	206	66.21
42	30	276	20.85
42	30	322	21.15
42	30	331	33.79
42	30	348	18.68
42	30	358	38.89
42	30	375	29.94
42	30	402	55.07
42	30	409	51.73
42	30	411	43.32
42	30	423	50.82
42	30	457	34.38
42	30	479	19.73
42	30	518	19.49
42	30	599	23.07
42	30	638	36.99
42	30	640	22.44
42	30,43	115	63.89
42	30,43	156	59.45
42	30,43	276	35.31
42	30,43	331	43.45
42	30,43	375	45.41
42	30,43	402	73.46
42	30,43	411	57.20
42	30,43	640	36.90
42	31	17	40.73
42	31	24	48.48
42	31	105	39.73
42	31	147	14.34
42	31	204	37.87
42	31	245	16.15
42	31	270	13.59
42	31	370	29.17
42	31	429	30.56
42	31	438	23.32
42	31	440	17.07
42	31	497	52.58
42	31	504	16.38
42	31	511	33.14
42	31	538	13.06
42	31	540	17.01
42	31	586	16.92
42	31	616	14.77
42	31,47	17	49.93
42	31,47	105	49.24
42	31,47	147	22.24
42	31,47	245	24.66
42	31,47	270	22.27
42	31,47	370	38.10
42	31,47	429	40.58
42	31,47	438	31.08
42	31,47	440	27.85
42	31,47	497	62.69
42	31,47	504	26.34
42	31,47	511	39.86
42	31,47	538	21.73
42	31,47	540	27.17
42	31,47	586	25.66
42	31,47	616	23.49
42	32	8	34.96
42	32	13	19.69
42	32	47	22.38
42	32	52	15.13
42	32	56	43.97
42	32	62	18.70
42	32	64	35.79
42	32	78	16.24
42	32	86	15.25
42	32	123	16.52
42	32	124	18.94
42	32	131	37.38
42	32	138	48.44
42	32	140	17.76
42	32	142	16.48
42	32	153	31.08
42	32	154	38.17
42	32	163	39.45
42	32	175	36.35
42	32	176	47.27
42	32	199	39.55
42	32	205	22.46
42	32	222	29.44
42	32	228	40.94
42	32	229	17.99
42	32	237	27.54
42	32	239	33.65
42	32	242	26.77
42	32	257	18.99
42	32	273	52.62
42	32	277	29.55
42	32	282	38.25
42	32	300	27.68
42	32	320	42.13
42	32	343	40.80
42	32	362	49.01
42	32	367	18.10
42	32	393	20.80
42	32	410	18.04
42	32	426	17.38
42	32	463	23.61
42	32	465	22.28
42	32	489	19.56
42	32	494	23.10
42	32	498	20.79
42	32	520	38.86
42	32	521	17.04
42	32	523	17.32
42	32	533	20.86
42	32	534	14.44
42	32	543	28.14
42	32	590	34.73
42	32	610	36.80
42	32	622	25.87
42	32	642	21.44
42	32	645	31.75
42	32	652	17.04
42	32	669	39.48
42	32	691	17.06
42	32	699	19.27
42	33	32	46.38
42	33	36	26.59
42	33	63	34.72
42	33	74	55.59
42	33	118	54.87
42	33	119	39.20
42	33	125	21.32
42	33	162	17.69
42	33	182	36.85
42	33	217	27.30
42	33	232	44.35
42	33	318	56.38
42	33	340	44.21
42	33	341	20.55
42	33	360	32.73
42	33	364	36.70
42	33	424	58.03
42	33	468	24.49
42	33	501	30.42
42	33	507	24.87
42	33	517	23.11
42	33	570	24.23
42	33	571	50.15
42	33	603	39.86
42	33	609	20.75
42	33	650	51.82
42	33,34	32	64.24
42	33,34	36	57.39
42	33,34	63	48.49
42	33,34	74	75.37
42	33,34	119	56.93
42	33,34	125	35.70
42	33,34	162	36.34
42	33,34	182	53.49
42	33,34	217	43.13
42	33,34	232	60.75
42	33,34	318	71.21
42	33,34	340	58.54
42	33,34	341	41.34
42	33,34	360	48.44
42	33,34	364	55.20
42	33,34	424	76.03
42	33,34	468	38.79
42	33,34	517	38.68
42	33,34	570	41.10
42	33,34	571	70.48
42	33,34	609	40.58
42	33,34	650	68.10
42	34	32	53.75
42	34	36	33.68
42	34	63	37.83
42	34	74	63.37
42	34	92	40.85
42	34	94	67.01
42	34	102	55.45
42	34	112	59.38
42	34	118	58.39
42	34	119	46.62
42	34	125	25.20
42	34	162	25.59
42	34	172	42.54
42	34	182	41.99
42	34	217	30.01
42	34	232	49.61
42	34	256	27.63
42	34	280	38.37
42	34	291	43.08
42	34	293	56.01
42	34	307	29.21
42	34	311	28.58
42	34	318	59.73
42	34	332	50.72
42	34	340	47.56
42	34	341	29.23
42	34	360	37.85
42	34	364	43.14
42	34	372	35.63
42	34	398	31.65
42	34	405	53.54
42	34	424	64.07
42	34	455	50.79
42	34	456	50.15
42	34	461	59.63
42	34	468	27.48
42	34	490	29.06
42	34	515	51.73
42	34	517	26.03
42	34	570	29.28
42	34	571	58.14
42	34	573	50.70
42	34	598	54.25
42	34	609	29.11
42	34	650	56.87
42	34	655	26.44
42	35	22	44.87
42	35	26	15.99
42	35	73	39.39
42	35	96	30.92
42	35	97	50.63
42	35	109	17.06
42	35	127	67.28
42	35	171	21.45
42	35	180	57.23
42	35	181	45.79
42	35	221	33.48
42	35	283	29.52
42	35	314	42.34
42	35	363	20.97
42	35	368	29.68
42	35	373	70.31
42	35	381	18.73
42	35	385	33.83
42	35	399	32.89
42	35	442	18.27
42	35	491	44.35
42	35	492	20.27
42	35	516	46.06
42	35	531	27.34
42	35	560	24.54
42	35	568	14.75
42	35	617	47.72
42	35	618	20.76
42	35	644	20.34
42	35	671	46.25
42	36	42	57.15
42	36	72	21.66
42	36	122	25.54
42	36	137	28.51
42	36	145	41.65
42	36	169	67.27
42	36	208	52.31
42	36	294	61.21
42	36	296	44.45
42	36	308	53.89
42	36	321	48.66
42	36	339	43.45
42	36	376	24.13
42	36	439	55.10
42	36	478	48.25
42	36	524	52.61
42	36	541	30.34
42	36	574	51.52
42	36	607	46.13
42	36	635	26.06
42	37	3	15.66
42	37	14	49.49
42	37	25	34.99
42	37	29	39.83
42	37	31	28.68
42	37	48	34.59
42	37	49	41.62
42	37	57	29.69
42	37	65	34.79
42	37	84	33.17
42	37	113	30.79
42	37	126	33.69
42	37	139	22.06
42	37	160	37.44
42	37	177	19.07
42	37	183	21.44
42	37	215	34.89
42	37	226	30.06
42	37	243	20.35
42	37	269	17.01
42	37	281	50.34
42	37	297	24.44
42	37	306	44.20
42	37	325	18.85
42	37	350	19.59
42	37	354	35.14
42	37	378	17.75
42	37	388	36.87
42	37	400	19.23
42	37	407	42.27
42	37	408	20.49
42	37	419	23.75
42	37	471	47.44
42	37	481	30.49
42	37	505	19.87
42	37	513	18.62
42	37	514	22.89
42	37	522	25.77
42	37	532	27.76
42	37	539	31.62
42	37	548	19.90
42	37	549	20.39
42	37	555	17.92
42	37	565	47.17
42	37	567	36.72
42	37	582	21.97
42	37	583	18.25
42	37	602	26.48
42	37	604	19.03
42	37	613	19.51
42	37	614	35.99
42	37	615	16.51
42	37	643	22.86
42	37	672	20.30
42	37	687	16.28
42	37,40	3	32.92
42	37,40	31	46.52
42	37,40	65	43.72
42	37,40	84	46.15
42	37,40	113	40.69
42	37,40	126	45.73
42	37,40	160	55.76
42	37,40	215	46.01
42	37,40	269	33.56
42	37,40	297	39.83
42	37,40	354	48.21
42	37,40	388	51.18
42	37,40	400	36.93
42	37,40	408	33.56
42	37,40	419	38.96
42	37,40	513	34.25
42	37,40	514	37.72
42	37,40	548	32.42
42	37,40	549	35.08
42	37,40	555	31.15
42	37,40	582	35.93
42	37,40	604	31.18
42	37,40	613	33.25
42	37,40	614	47.56
42	37,40	615	29.62
42	37,40	672	33.17
42	37,40	687	29.97
42	38	3	16.25
42	38	11	30.44
42	38	14	47.23
42	38	29	41.44
42	38	31	27.42
42	38	48	31.45
42	38	49	39.90
42	38	57	24.31
42	38	84	34.58
42	38	113	29.11
42	38	126	35.76
42	38	139	18.76
42	38	160	43.06
42	38	177	17.07
42	38	183	17.39
42	38	215	33.01
42	38	226	28.27
42	38	243	18.45
42	38	248	41.61
42	38	269	19.13
42	38	281	52.20
42	38	297	26.54
42	38	306	40.59
42	38	309	18.06
42	38	325	14.87
42	38	335	35.45
42	38	350	14.04
42	38	354	37.42
42	38	378	15.30
42	38	400	19.66
42	38	407	40.31
42	38	408	18.04
42	38	419	20.69
42	38	450	27.70
42	38	471	38.55
42	38	481	26.59
42	38	505	14.27
42	38	508	24.49
42	38	513	20.46
42	38	514	20.06
42	38	522	22.68
42	38	532	22.31
42	38	539	33.44
42	38	548	17.37
42	38	549	15.90
42	38	565	45.56
42	38	567	33.37
42	38	582	19.25
42	38	583	14.21
42	38	588	18.51
42	38	602	22.55
42	38	604	16.70
42	38	614	33.97
42	38	615	14.79
42	38	636	29.28
42	38	643	17.04
42	38	674	43.61
42	38	687	17.80
42	39	21	25.20
42	39	61	43.76
42	39	68	21.34
42	39	71	38.34
42	39	81	34.18
42	39	85	40.39
42	39	87	22.92
42	39	88	29.42
42	39	90	33.42
42	39	117	25.76
42	39	121	52.00
42	39	144	42.76
42	39	149	24.63
42	39	152	48.34
42	39	157	41.00
42	39	167	63.24
42	39	174	42.46
42	39	223	21.49
42	39	258	45.70
42	39	275	23.17
42	39	298	41.20
42	39	301	51.25
42	39	310	21.31
42	39	329	35.27
42	39	352	59.06
42	39	361	40.41
42	39	365	32.49
42	39	394	39.04
42	39	395	51.34
42	39	413	47.94
42	39	415	39.25
42	39	416	58.46
42	39	418	20.48
42	39	421	38.08
42	39	434	18.03
42	39	483	30.13
42	39	488	30.03
42	39	502	43.41
42	39	525	29.25
42	39	530	30.51
42	39	536	36.35
42	39	591	22.21
42	39	595	20.51
42	39	611	49.90
42	39	677	23.66
42	39	680	23.13
42	39,49	68	47.01
42	39,49	310	50.52
42	39,49	415	62.28
42	39,49	416	84.87
42	39,49	488	56.38
42	40	3	18.45
42	40	14	46.11
42	40	25	43.73
42	40	29	38.62
42	40	31	29.21
42	40	65	30.63
42	40	84	32.62
42	40	113	27.21
42	40	126	30.76
42	40	160	44.15
42	40	168	44.66
42	40	189	52.01
42	40	215	32.21
42	40	269	18.45
42	40	281	50.44
42	40	297	25.39
42	40	306	45.32
42	40	323	20.68
42	40	354	36.39
42	40	388	36.49
42	40	400	21.52
42	40	407	38.87
42	40	408	18.28
42	40	419	21.14
42	40	513	18.14
42	40	514	20.42
42	40	548	17.68
42	40	549	21.32
42	40	555	15.48
42	40	567	37.77
42	40	582	19.48
42	40	604	16.93
42	40	605	19.97
42	40	613	17.58
42	40	614	33.21
42	40	615	15.37
42	40	653	19.08
42	40	672	18.83
42	40	687	15.72
42	40,45	3	28.70
42	40,45	31	40.28
42	40,45	65	39.96
42	40,45	84	42.27
42	40,45	113	36.87
42	40,45	126	43.31
42	40,45	160	53.99
42	40,45	168	55.21
42	40,45	215	42.01
42	40,45	269	28.42
42	40,45	297	35.75
42	40,45	354	44.94
42	40,45	388	47.30
42	40,45	400	32.46
42	40,45	408	28.46
42	40,45	419	33.80
42	40,45	513	28.73
42	40,45	514	32.89
42	40,45	548	27.35
42	40,45	549	30.90
42	40,45	555	25.83
42	40,45	582	31.21
42	40,45	604	26.38
42	40,45	613	27.93
42	40,45	614	43.45
42	40,45	615	24.82
42	40,45	672	28.28
42	40,45	687	25.17
42	41	18	21.00
42	41	33	14.73
42	41	41	24.31
42	41	67	49.03
42	41	75	46.10
42	41	77	47.99
42	41	89	10.69
42	41	128	29.55
42	41	130	19.30
42	41	143	32.01
42	41	146	19.46
42	41	158	44.85
42	41	161	46.83
42	41	164	29.18
42	41	170	22.82
42	41	173	16.21
42	41	185	17.49
42	41	190	14.70
42	41	191	34.42
42	41	209	11.73
42	41	211	14.13
42	41	212	14.45
42	41	220	28.34
42	41	231	12.56
42	41	261	16.97
42	41	272	17.14
42	41	279	19.58
42	41	285	40.46
42	41	304	13.00
42	41	312	19.18
42	41	316	15.25
42	41	317	12.25
42	41	324	25.51
42	41	342	15.99
42	41	346	46.96
42	41	355	39.97
42	41	369	20.87
42	41	387	39.61
42	41	420	34.45
42	41	428	20.76
42	41	464	15.86
42	41	500	26.34
42	41	506	29.73
42	41	510	18.49
42	41	535	16.08
42	41	544	16.37
42	41	553	16.39
42	41	562	30.28
42	41	584	20.62
42	41	621	15.96
42	41	628	15.15
42	41	657	16.28
42	41	659	16.66
42	41	661	11.70
42	41	667	27.54
42	41	693	16.42
42	41	704	37.03
42	42	6	17.80
42	42	28	49.30
42	42	30	25.03
42	42	36	43.10
42	42	54	51.87
42	42	80	36.79
42	42	92	36.61
42	42	94	61.72
42	42	102	48.89
42	42	112	48.70
42	42	129	18.20
42	42	172	37.04
42	42	186	19.92
42	42	193	19.10
42	42	210	47.08
42	42	213	43.37
42	42	217	23.83
42	42	230	19.65
42	42	241	17.38
42	42	244	19.21
42	42	254	17.37
42	42	256	15.96
42	42	280	27.23
42	42	293	44.18
42	42	303	40.82
42	42	307	18.39
42	42	311	16.30
42	42	330	18.11
42	42	332	46.39
42	42	338	25.55
42	42	349	29.52
42	42	353	40.63
42	42	377	17.24
42	42	398	18.89
42	42	404	18.55
42	42	405	38.03
42	42	430	18.72
42	42	432	47.45
42	42	436	20.35
42	42	444	44.07
42	42	455	41.52
42	42	456	39.63
42	42	461	47.82
42	42	468	20.75
42	42	490	17.92
42	42	496	39.66
42	42	515	42.83
42	42	517	22.28
42	42	519	20.59
42	42	554	21.03
42	42	557	47.08
42	42	561	32.03
42	42	573	36.45
42	42	576	18.14
42	42	579	19.80
42	42	580	17.14
42	42	593	24.93
42	42	596	25.82
42	42	597	18.56
42	42	598	47.70
42	42	608	18.27
42	42	625	45.48
42	42	637	47.62
42	42	641	19.65
42	42	649	36.75
42	42	651	19.80
42	42	655	16.15
42	42	656	19.17
42	42	662	19.80
42	42	663	17.87
42	42	664	19.54
42	42	665	43.41
42	42	666	16.92
42	42	668	18.23
42	42	678	18.80
42	42	682	16.96
42	42	688	18.14
42	42	689	18.08
42	42	690	17.90
42	42	694	19.61
42	42	695	17.93
42	42	698	20.87
42	42	701	20.66
42	42	702	17.90
42	42	703	17.90
42	43	7	33.83
42	43	19	21.31
42	43	35	23.77
42	43	37	17.28
42	43	40	44.73
42	43	51	18.14
42	43	103	14.48
42	43	106	23.75
42	43	111	16.15
42	43	115	37.21
42	43	156	41.94
42	43	187	51.46
42	43	188	24.13
42	43	195	17.39
42	43	206	63.49
42	43	207	45.00
42	43	214	62.73
42	43	233	14.96
42	43	236	45.44
42	43	246	16.69
42	43	250	45.99
42	43	253	14.65
42	43	259	41.06
42	43	276	18.11
42	43	278	17.61
42	43	289	29.10
42	43	299	51.01
42	43	319	22.04
42	43	331	24.97
42	43	344	16.37
42	43	345	45.87
42	43	356	32.52
42	43	358	37.70
42	43	375	26.21
42	43	392	19.18
42	43	402	46.28
42	43	409	47.83
42	43	411	41.99
42	43	416	39.62
42	43	423	52.38
42	43	425	17.46
42	43	427	20.92
42	43	452	23.65
42	43	454	14.99
42	43	467	60.39
42	43	472	19.37
42	43	474	44.69
42	43	484	25.23
42	43	486	17.92
42	43	493	20.85
42	43	509	25.61
42	43	525	30.06
42	43	527	25.83
42	43	542	32.35
42	43	550	26.72
42	43	566	16.99
42	43	572	46.52
42	43	575	26.55
42	43	620	23.49
42	43	623	38.42
42	43	629	17.48
42	43	632	18.68
42	43	633	20.46
42	43	634	38.68
42	43	640	16.52
42	43	648	17.23
42	43	654	19.32
42	43	673	20.06
42	43	700	20.38
42	43,46	19	37.48
42	43,46	35	40.35
42	43,46	37	32.24
42	43,46	40	59.38
42	43,46	51	33.77
42	43,46	103	29.38
42	43,46	106	40.51
42	43,46	111	32.23
42	43,46	115	54.61
42	43,46	156	59.21
42	43,46	188	39.83
42	43,46	195	32.52
42	43,46	207	61.66
42	43,46	233	30.42
42	43,46	246	32.48
42	43,46	253	29.63
42	43,46	276	33.10
42	43,46	278	33.34
42	43,46	289	44.15
42	43,46	319	38.20
42	43,46	331	34.56
42	43,46	344	32.14
42	43,46	345	63.77
42	43,46	356	47.35
42	43,46	375	43.65
42	43,46	392	35.32
42	43,46	402	63.66
42	43,46	411	57.63
42	43,46	416	56.70
42	43,46	425	34.06
42	43,46	427	36.72
42	43,46	452	40.37
42	43,46	454	30.41
42	43,46	472	35.18
42	43,46	484	42.58
42	43,46	486	32.87
42	43,46	493	36.68
42	43,46	509	42.23
42	43,46	525	47.00
42	43,46	527	43.03
42	43,46	542	50.18
42	43,46	550	44.61
42	43,46	566	33.69
42	43,46	575	42.42
42	43,46	620	41.93
42	43,46	623	56.62
42	43,46	629	33.24
42	43,46	632	34.44
42	43,46	633	36.23
42	43,46	634	56.87
42	43,46	640	31.51
42	43,46	648	32.99
42	43,46	654	35.08
42	43,46	673	35.82
42	43,46	700	36.14
42	44	9	40.51
42	44	15	21.32
42	44	16	50.37
42	44	23	54.97
42	44	38	47.41
42	44	83	56.48
42	44	99	56.18
42	44	165	31.86
42	44	166	70.69
42	44	192	61.80
42	44	201	32.30
42	44	247	44.39
42	44	249	22.93
42	44	251	67.61
42	44	260	35.21
42	44	264	44.73
42	44	288	23.39
42	44	313	37.34
42	44	333	50.89
42	44	347	65.18
42	44	351	42.20
42	44	389	52.90
42	44	453	26.23
42	44	459	25.65
42	44	470	60.82
42	44	473	49.17
42	44	594	24.42
42	44	660	68.62
42	44	696	21.21
42	45	3	13.31
42	45	14	45.52
42	45	25	36.27
42	45	29	36.66
42	45	31	27.89
42	45	48	33.11
42	45	49	40.00
42	45	65	33.20
42	45	84	29.28
42	45	113	28.89
42	45	126	27.06
42	45	139	18.83
42	45	160	38.49
42	45	168	47.35
42	45	177	16.54
42	45	183	19.31
42	45	215	33.25
42	45	243	18.04
42	45	269	14.03
42	45	281	47.32
42	45	297	19.65
42	45	306	42.48
42	45	325	16.93
42	45	350	16.23
42	45	354	35.58
42	45	378	15.46
42	45	388	33.76
42	45	400	16.94
42	45	407	38.24
42	45	408	17.73
42	45	419	20.73
42	45	471	44.90
42	45	481	28.52
42	45	505	17.13
42	45	513	13.99
42	45	514	19.96
42	45	522	24.01
42	45	532	24.58
42	45	539	29.38
42	45	548	17.08
42	45	549	18.00
42	45	555	13.27
42	45	565	44.48
42	45	567	34.87
42	45	582	19.10
42	45	583	16.21
42	45	602	24.62
42	45	604	16.28
42	45	613	15.08
42	45	614	34.23
42	45	615	13.32
42	45	643	20.23
42	45	672	16.92
42	45	687	12.17
42	46	7	32.07
42	46	19	19.15
42	46	35	22.00
42	46	37	15.51
42	46	40	43.30
42	46	51	16.54
42	46	103	13.00
42	46	106	21.99
42	46	111	14.34
42	46	115	35.45
42	46	156	40.11
42	46	187	50.48
42	46	188	22.52
42	46	195	15.65
42	46	206	61.61
42	46	207	43.24
42	46	214	60.70
42	46	233	13.37
42	46	236	43.94
42	46	246	14.86
42	46	250	44.62
42	46	253	13.15
42	46	259	39.06
42	46	276	16.39
42	46	278	15.63
42	46	289	27.59
42	46	299	49.15
42	46	319	19.97
42	46	331	22.56
42	46	344	14.56
42	46	345	44.17
42	46	356	27.07
42	46	358	36.23
42	46	375	24.32
42	46	392	17.51
42	46	402	44.42
42	46	409	46.24
42	46	411	40.35
42	46	416	43.92
42	46	423	47.28
42	46	425	15.31
42	46	427	18.93
42	46	452	21.34
42	46	454	13.34
42	46	467	58.73
42	46	472	17.32
42	46	474	43.20
42	46	484	22.75
42	46	486	16.23
42	46	493	18.82
42	46	509	23.86
42	46	525	28.23
42	46	527	24.23
42	46	542	35.17
42	46	550	23.72
42	46	566	14.83
42	46	572	44.80
42	46	575	24.93
42	46	620	20.51
42	46	623	36.42
42	46	629	15.48
42	46	632	16.68
42	46	633	18.46
42	46	634	36.68
42	46	640	14.80
42	46	648	15.23
42	46	654	17.32
42	46	673	18.06
42	46	700	18.38
42	47	17	38.80
42	47	24	46.83
42	47	105	37.75
42	47	147	11.68
42	47	204	34.86
42	47	245	12.76
42	47	270	10.89
42	47	370	26.72
42	47	429	27.93
42	47	438	20.61
42	47	440	12.38
42	47	497	50.58
42	47	504	12.24
42	47	511	28.69
42	47	538	9.86
42	47	540	13.94
42	47	586	14.34
42	47	616	11.28
42	48	1	36.28
42	48	2	22.14
42	48	10	11.94
42	48	20	33.27
42	48	27	23.25
42	48	34	10.37
42	48	50	23.68
42	48	58	42.87
42	48	61	42.32
42	48	71	24.42
42	48	79	26.11
42	48	104	44.94
42	48	151	15.14
42	48	216	15.55
42	48	219	10.32
42	48	227	44.01
42	48	234	11.83
42	48	252	26.99
42	48	284	36.72
42	48	287	28.28
42	48	295	29.20
42	48	298	39.17
42	48	326	14.75
42	48	327	30.38
42	48	394	35.89
42	48	397	17.92
42	48	406	29.85
42	48	435	41.80
42	48	483	18.66
42	48	495	14.66
42	48	529	22.85
42	48	624	32.11
42	48	697	14.62
42	49	7	34.75
42	49	37	24.46
42	49	40	40.89
42	49	59	25.79
42	49	68	23.38
42	49	93	33.46
42	49	107	23.70
42	49	156	43.66
42	49	159	27.92
42	49	187	60.06
42	49	206	72.20
42	49	207	50.44
42	49	310	25.75
42	49	322	20.97
42	49	331	37.35
42	49	348	24.00
42	49	358	38.90
42	49	371	24.34
42	49	375	31.28
42	49	402	59.70
42	49	409	53.13
42	49	411	48.69
42	49	415	48.93
42	49	416	62.11
42	49	423	64.51
42	49	457	34.39
42	49	479	25.65
42	49	488	31.86
42	49	518	25.38
42	49	638	50.94
