Task=59 Orders=38 Vehicles=375 Scores=1833
59	1	58	52.08
59	1	79	30.72
59	1	113	44.77
59	1	114	38.99
59	1	116	47.23
59	1	135	51.73
59	1	161	42.69
59	1	171	47.39
59	1	173	56.51
59	1	175	39.18
59	1	185	46.52
59	1	242	55.39
59	1	247	84.07
59	1	279	65.48
59	1	281	64.58
59	1	293	45.08
59	1	294	61.01
59	1	300	23.96
59	1	317	72.52
59	1,10	79	46.63
59	1,10	113	60.65
59	1,10	114	53.11
59	1,10	116	63.58
59	1,10	161	57.27
59	1,10	171	64.34
59	1,10	175	55.30
59	1,10	185	62.27
59	1,10	242	71.99
59	1,10	247	105.37
59	1,10	281	81.59
59	1,10	293	61.72
59	1,10	294	76.13
59	2	2	16.93
59	2	6	27.59
59	2	73	46.25
59	2	80	39.28
59	2	106	48.97
59	2	108	42.39
59	2	118	59.23
59	2	161	38.37
59	2	183	60.97
59	2	185	44.99
59	2	190	37.80
59	2	202	53.35
59	2	206	39.03
59	2	222	47.56
59	2	228	33.45
59	2	233	45.42
59	2	238	30.92
59	2	239	49.46
59	2	240	52.66
59	2	244	39.38
59	2	246	34.37
59	2	284	20.31
59	2	308	32.59
59	2	313	43.14
59	2	317	58.76
59	2	319	24.25
59	2	320	31.21
59	2	325	13.13
59	2	332	29.46
59	2	334	26.31
59	2	338	46.97
59	2	345	39.38
59	2	359	52.48
59	2	368	17.44
59	2	370	19.25
59	2	371	16.54
59	2,9	190	68.35
59	3	3	40.89
59	3	14	15.56
59	3	15	16.24
59	3	18	21.01
59	3	26	17.66
59	3	29	24.48
59	3	30	15.73
59	3	36	31.23
59	3	48	16.01
59	3	67	32.30
59	3	94	47.83
59	3	103	26.89
59	3	112	30.73
59	3	117	25.49
59	3	121	21.63
59	3	142	32.41
59	3	155	27.34
59	3	157	46.14
59	3	181	15.30
59	3	200	37.69
59	3	205	30.51
59	3	209	15.56
59	3	217	11.39
59	3	226	26.97
59	3	229	30.28
59	3	271	27.58
59	3	272	16.38
59	3	285	50.55
59	3	304	11.39
59	3	305	13.24
59	3	306	19.42
59	3	331	10.41
59	3	335	60.10
59	3	342	15.27
59	3	363	21.97
59	3,19	3	52.65
59	3,19	14	27.51
59	3,19	15	28.59
59	3,19	26	29.77
59	3,19	29	36.99
59	3,19	30	28.07
59	3,19	48	27.27
59	3,19	67	43.63
59	3,19	103	37.37
59	3,19	112	45.44
59	3,19	121	33.41
59	3,19	142	44.20
59	3,19	157	58.37
59	3,19	181	23.52
59	3,19	205	41.96
59	3,19	209	24.27
59	3,19	217	19.46
59	3,19	226	39.13
59	3,19	271	43.42
59	3,19	272	23.49
59	3,19	304	19.79
59	3,19	305	21.44
59	3,19	306	28.34
59	3,19	331	18.37
59	3,19	342	27.85
59	3,19	363	33.42
59	4	12	13.41
59	4	46	10.52
59	4	56	15.44
59	4	59	16.18
59	4	69	26.80
59	4	86	43.45
59	4	88	10.55
59	4	89	9.45
59	4	122	11.72
59	4	137	17.00
59	4	145	46.41
59	4	151	15.06
59	4	152	22.30
59	4	158	17.90
59	4	168	18.30
59	4	177	14.93
59	4	187	11.08
59	4	195	33.56
59	4	199	15.06
59	4	203	14.69
59	4	204	40.49
59	4	213	14.37
59	4	234	10.54
59	4	236	40.46
59	4	257	16.37
59	4	265	14.14
59	4	269	41.69
59	4	270	36.15
59	4	297	16.96
59	4	307	40.61
59	4	312	14.07
59	4	314	14.17
59	4	316	37.28
59	4	322	43.37
59	4	330	48.99
59	4	336	19.34
59	4	348	14.96
59	4	358	29.66
59	4	360	45.46
59	4	364	16.63
59	4	365	14.18
59	4	369	16.01
59	4,24	12	19.69
59	4,24	46	18.23
59	4,24	56	23.55
59	4,24	59	23.34
59	4,24	69	34.07
59	4,24	88	18.52
59	4,24	89	16.49
59	4,24	122	19.66
59	4,24	137	24.38
59	4,24	151	22.65
59	4,24	152	29.31
59	4,24	158	24.80
59	4,24	168	26.68
59	4,24	177	21.79
59	4,24	187	18.11
59	4,24	195	40.18
59	4,24	199	22.01
59	4,24	203	21.69
59	4,24	204	47.96
59	4,24	213	21.30
59	4,24	234	16.99
59	4,24	236	47.27
59	4,24	257	27.56
59	4,24	265	20.66
59	4,24	269	48.13
59	4,24	270	42.66
59	4,24	297	23.45
59	4,24	312	22.11
59	4,24	314	21.17
59	4,24	316	44.31
59	4,24	330	55.04
59	4,24	336	27.66
59	4,24	348	22.97
59	4,24	358	36.68
59	4,24	364	23.49
59	4,24	365	22.28
59	4,24	369	23.14
59	5	1	47.07
59	5	5	44.42
59	5	25	26.69
59	5	27	19.27
59	5	50	43.39
59	5	52	31.59
59	5	54	34.46
59	5	68	48.55
59	5	74	24.73
59	5	82	33.03
59	5	109	30.41
59	5	120	16.75
59	5	127	17.54
59	5	133	16.44
59	5	134	41.03
59	5	139	17.25
59	5	149	27.56
59	5	164	35.39
59	5	178	17.86
59	5	186	30.86
59	5	208	43.73
59	5	216	41.41
59	5	219	58.82
59	5	237	31.07
59	5	251	13.75
59	5	278	36.32
59	5	282	32.08
59	5	283	41.13
59	5	286	32.89
59	5	301	40.90
59	5	323	21.54
59	5	324	14.93
59	5	329	41.28
59	5	343	46.52
59	5	373	40.20
59	5,20	5	54.63
59	5,20	50	62.20
59	5,20	82	55.82
59	5,20	133	35.97
59	5,20	139	29.38
59	5,20	149	45.66
59	5,20	164	56.17
59	5,20	178	38.27
59	5,20	208	62.03
59	5,20	251	33.97
59	5,20	282	46.21
59	5,20	286	54.90
59	5,20	323	41.21
59	5,20	324	34.80
59	5,29	25	37.35
59	5,29	27	26.61
59	5,29	50	60.15
59	5,29	54	42.89
59	5,29	74	34.76
59	5,29	82	40.86
59	5,29	109	41.94
59	5,29	120	27.83
59	5,29	127	27.41
59	5,29	133	27.32
59	5,29	134	55.59
59	5,29	139	25.82
59	5,29	149	36.20
59	5,29	164	48.17
59	5,29	178	25.79
59	5,29	186	42.30
59	5,29	208	60.55
59	5,29	216	52.20
59	5,29	219	64.37
59	5,29	237	39.49
59	5,29	251	24.68
59	5,29	282	42.97
59	5,29	283	52.70
59	5,29	286	40.35
59	5,29	301	54.30
59	5,29	323	31.93
59	5,29	324	25.80
59	5,29	329	51.54
59	5,29	373	49.59
59	5,30	5	54.61
59	5,30	25	38.37
59	5,30	27	30.89
59	5,30	50	61.20
59	5,30	54	45.54
59	5,30	74	36.82
59	5,30	82	44.73
59	5,30	109	43.70
59	5,30	120	30.03
59	5,30	127	29.51
59	5,30	133	29.04
59	5,30	134	52.54
59	5,30	139	28.11
59	5,30	149	40.20
59	5,30	164	46.72
59	5,30	178	30.04
59	5,30	186	44.97
59	5,30	208	61.34
59	5,30	216	55.24
59	5,30	219	68.11
59	5,30	237	42.99
59	5,30	251	26.41
59	5,30	282	44.61
59	5,30	286	44.25
59	5,30	323	33.66
59	5,30	324	27.54
59	5,30	329	54.46
59	5,30	373	52.89
59	6	4	18.72
59	6	7	39.51
59	6	16	41.56
59	6	24	33.11
59	6	35	20.28
59	6	65	24.35
59	6	75	16.59
59	6	97	16.45
59	6	98	49.75
59	6	100	43.37
59	6	111	16.86
59	6	119	19.34
59	6	130	40.13
59	6	132	15.93
59	6	148	16.21
59	6	162	17.68
59	6	184	40.56
59	6	196	36.55
59	6	201	44.14
59	6	207	16.20
59	6	211	22.83
59	6	218	28.62
59	6	223	21.18
59	6	225	24.77
59	6	227	44.83
59	6	235	28.96
59	6	243	44.44
59	6	245	37.06
59	6	249	14.85
59	6	255	16.38
59	6	276	56.54
59	6	289	21.31
59	6	292	19.73
59	6	297	21.03
59	6	316	34.73
59	6	321	13.04
59	6	356	43.41
59	6,8	4	32.96
59	6,8	7	56.31
59	6,8	16	59.65
59	6,8	24	51.30
59	6,8	35	33.90
59	6,8	65	37.87
59	6,8	75	30.39
59	6,8	97	30.34
59	6,8	111	31.45
59	6,8	119	33.03
59	6,8	132	29.45
59	6,8	148	30.31
59	6,8	162	31.24
59	6,8	184	56.63
59	6,8	196	56.06
59	6,8	201	61.24
59	6,8	207	30.07
59	6,8	211	31.52
59	6,8	218	46.56
59	6,8	223	35.39
59	6,8	225	40.46
59	6,8	235	44.17
59	6,8	249	28.42
59	6,8	255	26.42
59	6,8	276	76.69
59	6,8	289	34.69
59	6,8	292	35.08
59	6,8	297	35.21
59	6,8	316	52.87
59	6,8	321	27.48
59	6,8	356	61.30
59	6,33	75	31.17
59	6,33	97	31.58
59	6,33	132	28.93
59	6,33	184	60.68
59	6,33	207	30.10
59	6,33	218	50.90
59	6,33	225	44.46
59	6,33	249	28.04
59	6,33	255	35.62
59	6,33	289	42.46
59	6,33	356	65.62
59	7	4	20.11
59	7	7	40.55
59	7	9	19.46
59	7	12	13.93
59	7	16	43.21
59	7	41	21.85
59	7	46	15.90
59	7	56	15.96
59	7	59	19.10
59	7	66	29.15
59	7	76	42.89
59	7	86	50.24
59	7	88	19.31
59	7	89	14.42
59	7	91	18.07
59	7	98	55.18
59	7	99	22.27
59	7	111	22.18
59	7	122	18.94
59	7	132	17.17
59	7	145	47.39
59	7	148	16.90
59	7	152	26.04
59	7	158	18.42
59	7	177	14.70
59	7	184	43.00
59	7	187	14.75
59	7	193	20.77
59	7	194	22.52
59	7	195	37.75
59	7	199	15.59
59	7	203	14.55
59	7	204	44.73
59	7	207	18.38
59	7	210	21.41
59	7	213	18.70
59	7	223	23.96
59	7	225	23.76
59	7	227	38.90
59	7	234	15.21
59	7	243	52.42
59	7	245	33.58
59	7	262	36.85
59	7	265	16.65
59	7	269	42.48
59	7	270	40.52
59	7	297	16.66
59	7	307	46.42
59	7	312	21.41
59	7	314	14.03
59	7	316	38.10
59	7	330	49.21
59	7	349	24.52
59	7	358	29.51
59	7	364	17.38
59	7	369	16.54
59	7,13	4	31.93
59	7,13	7	51.70
59	7,13	9	31.31
59	7,13	12	24.30
59	7,13	16	54.82
59	7,13	41	33.34
59	7,13	46	26.70
59	7,13	56	28.58
59	7,13	59	30.42
59	7,13	66	40.92
59	7,13	76	54.52
59	7,13	88	31.83
59	7,13	89	25.18
59	7,13	91	28.94
59	7,13	99	35.23
59	7,13	111	34.75
59	7,13	122	31.62
59	7,13	132	28.13
59	7,13	148	27.79
59	7,13	152	37.52
59	7,13	158	30.20
59	7,13	177	26.07
59	7,13	184	55.17
59	7,13	187	25.70
59	7,13	195	48.77
59	7,13	199	27.11
59	7,13	203	25.82
59	7,13	207	30.15
59	7,13	210	34.70
59	7,13	213	29.79
59	7,13	223	35.72
59	7,13	225	34.80
59	7,13	234	25.46
59	7,13	262	48.82
59	7,13	265	28.17
59	7,13	269	53.68
59	7,13	297	28.07
59	7,13	314	25.30
59	7,13	316	49.52
59	7,13	349	44.76
59	7,13	358	41.48
59	7,13	364	28.65
59	7,13	369	28.46
59	7,24	12	26.15
59	7,24	41	34.72
59	7,24	46	27.52
59	7,24	56	31.14
59	7,24	59	33.24
59	7,24	88	32.34
59	7,24	89	26.20
59	7,24	122	31.85
59	7,24	152	40.08
59	7,24	158	32.86
59	7,24	177	28.85
59	7,24	187	27.96
59	7,24	195	49.96
59	7,24	199	29.82
59	7,24	203	28.10
59	7,24	204	59.35
59	7,24	213	31.13
59	7,24	234	27.10
59	7,24	265	31.62
59	7,24	269	58.14
59	7,24	270	52.70
59	7,24	297	31.10
59	7,24	312	35.06
59	7,24	314	27.58
59	7,24	316	51.45
59	7,24	330	65.06
59	7,24	358	43.23
59	7,24	364	30.93
59	7,24	369	31.55
59	8	4	21.93
59	8	7	42.07
59	8	16	44.56
59	8	24	35.80
59	8	35	22.82
59	8	65	27.06
59	8	75	19.59
59	8	97	19.34
59	8	98	52.31
59	8	100	46.08
59	8	111	20.13
59	8	119	21.83
59	8	130	42.18
59	8	132	18.45
59	8	148	18.72
59	8	162	20.24
59	8	184	42.75
59	8	196	39.70
59	8	201	46.82
59	8	207	18.83
59	8	211	25.03
59	8	218	31.23
59	8	223	24.17
59	8	225	26.87
59	8	227	47.79
59	8	235	31.13
59	8	243	47.18
59	8	245	40.24
59	8	249	17.45
59	8	255	18.46
59	8	276	59.73
59	8	289	23.69
59	8	292	23.62
59	8	297	24.59
59	8	316	37.41
59	8	321	16.32
59	8	356	46.23
59	8,33	75	33.69
59	8,33	97	33.06
59	8,33	132	31.03
59	8,33	184	55.25
59	8,33	207	32.32
59	8,33	218	44.56
59	8,33	225	38.87
59	8,33	249	30.27
59	8,33	255	32.08
59	8,33	289	36.66
59	8,33	356	59.55
59	9	40	49.37
59	9	116	51.58
59	9	174	65.35
59	9	175	34.89
59	9	180	20.52
59	9	190	49.30
59	9	240	58.52
59	9	247	75.69
59	9	277	55.00
59	9	281	59.92
59	9	317	71.76
59	9,12	190	63.45
59	9,12	247	91.97
59	10	58	50.92
59	10	79	29.73
59	10	113	42.51
59	10	114	37.75
59	10	116	45.75
59	10	135	52.85
59	10	161	41.55
59	10	171	43.93
59	10	173	56.01
59	10	174	59.30
59	10	175	36.82
59	10	185	45.73
59	10	242	54.23
59	10	247	81.37
59	10	248	54.45
59	10	279	63.03
59	10	281	61.69
59	10	293	43.96
59	10	294	58.39
59	10	311	47.10
59	10	317	70.79
59	11	49	25.96
59	11	61	15.69
59	11	62	26.06
59	11	69	24.08
59	11	70	33.41
59	11	71	56.80
59	11	89	17.45
59	11	122	21.66
59	11	126	40.65
59	11	137	16.59
59	11	140	21.92
59	11	145	50.82
59	11	147	17.96
59	11	152	20.75
59	11	156	43.41
59	11	160	33.18
59	11	167	49.76
59	11	187	17.86
59	11	195	34.80
59	11	234	16.13
59	11	236	41.59
59	11	263	46.06
59	11	275	32.85
59	11	299	43.54
59	11	309	38.92
59	11	327	37.58
59	11	354	48.85
59	11	358	36.75
59	11,31	49	39.83
59	11,31	61	32.00
59	11,31	62	40.77
59	11,31	69	39.00
59	11,31	70	41.61
59	11,31	71	69.28
59	11,31	126	51.89
59	11,31	137	32.32
59	11,31	140	36.56
59	11,31	147	32.32
59	11,31	156	56.18
59	11,31	160	41.30
59	11,31	167	55.93
59	11,31	236	53.11
59	11,31	275	43.38
59	11,31	299	54.73
59	11,31	309	52.87
59	12	73	51.20
59	12	80	46.23
59	12	106	56.75
59	12	108	47.20
59	12	161	42.18
59	12	185	50.35
59	12	190	42.96
59	12	222	54.27
59	12	238	39.30
59	12	240	59.69
59	12	247	73.59
59	12	308	40.37
59	12	317	67.11
59	12	345	45.96
59	12	359	60.25
59	12,14	73	56.76
59	12,14	80	54.23
59	12,14	106	63.52
59	12,14	108	55.14
59	12,14	161	50.00
59	12,14	222	62.17
59	12,14	238	47.03
59	12,14	308	45.58
59	12,14	345	51.77
59	12,14	359	67.76
59	12,21	73	73.66
59	12,21	80	73.15
59	12,21	106	85.03
59	12,21	108	74.38
59	12,21	161	64.77
59	12,21	185	74.75
59	12,21	190	72.34
59	12,21	222	78.06
59	12,21	238	67.90
59	12,21	247	109.13
59	12,21	308	62.62
59	12,21	345	70.35
59	12,21	359	86.62
59	13	4	23.32
59	13	7	43.70
59	13	9	22.63
59	13	12	17.44
59	13	16	46.24
59	13	41	26.17
59	13	46	20.17
59	13	56	20.55
59	13	59	23.72
59	13	66	33.01
59	13	76	46.99
59	13	88	24.39
59	13	89	18.56
59	13	91	21.52
59	13	98	56.82
59	13	99	26.37
59	13	111	23.49
59	13	122	23.61
59	13	130	47.51
59	13	132	20.14
59	13	145	49.07
59	13	148	18.42
59	13	152	29.99
59	13	158	22.46
59	13	177	17.99
59	13	184	46.27
59	13	187	18.92
59	13	195	41.61
59	13	196	41.21
59	13	199	18.99
59	13	201	50.93
59	13	203	17.80
59	13	207	20.89
59	13	210	25.32
59	13	211	32.86
59	13	213	23.20
59	13	223	25.20
59	13	225	26.23
59	13	227	43.49
59	13	234	19.31
59	13	243	54.24
59	13	245	36.90
59	13	249	20.61
59	13	255	26.35
59	13	261	25.01
59	13	262	41.08
59	13	265	21.55
59	13	269	44.48
59	13	292	24.08
59	13	297	18.82
59	13	307	50.48
59	13	314	17.27
59	13	316	39.93
59	13	349	36.76
59	13	358	32.34
59	13	364	21.86
59	13	369	19.97
59	13,25	4	32.20
59	13,25	7	51.83
59	13,25	9	31.61
59	13,25	12	25.69
59	13,25	16	54.96
59	13,25	41	34.10
59	13,25	46	28.00
59	13,25	56	30.07
59	13,25	59	31.52
59	13,25	66	41.07
59	13,25	76	54.65
59	13,25	88	32.49
59	13,25	89	26.58
59	13,25	91	29.99
59	13,25	99	35.51
59	13,25	111	35.62
59	13,25	122	32.27
59	13,25	132	29.30
59	13,25	148	29.73
59	13,25	152	37.68
59	13,25	158	31.48
59	13,25	177	27.59
59	13,25	184	55.35
59	13,25	187	27.15
59	13,25	195	48.90
59	13,25	199	28.62
59	13,25	203	27.24
59	13,25	207	31.30
59	13,25	210	34.97
59	13,25	213	31.07
59	13,25	223	36.76
59	13,25	225	35.56
59	13,25	234	26.89
59	13,25	262	48.97
59	13,25	265	29.79
59	13,25	269	54.06
59	13,25	297	29.63
59	13,25	314	26.72
59	13,25	316	50.44
59	13,25	349	45.25
59	13,25	358	42.25
59	13,25	364	29.89
59	13,25	369	30.03
59	14	6	29.45
59	14	31	55.69
59	14	39	45.66
59	14	53	38.34
59	14	73	46.65
59	14	80	42.11
59	14	106	50.68
59	14	108	31.54
59	14	161	39.70
59	14	222	51.31
59	14	238	34.75
59	14	308	35.63
59	14	345	40.68
59	14	359	56.08
59	15	31	52.46
59	15	32	33.30
59	15	37	54.58
59	15	39	56.52
59	15	45	15.24
59	15	49	29.11
59	15	55	26.52
59	15	60	17.31
59	15	63	37.21
59	15	73	47.04
59	15	80	35.21
59	15	101	37.39
59	15	104	33.90
59	15	106	46.38
59	15	110	40.14
59	15	118	56.86
59	15	141	20.31
59	15	146	21.85
59	15	166	35.97
59	15	170	36.56
59	15	176	48.77
59	15	182	47.85
59	15	183	64.35
59	15	202	45.31
59	15	206	34.41
59	15	220	39.70
59	15	238	26.61
59	15	239	43.69
59	15	266	24.94
59	15	284	22.89
59	15	291	19.82
59	15	296	27.28
59	15	319	19.94
59	15	320	35.00
59	15	325	19.08
59	15	327	44.34
59	15	338	37.54
59	15	341	36.08
59	15	352	17.90
59	15	353	17.89
59	15	370	19.73
59	15	374	29.96
59	15,23	32	52.03
59	15,23	63	59.03
59	15,23	73	65.62
59	15,23	80	57.55
59	15,23	106	69.87
59	15,23	166	49.73
59	15,23	170	56.82
59	15,23	220	67.18
59	15,23	238	50.15
59	16	1	50.59
59	16	5	47.44
59	16	25	29.99
59	16	27	22.46
59	16	50	46.52
59	16	52	34.65
59	16	54	37.61
59	16	68	51.70
59	16	74	28.23
59	16	82	36.10
59	16	92	21.38
59	16	109	34.23
59	16	120	20.32
59	16	127	20.99
59	16	133	20.11
59	16	134	44.07
59	16	139	20.32
59	16	149	30.75
59	16	164	38.34
59	16	178	21.10
59	16	186	34.13
59	16	208	47.08
59	16	216	37.41
59	16	219	62.54
59	16	237	34.11
59	16	251	18.00
59	16	278	45.82
59	16	282	35.58
59	16	283	44.93
59	16	286	35.96
59	16	301	43.94
59	16	323	25.14
59	16	324	18.82
59	16	328	21.65
59	16	329	44.44
59	16	343	49.79
59	16	373	43.35
59	16,20	5	55.11
59	16,20	50	59.37
59	16,20	82	51.87
59	16,20	92	34.68
59	16,20	133	35.45
59	16,20	139	30.62
59	16,20	149	45.83
59	16,20	164	52.68
59	16,20	178	37.94
59	16,20	208	59.44
59	16,20	251	33.45
59	16,20	282	46.58
59	16,20	286	50.89
59	16,20	323	40.77
59	16,20	324	34.31
59	16,30	5	58.14
59	16,30	25	41.20
59	16,30	27	33.66
59	16,30	50	58.41
59	16,30	54	49.42
59	16,30	74	39.54
59	16,30	82	47.90
59	16,30	92	32.76
59	16,30	109	46.00
59	16,30	120	32.70
59	16,30	127	33.80
59	16,30	133	31.31
59	16,30	134	56.21
59	16,30	139	31.72
59	16,30	149	42.93
59	16,30	164	49.21
59	16,30	178	32.90
59	16,30	186	46.59
59	16,30	208	59.10
59	16,30	216	60.80
59	16,30	219	71.39
59	16,30	237	45.49
59	16,30	251	29.23
59	16,30	282	46.77
59	16,30	286	46.82
59	16,30	323	36.55
59	16,30	324	29.96
59	16,30	328	32.45
59	16,30	329	56.27
59	16,30	373	55.14
59	17	57	50.52
59	17	64	42.37
59	17	83	24.03
59	17	87	60.93
59	17	90	38.20
59	17	131	32.25
59	17	154	26.41
59	17	160	40.82
59	17	172	62.28
59	17	189	61.06
59	17	230	44.31
59	17	231	46.68
59	17	241	27.72
59	17	250	45.68
59	17	252	35.10
59	17	256	49.96
59	17	259	58.45
59	17	290	55.13
59	17	346	47.97
59	17,32	57	67.92
59	17,32	64	62.62
59	17,32	83	40.49
59	17,32	90	53.92
59	17,32	131	52.72
59	17,32	154	43.08
59	17,32	160	58.49
59	17,32	230	60.11
59	17,32	241	44.44
59	17,32	250	63.75
59	17,32	252	52.58
59	17,32	256	66.04
59	17,32	290	72.14
59	17,32	346	64.82
59	18	40	44.80
59	18	49	30.15
59	18	57	54.31
59	18	61	25.65
59	18	62	32.28
59	18	64	38.68
59	18	69	28.42
59	18	70	24.27
59	18	71	64.87
59	18	87	52.11
59	18	105	36.03
59	18	125	28.82
59	18	126	45.80
59	18	137	27.34
59	18	140	30.10
59	18	147	24.18
59	18	156	49.93
59	18	160	34.01
59	18	167	42.86
59	18	221	51.96
59	18	236	46.73
59	18	241	21.41
59	18	253	25.10
59	18	263	46.87
59	18	275	38.44
59	18	277	53.13
59	18	287	27.97
59	18	288	23.79
59	18	299	52.38
59	18	309	48.93
59	18	310	38.18
59	18	351	55.08
59	18	354	49.25
59	18	375	23.96
59	18,26	49	53.70
59	18,26	62	57.42
59	18,26	105	50.83
59	18,26	125	51.48
59	18,26	253	52.80
59	18,26	275	52.65
59	18,26	277	72.86
59	18,26	287	48.69
59	18,26	310	51.18
59	18,26	351	62.17
59	18,26	375	44.55
59	19	3	40.30
59	19	14	15.10
59	19	15	15.61
59	19	26	17.59
59	19	29	24.11
59	19	30	15.55
59	19	36	30.07
59	19	48	14.97
59	19	67	31.90
59	19	94	46.63
59	19	103	25.82
59	19	112	30.65
59	19	121	20.62
59	19	142	32.03
59	19	157	45.49
59	19	181	14.96
59	19	205	28.93
59	19	209	15.23
59	19	214	14.38
59	19	215	15.15
59	19	217	10.65
59	19	226	30.82
59	19	271	31.58
59	19	272	14.63
59	19	302	15.69
59	19	304	11.75
59	19	305	13.32
59	19	306	18.46
59	19	331	10.89
59	19	335	59.44
59	19	342	15.07
59	19	363	20.63
59	19,34	14	32.17
59	19,34	26	34.80
59	19,34	29	42.23
59	19,34	30	33.13
59	19,34	67	48.45
59	19,34	103	42.61
59	19,34	121	38.55
59	19,34	142	48.93
59	19,34	157	63.77
59	19,34	217	29.69
59	19,34	271	48.38
59	19,34	305	30.39
59	19,34	331	28.34
59	20	1	51.83
59	20	5	41.94
59	20	21	42.72
59	20	33	29.82
59	20	50	44.65
59	20	68	52.63
59	20	82	37.21
59	20	85	68.24
59	20	92	20.48
59	20	129	42.62
59	20	133	23.01
59	20	139	15.54
59	20	149	30.80
59	20	164	39.31
59	20	178	23.62
59	20	208	44.61
59	20	251	20.20
59	20	268	48.77
59	20	278	49.17
59	20	282	32.54
59	20	286	37.37
59	20	323	27.25
59	20	324	22.07
59	20	339	46.51
59	20,30	5	50.28
59	20,30	33	39.20
59	20,30	50	54.15
59	20,30	82	46.17
59	20,30	92	29.45
59	20,30	133	30.72
59	20,30	139	24.46
59	20,30	149	40.27
59	20,30	164	47.92
59	20,30	178	32.04
59	20,30	208	54.34
59	20,30	251	28.39
59	20,30	282	41.24
59	20,30	286	45.72
59	20,30	323	35.21
59	20,30	324	29.59
59	21	73	51.37
59	21	80	46.41
59	21	106	56.94
59	21	108	47.39
59	21	161	42.34
59	21	185	50.52
59	21	190	43.17
59	21	222	54.44
59	21	238	39.51
59	21	240	59.87
59	21	247	73.86
59	21	308	40.55
59	21	317	67.31
59	21	345	46.13
59	21	359	60.44
59	22	11	53.30
59	22	13	45.62
59	22	20	45.72
59	22	23	58.46
59	22	52	43.07
59	22	123	66.89
59	22	133	26.75
59	22	134	53.87
59	22	153	67.46
59	22	232	59.32
59	22	280	37.37
59	22	301	51.70
59	22	318	70.49
59	22	324	25.11
59	22	340	40.73
59	22,28	11	68.31
59	22,28	13	62.10
59	22,28	20	59.82
59	22,28	23	76.86
59	22,28	52	60.17
59	22,28	123	85.73
59	22,28	134	71.23
59	22,28	232	75.45
59	22,28	280	54.76
59	22,28	301	67.03
59	22,28	318	86.54
59	22,28	340	79.17
59	23	6	33.56
59	23	31	58.17
59	23	32	44.11
59	23	39	56.07
59	23	63	46.83
59	23	73	52.37
59	23	80	45.01
59	23	106	54.14
59	23	108	53.06
59	23	118	66.44
59	23	166	37.70
59	23	170	45.06
59	23	183	68.01
59	23	190	49.41
59	23	220	54.28
59	23	222	52.54
59	23	238	34.75
59	23	239	52.38
59	23	240	57.69
59	23	345	46.37
59	23	359	59.51
59	23,35	63	57.14
59	23,35	73	61.52
59	23,35	80	55.83
59	23,35	106	64.68
59	23,35	170	55.31
59	23,35	190	60.06
59	23,35	220	64.89
59	23,35	222	60.97
59	23,35	238	44.45
59	23,35	359	69.89
59	24	12	14.68
59	24	41	22.58
59	24	46	12.72
59	24	56	16.70
59	24	59	17.93
59	24	69	27.58
59	24	86	46.04
59	24	88	13.07
59	24	89	11.10
59	24	122	13.61
59	24	137	18.48
59	24	145	47.27
59	24	151	17.00
59	24	152	23.75
59	24	158	18.85
59	24	168	21.80
59	24	177	16.28
59	24	187	12.75
59	24	195	34.83
59	24	199	16.32
59	24	203	16.04
59	24	204	42.34
59	24	213	15.62
59	24	234	12.20
59	24	236	41.72
59	24	257	19.52
59	24	265	15.39
59	24	269	42.42
59	24	270	37.52
59	24	297	18.08
59	24	307	43.32
59	24	312	16.66
59	24	314	15.52
59	24	316	38.69
59	24	322	44.31
59	24	330	49.34
59	24	336	21.86
59	24	348	17.32
59	24	358	30.87
59	24	364	17.85
59	24	365	16.63
59	24	369	17.27
59	25	4	15.65
59	25	7	36.89
59	25	9	15.49
59	25	12	10.87
59	25	16	39.18
59	25	41	18.76
59	25	46	12.90
59	25	56	12.24
59	25	59	14.73
59	25	66	24.92
59	25	76	39.27
59	25	86	46.80
59	25	88	14.39
59	25	89	11.32
59	25	91	14.24
59	25	98	51.34
59	25	99	16.86
59	25	111	17.39
59	25	122	14.66
59	25	132	13.79
59	25	145	43.42
59	25	148	13.68
59	25	152	22.30
59	25	158	14.39
59	25	177	10.80
59	25	184	40.69
59	25	187	11.34
59	25	193	16.62
59	25	194	16.39
59	25	195	34.34
59	25	199	11.75
59	25	203	11.07
59	25	204	40.87
59	25	207	14.77
59	25	210	16.90
59	25	213	15.56
59	25	223	19.69
59	25	225	21.15
59	25	227	35.55
59	25	234	11.97
59	25	243	48.34
59	25	245	29.92
59	25	262	32.76
59	25	265	12.11
59	25	269	38.97
59	25	270	37.00
59	25	297	12.54
59	25	307	43.96
59	25	312	16.45
59	25	314	10.55
59	25	316	34.56
59	25	330	45.70
59	25	349	27.54
59	25	358	26.04
59	25	364	13.72
59	25	369	12.34
59	26	28	52.11
59	26	40	39.13
59	26	49	27.51
59	26	51	16.35
59	26	62	29.82
59	26	105	23.66
59	26	116	42.83
59	26	118	56.69
59	26	125	19.32
59	26	150	29.86
59	26	180	12.49
59	26	190	40.23
59	26	240	47.76
59	26	244	30.38
59	26	253	18.59
59	26	258	13.44
59	26	275	38.63
59	26	277	48.61
59	26	284	20.37
59	26	287	14.83
59	26	310	36.20
59	26	317	63.49
59	26	320	31.76
59	26	334	24.97
59	26	351	33.75
59	26	366	23.45
59	26	368	12.85
59	26	375	16.37
59	27	10	15.51
59	27	17	13.58
59	27	22	33.96
59	27	38	14.46
59	27	42	29.69
59	27	47	43.69
59	27	59	19.49
59	27	77	49.39
59	27	81	16.99
59	27	84	55.34
59	27	86	53.73
59	27	96	25.30
59	27	102	50.38
59	27	128	47.62
59	27	136	27.75
59	27	138	18.76
59	27	143	53.27
59	27	144	41.24
59	27	151	17.28
59	27	163	34.59
59	27	165	51.32
59	27	169	38.13
59	27	188	19.65
59	27	191	33.27
59	27	197	45.72
59	27	198	44.94
59	27	204	39.52
59	27	212	16.55
59	27	224	46.99
59	27	254	34.18
59	27	270	29.86
59	27	274	21.23
59	27	312	21.51
59	27	322	35.96
59	27	326	51.92
59	27	330	49.99
59	27	337	38.66
59	27	344	37.17
59	27	348	17.77
59	27	360	37.32
59	27	362	25.63
59	27	365	18.65
59	27	367	23.08
59	27,36	10	29.14
59	27,36	17	29.38
59	27,36	38	27.49
59	27,36	47	58.97
59	27,36	77	64.15
59	27,36	138	35.54
59	27,36	143	67.92
59	27,36	144	56.21
59	27,36	163	48.73
59	27,36	169	50.73
59	27,36	191	55.00
59	27,36	197	58.73
59	27,36	212	31.69
59	27,36	224	62.30
59	27,36	270	42.89
59	27,36	330	64.31
59	27,36	367	37.32
59	27,37	17	30.97
59	27,37	42	43.38
59	27,37	59	31.10
59	27,37	77	61.56
59	27,37	136	38.11
59	27,37	151	32.31
59	27,37	169	49.83
59	27,37	188	31.13
59	27,37	191	48.90
59	27,37	197	56.00
59	27,37	204	50.35
59	27,37	254	49.70
59	27,37	270	38.79
59	27,37	312	36.87
59	27,37	330	61.46
59	27,37	344	46.73
59	27,37	348	34.18
59	27,37	360	47.55
59	27,37	367	33.01
59	28	11	51.66
59	28	13	43.90
59	28	20	43.80
59	28	23	54.86
59	28	43	40.82
59	28	52	40.03
59	28	95	37.35
59	28	109	40.59
59	28	123	64.51
59	28	134	51.20
59	28	153	65.39
59	28	179	46.08
59	28	219	55.69
59	28	232	54.86
59	28	273	50.04
59	28	280	37.90
59	28	283	47.41
59	28	298	54.31
59	28	301	50.04
59	28	318	70.23
59	28	340	59.77
59	28	372	44.80
59	29	1	48.11
59	29	19	21.49
59	29	25	26.72
59	29	27	16.07
59	29	33	26.20
59	29	34	28.61
59	29	50	43.46
59	29	54	31.68
59	29	68	47.27
59	29	72	31.11
59	29	74	24.04
59	29	82	29.66
59	29	92	16.24
59	29	109	32.04
59	29	120	16.13
59	29	124	16.83
59	29	127	15.30
59	29	133	16.96
59	29	134	38.55
59	29	139	15.01
59	29	149	24.66
59	29	164	32.85
59	29	178	14.66
59	29	186	30.52
59	29	208	43.99
59	29	216	38.92
59	29	219	53.39
59	29	237	28.70
59	29	251	15.18
59	29	264	16.27
59	29	278	38.01
59	29	282	32.42
59	29	283	42.54
59	29	286	30.08
59	29	301	39.24
59	29	303	22.72
59	29	323	21.13
59	29	324	15.79
59	29	328	15.92
59	29	329	40.35
59	29	343	42.15
59	29	350	37.85
59	29	373	38.44
59	29,30	19	33.46
59	29,30	25	35.83
59	29,30	27	33.32
59	29,30	33	41.76
59	29,30	34	40.28
59	29,30	50	60.32
59	29,30	54	49.13
59	29,30	74	40.62
59	29,30	82	46.62
59	29,30	92	32.75
59	29,30	109	41.61
59	29,30	120	34.70
59	29,30	127	34.79
59	29,30	133	33.46
59	29,30	134	55.73
59	29,30	139	31.69
59	29,30	149	42.66
59	29,30	164	48.34
59	29,30	178	32.82
59	29,30	186	41.92
59	29,30	208	60.70
59	29,30	216	51.69
59	29,30	219	64.01
59	29,30	237	45.18
59	29,30	251	24.28
59	29,30	282	42.10
59	29,30	286	46.15
59	29,30	303	35.11
59	29,30	323	37.93
59	29,30	324	32.59
59	29,30	328	31.70
59	29,30	329	51.18
59	29,30	373	49.24
59	30	1	48.28
59	30	5	43.52
59	30	19	25.75
59	30	21	39.75
59	30	25	26.73
59	30	27	19.24
59	30	33	27.59
59	30	34	26.70
59	30	50	45.83
59	30	54	33.30
59	30	68	50.20
59	30	74	25.10
59	30	82	32.54
59	30	92	17.69
59	30	109	32.06
59	30	120	17.18
59	30	127	16.18
59	30	133	17.59
59	30	134	40.00
59	30	139	16.32
59	30	149	27.59
59	30	164	35.51
59	30	178	17.77
59	30	186	32.31
59	30	208	45.23
59	30	216	39.49
59	30	219	56.10
59	30	237	31.23
59	30	251	15.18
59	30	278	41.46
59	30	282	33.00
59	30	286	32.99
59	30	303	24.73
59	30	323	21.83
59	30	324	16.39
59	30	328	18.69
59	30	329	42.21
59	30	339	42.76
59	30	343	41.89
59	30	373	40.66
59	31	40	38.31
59	31	49	23.69
59	31	57	46.89
59	31	61	17.42
59	31	62	25.52
59	31	64	37.27
59	31	69	21.70
59	31	70	33.37
59	31	71	54.83
59	31	78	16.96
59	31	83	16.08
59	31	87	44.87
59	31	105	29.17
59	31	125	20.31
59	31	126	38.69
59	31	131	21.66
59	31	137	19.04
59	31	140	20.10
59	31	147	16.46
59	31	156	43.35
59	31	160	26.89
59	31	167	46.46
59	31	221	44.48
59	31	236	40.11
59	31	241	14.75
59	31	253	16.85
59	31	263	39.97
59	31	275	27.56
59	31	277	46.62
59	31	287	19.44
59	31	288	16.34
59	31	299	38.42
59	31	309	40.65
59	31	346	37.10
59	31	354	42.65
59	31	357	17.21
59	31	375	17.27
59	32	57	39.77
59	32	64	43.11
59	32	83	19.32
59	32	87	55.90
59	32	90	34.41
59	32	131	25.76
59	32	154	22.46
59	32	160	35.94
59	32	172	57.86
59	32	189	46.92
59	32	230	40.27
59	32	231	42.56
59	32	241	23.03
59	32	250	40.34
59	32	252	30.37
59	32	256	45.85
59	32	259	54.13
59	32	290	50.55
59	32	346	43.46
59	33	8	23.83
59	33	9	22.42
59	33	12	22.99
59	33	75	21.27
59	33	76	48.42
59	33	93	25.07
59	33	97	25.01
59	33	98	54.49
59	33	100	48.51
59	33	130	45.77
59	33	132	19.85
59	33	158	26.30
59	33	184	40.20
59	33	207	20.18
59	33	218	36.58
59	33	225	28.45
59	33	227	50.73
59	33	249	18.80
59	33	255	24.89
59	33	289	28.25
59	33	356	50.97
59	34	14	19.86
59	34	18	25.51
59	34	26	23.80
59	34	29	26.99
59	34	30	20.37
59	34	36	37.68
59	34	67	36.39
59	34	103	33.39
59	34	121	28.03
59	34	142	36.41
59	34	155	32.82
59	34	157	39.55
59	34	200	41.51
59	34	217	18.68
59	34	229	34.75
59	34	271	37.28
59	34	305	18.14
59	34	331	16.35
59	34	335	63.14
59	35	31	56.73
59	35	39	55.28
59	35	45	20.42
59	35	49	33.48
59	35	63	43.85
59	35	73	51.87
59	35	80	42.30
59	35	106	50.21
59	35	118	63.34
59	35	141	25.13
59	35	170	42.62
59	35	176	49.25
59	35	180	20.34
59	35	183	65.68
59	35	190	47.34
59	35	202	52.93
59	35	206	38.66
59	35	220	50.52
59	35	222	48.82
59	35	238	30.45
59	35	239	49.69
59	35	240	53.80
59	35	244	41.31
59	35	266	31.89
59	35	284	18.48
59	35	310	43.06
59	35	319	24.68
59	35	320	32.75
59	35	325	18.82
59	35	332	30.42
59	35	334	27.45
59	35	338	46.52
59	35	341	38.45
59	35	359	57.90
59	35	368	19.41
59	36	10	20.30
59	36	17	17.93
59	36	38	18.56
59	36	46	20.03
59	36	47	48.72
59	36	77	53.23
59	36	84	57.48
59	36	86	56.35
59	36	102	56.49
59	36	138	26.06
59	36	143	57.70
59	36	144	45.32
59	36	163	38.27
59	36	165	55.72
59	36	169	40.13
59	36	191	42.18
59	36	197	48.15
59	36	198	49.90
59	36	212	22.49
59	36	224	51.77
59	36	270	36.45
59	36	326	54.94
59	36	330	54.87
59	36	367	27.46
59	37	12	12.93
59	37	17	13.51
59	37	41	23.15
59	37	42	24.14
59	37	44	13.01
59	37	46	13.93
59	37	56	16.20
59	37	59	12.42
59	37	66	25.23
59	37	76	36.13
59	37	77	44.99
59	37	86	49.75
59	37	91	15.35
59	37	99	18.00
59	37	107	37.90
59	37	115	14.63
59	37	136	29.21
59	37	151	14.24
59	37	158	15.27
59	37	159	16.89
59	37	165	50.18
59	37	169	34.65
59	37	188	19.52
59	37	191	30.56
59	37	192	21.86
59	37	193	14.32
59	37	194	17.68
59	37	197	39.83
59	37	198	45.85
59	37	199	16.04
59	37	204	34.17
59	37	210	17.65
59	37	254	32.51
59	37	260	46.87
59	37	262	30.63
59	37	265	15.96
59	37	267	17.52
59	37	269	41.70
59	37	270	32.54
59	37	295	17.51
59	37	307	46.34
59	37	312	17.04
59	37	315	14.06
59	37	322	37.75
59	37	330	45.75
59	37	333	36.93
59	37	344	36.89
59	37	347	14.56
59	37	348	16.68
59	37	355	50.11
59	37	360	36.82
59	37	361	46.87
59	37	364	13.08
59	37	367	24.06
59	37,38	12	22.54
59	37,38	17	24.72
59	37,38	41	33.25
59	37,38	42	35.66
59	37,38	44	23.52
59	37,38	46	23.90
59	37,38	56	28.37
59	37,38	59	23.39
59	37,38	66	35.79
59	37,38	76	46.34
59	37,38	77	55.37
59	37,38	91	25.63
59	37,38	99	30.25
59	37,38	107	52.61
59	37,38	115	27.70
59	37,38	136	39.56
59	37,38	151	25.13
59	37,38	158	26.62
59	37,38	159	27.87
59	37,38	169	44.82
59	37,38	188	31.11
59	37,38	191	38.27
59	37,38	193	24.58
59	37,38	194	31.49
59	37,38	197	49.82
59	37,38	199	27.17
59	37,38	204	49.92
59	37,38	210	29.94
59	37,38	254	43.10
59	37,38	262	41.37
59	37,38	265	27.41
59	37,38	269	51.70
59	37,38	270	41.96
59	37,38	295	31.73
59	37,38	312	28.48
59	37,38	315	25.75
59	37,38	330	55.75
59	37,38	333	47.32
59	37,38	344	47.63
59	37,38	347	26.25
59	37,38	348	27.37
59	37,38	360	48.20
59	37,38	364	23.77
59	37,38	367	33.93
59	38	12	12.92
59	38	17	16.01
59	38	41	22.63
59	38	42	28.90
59	38	44	14.46
59	38	46	13.14
59	38	56	15.66
59	38	59	10.63
59	38	66	26.79
59	38	76	38.87
59	38	77	48.73
59	38	86	49.46
59	38	88	18.21
59	38	89	15.75
59	38	91	16.17
59	38	99	19.65
59	38	107	38.82
59	38	115	15.45
59	38	122	19.45
59	38	136	32.48
59	38	145	47.73
59	38	151	13.72
59	38	158	16.10
59	38	159	17.87
59	38	165	51.58
59	38	168	29.77
59	38	169	34.70
59	38	177	16.76
59	38	187	17.17
59	38	188	23.52
59	38	191	29.99
59	38	193	15.48
59	38	194	17.10
59	38	195	38.15
59	38	197	39.86
59	38	198	48.93
59	38	199	15.77
59	38	203	15.70
59	38	204	30.94
59	38	210	19.04
59	38	243	50.86
59	38	254	36.69
59	38	257	20.45
59	38	260	46.51
59	38	262	32.08
59	38	265	14.89
59	38	269	42.79
59	38	270	35.35
59	38	295	19.14
59	38	307	45.73
59	38	312	16.58
59	38	314	15.87
59	38	315	15.06
59	38	316	39.18
59	38	322	40.83
59	38	330	47.17
59	38	333	38.04
59	38	336	23.54
59	38	344	38.32
59	38	347	15.48
59	38	348	16.59
59	38	355	50.34
59	38	360	36.04
59	38	364	12.73
59	38	365	16.94
59	38	367	25.96
59	38	369	16.75
