Task=23 Orders=48 Vehicles=406 Scores=1813
23	1	26	15.51
23	1	29	28.30
23	1	35	70.06
23	1	38	36.65
23	1	39	20.32
23	1	44	16.27
23	1	45	47.82
23	1	48	17.92
23	1	54	36.32
23	1	73	19.11
23	1	78	40.52
23	1	80	18.00
23	1	120	16.07
23	1	126	52.00
23	1	130	17.39
23	1	132	35.45
23	1	139	19.00
23	1	144	33.28
23	1	177	53.51
23	1	178	18.52
23	1	180	19.96
23	1	184	19.11
23	1	191	20.03
23	1	192	17.23
23	1	206	17.04
23	1	209	32.58
23	1	210	28.30
23	1	212	44.48
23	1	230	38.37
23	1	259	38.00
23	1	260	38.61
23	1	264	36.20
23	1	277	50.10
23	1	279	18.82
23	1	283	20.51
23	1	309	31.94
23	1	314	15.59
23	1	341	36.39
23	1	352	37.17
23	1	362	17.44
23	1	370	47.27
23	1	371	16.97
23	1	381	25.15
23	1	384	21.00
23	1,5	26	24.59
23	1,5	29	41.04
23	1,5	39	27.54
23	1,5	44	23.86
23	1,5	45	61.00
23	1,5	48	26.13
23	1,5	54	49.68
23	1,5	73	27.75
23	1,5	80	30.38
23	1,5	120	25.59
23	1,5	130	26.31
23	1,5	132	45.93
23	1,5	139	35.41
23	1,5	144	46.75
23	1,5	177	68.28
23	1,5	180	28.85
23	1,5	184	27.03
23	1,5	192	25.45
23	1,5	206	32.13
23	1,5	209	42.00
23	1,5	210	37.25
23	1,5	230	52.30
23	1,5	259	48.73
23	1,5	260	52.18
23	1,5	279	26.77
23	1,5	283	29.75
23	1,5	309	40.39
23	1,5	314	24.52
23	1,5	341	47.58
23	1,5	352	47.28
23	1,5	362	26.44
23	1,5	371	24.73
23	1,5	381	37.14
23	2	9	80.39
23	2	20	36.94
23	2	37	63.94
23	2	50	50.52
23	2	51	55.85
23	2	61	51.24
23	2	82	40.68
23	2	88	66.87
23	2	136	39.21
23	2	234	47.31
23	2	334	73.45
23	2	369	46.75
23	2,14	20	59.54
23	2,14	88	91.04
23	2,23	9	104.00
23	2,23	20	56.38
23	2,23	37	85.31
23	2,23	50	72.55
23	2,23	51	77.23
23	2,23	61	71.11
23	2,23	82	63.80
23	2,23	88	89.10
23	2,23	136	60.97
23	2,23	234	69.49
23	2,47	20	51.85
23	2,47	50	68.44
23	2,47	51	71.54
23	2,47	88	90.44
23	2,47	136	56.87
23	3	1	47.54
23	3	7	19.76
23	3	8	39.70
23	3	15	80.51
23	3	28	22.66
23	3	36	19.66
23	3	43	58.38
23	3	47	18.15
23	3	57	46.87
23	3	69	18.55
23	3	95	23.66
23	3	99	38.03
23	3	102	68.55
23	3	113	48.86
23	3	135	27.83
23	3	149	50.07
23	3	151	21.03
23	3	152	39.49
23	3	155	54.20
23	3	160	51.97
23	3	162	48.92
23	3	165	23.65
23	3	213	41.46
23	3	216	23.14
23	3	219	53.68
23	3	232	37.48
23	3	275	20.97
23	3	299	22.15
23	3	303	21.28
23	3	361	51.31
23	3	376	22.10
23	3,39	7	39.25
23	3,39	28	41.99
23	3,39	36	39.37
23	3,39	47	36.52
23	3,39	57	72.32
23	3,39	69	35.54
23	3,39	95	43.04
23	3,39	113	77.42
23	3,39	135	49.32
23	3,39	151	40.85
23	3,39	152	64.34
23	3,39	160	80.17
23	3,39	162	68.90
23	3,39	165	43.34
23	3,39	213	65.86
23	3,39	216	45.39
23	3,39	275	40.54
23	3,39	299	41.82
23	3,39	303	41.70
23	3,39	376	40.45
23	4	20	32.62
23	4	50	49.62
23	4	70	64.27
23	4	87	59.85
23	4	88	63.01
23	4	150	31.46
23	4	231	34.01
23	4	247	22.77
23	4	308	34.20
23	4	330	55.68
23	4	334	67.01
23	4	369	46.86
23	4,24	20	46.56
23	4,24	88	74.79
23	4,24	150	53.45
23	4,33	20	45.20
23	4,33	50	66.15
23	4,33	150	43.76
23	5	26	12.66
23	5	29	30.08
23	5	38	33.82
23	5	39	16.51
23	5	44	11.94
23	5	45	48.48
23	5	48	13.75
23	5	54	38.11
23	5	63	27.35
23	5	66	18.82
23	5	72	49.80
23	5	73	13.93
23	5	78	38.51
23	5	80	15.86
23	5	112	30.51
23	5	120	14.52
23	5	126	53.18
23	5	130	13.49
23	5	132	34.21
23	5	134	18.77
23	5	139	21.17
23	5	144	32.99
23	5	177	55.37
23	5	180	14.48
23	5	184	14.45
23	5	192	13.18
23	5	202	23.66
23	5	206	18.99
23	5	209	28.69
23	5	210	24.06
23	5	212	42.14
23	5	224	15.20
23	5	230	40.15
23	5	259	36.01
23	5	260	39.34
23	5	279	13.25
23	5	283	16.92
23	5	309	27.42
23	5	314	12.23
23	5	321	29.58
23	5	341	35.76
23	5	352	33.92
23	5	362	13.92
23	5	371	12.21
23	5	381	23.03
23	5,40	26	22.01
23	5,40	29	41.03
23	5,40	39	25.59
23	5,40	44	21.34
23	5,40	45	58.20
23	5,40	48	23.51
23	5,40	54	49.59
23	5,40	63	39.52
23	5,40	66	27.62
23	5,40	73	24.44
23	5,40	80	26.70
23	5,40	120	23.31
23	5,40	130	22.99
23	5,40	132	43.45
23	5,40	139	31.79
23	5,40	144	43.41
23	5,40	177	68.41
23	5,40	180	25.28
23	5,40	184	23.87
23	5,40	192	21.38
23	5,40	202	35.28
23	5,40	206	28.93
23	5,40	209	42.10
23	5,40	210	34.13
23	5,40	224	25.11
23	5,40	230	52.24
23	5,40	259	45.97
23	5,40	260	51.93
23	5,40	279	23.20
23	5,40	283	26.35
23	5,40	309	37.75
23	5,40	314	22.03
23	5,40	321	39.17
23	5,40	341	47.45
23	5,40	352	45.89
23	5,40	362	23.08
23	5,40	371	21.89
23	5,40	381	32.96
23	6	23	47.85
23	6	32	50.65
23	6	42	41.89
23	6	52	33.85
23	6	53	24.21
23	6	68	27.03
23	6	74	30.92
23	6	101	28.82
23	6	104	19.72
23	6	107	53.63
23	6	108	16.46
23	6	118	21.89
23	6	123	23.32
23	6	124	35.00
23	6	125	40.39
23	6	127	39.61
23	6	154	33.08
23	6	158	38.62
23	6	166	16.51
23	6	168	27.82
23	6	186	14.97
23	6	199	14.38
23	6	200	44.11
23	6	201	27.77
23	6	203	42.75
23	6	221	34.27
23	6	233	29.59
23	6	240	38.20
23	6	243	29.65
23	6	250	57.35
23	6	251	40.06
23	6	252	22.44
23	6	285	48.99
23	6	289	30.92
23	6	291	36.14
23	6	296	54.87
23	6	297	22.17
23	6	311	13.94
23	6	320	13.48
23	6	322	34.96
23	6	327	28.96
23	6	339	23.17
23	6	345	14.49
23	6	348	15.48
23	6	350	51.49
23	6	355	28.21
23	6	356	17.45
23	6	358	14.35
23	6	363	24.32
23	6	364	26.70
23	6	375	28.68
23	6	378	13.90
23	6	380	11.15
23	6	382	36.85
23	6	388	21.39
23	6	390	12.93
23	6	395	14.17
23	6	401	14.77
23	6	403	49.27
23	6	405	28.96
23	6,16	23	62.85
23	6,16	42	58.54
23	6,16	52	49.65
23	6,16	53	44.94
23	6,16	101	47.44
23	6,16	107	69.35
23	6,16	124	53.94
23	6,16	125	58.65
23	6,16	127	52.90
23	6,16	154	46.54
23	6,16	166	38.13
23	6,16	201	44.96
23	6,16	203	62.08
23	6,16	221	50.32
23	6,16	251	57.93
23	6,16	285	66.07
23	6,16	291	65.59
23	6,16	327	51.51
23	6,16	364	49.96
23	7	18	33.20
23	7	46	32.10
23	7	60	48.06
23	7	71	35.96
23	7	86	25.31
23	7	105	38.63
23	7	142	45.49
23	7	148	34.76
23	7	241	38.17
23	7	248	56.07
23	7	268	42.46
23	7	335	32.62
23	7,25	46	43.75
23	7,25	60	62.66
23	7,25	71	44.23
23	7,25	86	35.23
23	7,25	105	46.66
23	7,25	241	49.52
23	7,25	268	50.49
23	7,25	335	40.32
23	7,27	46	41.63
23	7,27	60	58.15
23	7,27	71	46.07
23	7,27	86	34.14
23	7,27	105	48.69
23	7,27	241	48.31
23	7,27	268	52.27
23	7,27	335	43.75
23	7,30	46	49.01
23	7,30	60	66.80
23	7,30	71	54.11
23	7,30	86	40.77
23	7,30	105	56.17
23	7,30	241	55.32
23	7,30	268	60.21
23	7,30	335	51.94
23	7,41	46	46.83
23	7,41	60	63.49
23	7,41	71	51.94
23	7,41	86	38.15
23	7,41	105	53.90
23	7,41	241	52.92
23	7,41	268	58.13
23	7,41	335	47.41
23	7,44	46	44.27
23	7,44	60	60.63
23	7,44	71	49.18
23	7,44	86	35.83
23	7,44	105	51.31
23	7,44	241	50.46
23	7,44	268	55.38
23	7,44	335	44.59
23	8	5	27.24
23	8	14	42.34
23	8	16	16.15
23	8	22	20.15
23	8	49	58.73
23	8	58	36.39
23	8	89	46.39
23	8	103	42.07
23	8	111	40.70
23	8	189	26.20
23	8	194	20.86
23	8	217	20.23
23	8	238	43.77
23	8	244	21.73
23	8	284	50.18
23	8	295	57.20
23	8	305	16.72
23	8	392	20.80
23	8	397	29.45
23	8,35	5	36.54
23	8,35	16	26.51
23	8,35	22	32.49
23	8,35	58	46.00
23	8,35	89	57.96
23	8,35	103	51.77
23	8,35	111	49.83
23	8,35	189	35.76
23	8,35	194	31.90
23	8,35	217	30.01
23	8,35	244	31.13
23	8,35	305	26.17
23	8,35	392	30.51
23	8,35	397	37.21
23	9	2	34.25
23	9	19	43.23
23	9	24	57.25
23	9	40	21.17
23	9	41	46.37
23	9	56	18.21
23	9	75	22.66
23	9	79	58.11
23	9	140	25.54
23	9	147	47.13
23	9	185	49.41
23	9	195	38.10
23	9	198	45.37
23	9	235	43.30
23	9	270	52.66
23	9	307	33.65
23	9	328	58.31
23	9	331	41.35
23	9	351	42.48
23	9	354	51.65
23	9	393	43.30
23	9	406	46.96
23	9,19	2	48.66
23	9,19	19	57.28
23	9,19	40	35.65
23	9,19	41	60.89
23	9,19	56	31.79
23	9,19	75	36.93
23	9,19	140	42.51
23	9,19	185	64.41
23	9,19	195	52.51
23	9,19	198	59.97
23	9,19	235	58.31
23	9,19	307	47.77
23	9,19	331	56.21
23	9,19	354	65.08
23	9,19	393	57.87
23	9,19	406	60.96
23	9,31	2	52.01
23	9,31	75	40.27
23	9,31	195	55.86
23	9,31	235	62.07
23	9,31	331	59.01
23	9,31	393	61.32
23	9,43	2	53.61
23	9,43	56	34.77
23	9,43	75	39.93
23	9,43	140	52.18
23	9,43	195	58.14
23	9,43	235	63.41
23	9,43	331	55.89
23	9,43	393	66.39
23	10	12	26.24
23	10	18	37.21
23	10	71	30.24
23	10	87	56.92
23	10	105	33.38
23	10	142	53.48
23	10	148	29.66
23	10	207	46.30
23	10	241	41.04
23	10	247	31.39
23	10	248	54.85
23	10	253	41.00
23	10	254	53.46
23	10	256	45.03
23	10	268	37.11
23	10	281	31.41
23	10	317	23.14
23	10	329	53.32
23	10	330	55.46
23	10	344	31.99
23	10	360	54.56
23	10	400	41.10
23	10,11	247	48.32
23	10,28	241	58.96
23	10,28	247	46.86
23	11	20	31.10
23	11	30	44.62
23	11	81	39.66
23	11	85	41.24
23	11	87	58.70
23	11	88	59.75
23	11	141	72.17
23	11	150	29.49
23	11	164	29.55
23	11	196	28.72
23	11	215	31.23
23	11	247	33.37
23	11	272	39.80
23	11	334	66.41
23	11,14	20	47.46
23	11,14	30	70.65
23	11,14	81	54.85
23	11,14	85	68.01
23	11,14	88	73.76
23	11,14	150	58.44
23	11,14	164	47.56
23	11,14	196	42.93
23	11,14	215	46.42
23	11,14	272	53.25
23	11,24	20	43.20
23	11,24	30	58.07
23	11,24	81	51.13
23	11,24	85	55.94
23	11,24	88	70.42
23	11,24	150	59.00
23	11,24	164	44.45
23	11,24	196	37.66
23	11,24	215	41.24
23	11,24	272	49.73
23	11,33	20	56.24
23	11,33	30	69.45
23	11,33	81	60.56
23	11,33	150	59.06
23	11,33	164	57.90
23	12	20	33.63
23	12	30	47.72
23	12	50	53.79
23	12	51	57.80
23	12	81	41.92
23	12	88	63.75
23	12	141	76.80
23	12	150	42.06
23	12	164	43.68
23	12	173	55.27
23	12	196	34.06
23	12	272	45.66
23	12	334	72.20
23	12	369	52.31
23	12,23	20	59.90
23	12,23	50	67.46
23	12,23	51	70.04
23	12,23	88	94.28
23	12,23	150	58.03
23	12,33	20	54.51
23	12,33	30	68.31
23	12,33	50	77.62
23	12,33	51	80.90
23	12,33	81	65.93
23	12,33	150	61.03
23	12,33	164	60.01
23	12,38	20	41.61
23	12,38	50	62.21
23	12,38	51	66.08
23	12,38	81	50.72
23	12,38	88	72.27
23	12,38	150	52.80
23	12,38	164	59.35
23	12,38	196	42.62
23	12,38	272	54.62
23	13	4	28.97
23	13	23	48.55
23	13	32	49.93
23	13	42	42.35
23	13	46	28.06
23	13	53	22.69
23	13	60	38.87
23	13	68	28.06
23	13	74	33.52
23	13	86	17.73
23	13	101	26.76
23	13	107	53.93
23	13	108	19.82
23	13	118	21.85
23	13	123	25.54
23	13	124	36.55
23	13	125	38.58
23	13	127	38.90
23	13	154	31.68
23	13	158	37.59
23	13	166	18.17
23	13	168	29.17
23	13	186	17.10
23	13	199	16.00
23	13	200	46.59
23	13	201	28.32
23	13	203	40.77
23	13	221	34.08
23	13	233	31.59
23	13	240	39.17
23	13	243	31.75
23	13	251	29.04
23	13	252	21.80
23	13	285	51.03
23	13	289	33.63
23	13	291	45.06
23	13	296	52.97
23	13	297	27.01
23	13	311	16.80
23	13	320	16.38
23	13	322	36.68
23	13	327	30.34
23	13	335	31.66
23	13	337	28.34
23	13	339	22.77
23	13	345	16.87
23	13	348	16.59
23	13	350	52.07
23	13	353	26.83
23	13	355	27.69
23	13	358	14.34
23	13	363	23.65
23	13	364	26.01
23	13	375	28.00
23	13	378	16.69
23	13	380	13.85
23	13	382	31.21
23	13	388	18.62
23	13	390	13.58
23	13	395	14.59
23	13	399	18.75
23	13	403	47.55
23	13	405	28.56
23	13,16	23	59.27
23	13,16	42	54.99
23	13,16	53	34.86
23	13,16	60	50.37
23	13,16	101	38.04
23	13,16	107	65.58
23	13,16	124	50.39
23	13,16	125	62.75
23	13,16	127	49.79
23	13,16	154	43.44
23	13,16	166	28.37
23	13,16	201	41.54
23	13,16	203	53.90
23	13,16	221	46.76
23	13,16	251	54.61
23	13,16	285	61.89
23	13,16	291	59.42
23	13,16	327	42.27
23	13,16	364	39.51
23	13,36	23	64.06
23	13,36	42	59.61
23	13,36	53	37.90
23	13,36	60	55.69
23	13,36	68	44.48
23	13,36	101	41.20
23	13,36	107	71.34
23	13,36	124	53.31
23	13,36	125	58.00
23	13,36	127	53.04
23	13,36	154	46.21
23	13,36	166	33.25
23	13,36	168	46.27
23	13,36	201	44.34
23	13,36	203	59.72
23	13,36	221	50.30
23	13,36	251	52.68
23	13,36	285	68.34
23	13,36	291	62.35
23	13,36	327	47.13
23	13,36	364	42.08
23	13,48	42	58.92
23	13,48	53	37.13
23	13,48	68	43.79
23	13,48	101	40.37
23	13,48	107	70.73
23	13,48	124	52.65
23	13,48	125	54.38
23	13,48	127	52.62
23	13,48	168	45.85
23	13,48	201	43.61
23	13,48	203	58.42
23	13,48	221	49.54
23	13,48	285	68.59
23	13,48	291	62.39
23	13,48	327	44.76
23	13,48	364	41.32
23	14	20	33.80
23	14	30	49.58
23	14	81	41.63
23	14	85	47.56
23	14	88	60.66
23	14	106	22.73
23	14	141	71.42
23	14	150	40.34
23	14	164	40.69
23	14	173	57.69
23	14	196	27.61
23	14	215	31.87
23	14	246	46.77
23	14	272	39.30
23	14	334	67.66
23	14,24	20	47.56
23	14,24	30	63.14
23	14,24	81	56.48
23	14,24	85	61.48
23	14,24	88	75.17
23	14,24	106	36.65
23	14,24	150	66.44
23	14,24	164	56.23
23	14,24	196	42.10
23	14,24	215	45.96
23	14,24	246	61.28
23	14,24	272	54.59
23	15	2	32.37
23	15	3	46.77
23	15	19	44.31
23	15	24	57.25
23	15	40	21.46
23	15	55	25.61
23	15	56	22.24
23	15	75	22.52
23	15	79	57.08
23	15	94	62.68
23	15	114	37.17
23	15	121	30.23
23	15	140	25.34
23	15	147	45.72
23	15	156	26.87
23	15	159	35.07
23	15	167	46.39
23	15	185	50.72
23	15	187	58.54
23	15	197	37.10
23	15	198	43.45
23	15	226	29.83
23	15	255	47.11
23	15	265	24.70
23	15	270	57.39
23	15	274	34.20
23	15	302	25.45
23	15	307	37.68
23	15	312	38.99
23	15	333	33.86
23	15	336	23.06
23	15	351	46.62
23	15	354	40.55
23	15	359	46.37
23	15	387	51.25
23	15	393	40.10
23	15	404	23.96
23	15	406	47.37
23	15,19	2	49.59
23	15,19	19	61.18
23	15,19	40	36.66
23	15,19	55	42.17
23	15,19	56	36.51
23	15,19	75	37.52
23	15,19	114	54.86
23	15,19	140	42.97
23	15,19	156	42.15
23	15,19	185	68.75
23	15,19	197	53.31
23	15,19	198	60.90
23	15,19	226	47.00
23	15,19	265	42.18
23	15,19	274	52.25
23	15,19	307	54.38
23	15,19	312	55.92
23	15,19	333	53.96
23	15,19	336	38.65
23	15,19	354	66.59
23	15,19	393	57.55
23	15,19	404	39.55
23	15,19	406	63.97
23	15,32	2	42.85
23	15,32	19	54.45
23	15,32	40	31.96
23	15,32	55	37.21
23	15,32	56	37.52
23	15,32	75	32.86
23	15,32	114	46.45
23	15,32	140	37.49
23	15,32	156	37.41
23	15,32	185	61.62
23	15,32	197	47.00
23	15,32	198	54.13
23	15,32	226	41.14
23	15,32	265	36.85
23	15,32	274	45.39
23	15,32	307	53.66
23	15,32	312	50.65
23	15,32	333	47.97
23	15,32	336	33.83
23	15,32	354	61.44
23	15,32	393	54.17
23	15,32	404	34.73
23	15,32	406	57.58
23	16	23	54.34
23	16	32	56.35
23	16	42	48.68
23	16	52	41.48
23	16	53	29.82
23	16	60	44.87
23	16	101	33.14
23	16	107	59.92
23	16	124	44.55
23	16	125	49.49
23	16	127	44.70
23	16	154	38.31
23	16	166	22.61
23	16	201	36.00
23	16	203	43.69
23	16	221	41.63
23	16	240	47.01
23	16	251	48.44
23	16	258	24.13
23	16	285	57.03
23	16	291	51.25
23	16	296	59.83
23	16	306	31.70
23	16	327	36.65
23	16	350	53.90
23	16	364	33.94
23	16,36	23	67.56
23	16,36	42	63.24
23	16,36	52	53.65
23	16,36	53	42.52
23	16,36	60	59.39
23	16,36	101	45.24
23	16,36	107	74.44
23	16,36	124	58.65
23	16,36	125	66.00
23	16,36	127	56.90
23	16,36	154	50.52
23	16,36	166	35.79
23	16,36	201	49.45
23	16,36	203	61.92
23	16,36	221	55.08
23	16,36	251	67.96
23	16,36	285	71.79
23	16,36	291	69.15
23	16,36	327	46.23
23	16,36	364	47.41
23	17	6	40.70
23	17	55	20.90
23	17	70	56.20
23	17	75	18.10
23	17	96	51.52
23	17	97	44.17
23	17	98	34.45
23	17	114	43.61
23	17	116	41.83
23	17	117	45.75
23	17	129	34.17
23	17	138	49.79
23	17	156	24.23
23	17	157	20.99
23	17	161	31.15
23	17	190	36.32
23	17	204	48.10
23	17	208	51.25
23	17	218	44.13
23	17	231	26.49
23	17	253	37.96
23	17	256	40.55
23	17	266	46.37
23	17	276	17.46
23	17	278	17.37
23	17	290	47.85
23	17	293	25.85
23	17	304	29.93
23	17	308	31.28
23	17	313	49.06
23	17	323	45.90
23	17	330	50.46
23	17	338	32.93
23	17	346	40.51
23	17	347	47.89
23	17	349	42.85
23	17	383	17.51
23	17	391	54.03
23	17	396	18.45
23	17,31	75	37.85
23	17,31	97	57.27
23	17,31	116	73.45
23	17,31	156	55.45
23	17,31	204	66.13
23	17,31	208	69.87
23	18	13	33.93
23	18	59	41.18
23	18	170	29.01
23	18	182	41.39
23	18	205	48.77
23	18	214	24.83
23	18	229	40.14
23	18	249	46.48
23	18	261	47.55
23	18	263	35.18
23	18	288	44.52
23	18	365	14.73
23	18	368	42.46
23	18	377	37.04
23	18	386	17.39
23	18	389	35.48
23	18,22	13	59.10
23	18,22	59	67.11
23	18,22	170	53.75
23	18,22	182	71.45
23	18,22	214	50.44
23	18,22	229	66.99
23	18,22	249	73.41
23	18,22	263	64.80
23	18,22	288	74.15
23	18,22	377	61.80
23	18,22	389	61.99
23	18,34	13	63.30
23	18,34	182	62.79
23	19	2	35.44
23	19	19	44.04
23	19	21	48.99
23	19	40	21.82
23	19	41	47.49
23	19	55	26.07
23	19	56	19.45
23	19	75	23.37
23	19	79	58.72
23	19	114	39.35
23	19	140	24.79
23	19	147	48.66
23	19	153	49.94
23	19	156	29.99
23	19	185	51.18
23	19	193	24.82
23	19	195	39.28
23	19	197	36.46
23	19	198	46.32
23	19	226	31.73
23	19	235	45.07
23	19	237	22.97
23	19	265	22.63
23	19	269	22.92
23	19	270	57.92
23	19	274	32.80
23	19	300	30.54
23	19	301	56.15
23	19	307	34.86
23	19	312	37.15
23	19	328	59.46
23	19	331	43.28
23	19	333	37.69
23	19	336	26.21
23	19	351	42.90
23	19	354	51.35
23	19	393	44.90
23	19	404	27.13
23	19	406	48.01
23	19,43	2	49.94
23	19,43	56	31.46
23	19,43	75	36.25
23	19,43	140	42.82
23	19,43	195	53.48
23	19,43	235	59.27
23	19,43	331	52.82
23	19,43	393	58.92
23	20	27	19.97
23	20	34	59.35
23	20	122	25.51
23	20	131	45.00
23	20	169	34.63
23	20	170	36.07
23	20	176	39.13
23	20	181	47.45
23	20	211	31.15
23	20	214	42.25
23	20	267	51.76
23	20	280	22.35
23	20	298	54.80
23	20	319	57.32
23	20	367	26.46
23	20	372	28.23
23	20,22	170	67.61
23	20,22	214	51.56
23	20,45	27	39.79
23	20,45	170	64.27
23	20,45	181	76.97
23	20,45	214	63.55
23	20,46	27	29.21
23	20,46	34	70.83
23	20,46	131	53.85
23	20,46	169	55.86
23	20,46	170	45.41
23	20,46	176	49.32
23	20,46	181	59.34
23	20,46	211	41.44
23	20,46	214	53.62
23	20,46	267	62.63
23	20,46	280	31.28
23	20,46	298	68.97
23	20,46	367	36.28
23	20,46	372	37.56
23	21	6	42.17
23	21	18	39.03
23	21	46	32.17
23	21	60	50.86
23	21	71	39.85
23	21	86	28.52
23	21	97	41.63
23	21	105	43.46
23	21	116	52.77
23	21	117	46.83
23	21	142	59.37
23	21	148	40.56
23	21	204	52.44
23	21	208	53.18
23	21	225	74.45
23	21	241	40.54
23	21	248	56.73
23	21	268	46.44
23	21	328	61.87
23	21	335	39.38
23	21,28	97	62.89
23	21,28	116	79.69
23	21,28	117	73.90
23	21,28	204	71.25
23	21,28	241	58.10
23	21,29	97	51.21
23	21,29	116	63.06
23	21,29	117	66.62
23	21,29	204	57.90
23	21,29	208	58.77
23	21,29	225	79.79
23	21,30	46	47.24
23	21,30	60	62.90
23	21,30	71	52.17
23	21,30	86	39.17
23	21,30	105	54.35
23	21,30	241	53.65
23	21,30	268	58.28
23	21,30	335	49.97
23	21,31	97	54.83
23	21,31	116	67.11
23	21,31	204	67.63
23	21,31	208	69.42
23	21,31	225	91.14
23	21,43	208	73.62
23	21,43	225	105.55
23	22	13	44.30
23	22	59	56.28
23	22	121	43.52
23	22	170	39.46
23	22	182	52.25
23	22	205	44.08
23	22	214	33.89
23	22	229	49.73
23	22	249	57.92
23	22	261	59.11
23	22	263	47.41
23	22	288	55.21
23	22	377	47.03
23	22	389	31.23
23	22,45	13	72.20
23	22,45	59	83.73
23	22,45	121	70.14
23	22,45	170	68.72
23	22,45	182	74.75
23	22,45	214	53.79
23	22,45	229	70.51
23	22,45	249	86.58
23	22,45	263	81.18
23	22,45	288	91.03
23	22,45	377	67.45
23	22,45	389	68.55
23	23	9	78.51
23	23	20	37.07
23	23	37	65.61
23	23	50	51.97
23	23	51	54.87
23	23	61	50.30
23	23	82	40.14
23	23	87	68.23
23	23	88	68.08
23	23	136	40.89
23	23	150	43.23
23	23	234	45.87
23	23	334	72.85
23	23	369	48.41
23	23,26	9	88.27
23	23,26	20	50.58
23	23,26	37	80.35
23	23,26	50	65.42
23	23,26	51	70.90
23	23,26	61	65.82
23	23,26	82	58.38
23	23,26	88	81.70
23	23,26	136	54.25
23	23,26	234	63.31
23	24	20	35.10
23	24	30	50.04
23	24	81	42.20
23	24	85	48.06
23	24	88	61.66
23	24	106	23.80
23	24	141	72.89
23	24	150	38.20
23	24	164	38.44
23	24	173	58.27
23	24	196	28.99
23	24	215	32.86
23	24	246	47.35
23	24	272	40.65
23	24	334	68.32
23	25	4	22.68
23	25	10	30.61
23	25	18	28.13
23	25	32	51.46
23	25	46	24.61
23	25	53	17.54
23	25	60	41.13
23	25	67	36.86
23	25	71	33.58
23	25	86	18.15
23	25	105	36.70
23	25	118	22.61
23	25	124	37.87
23	25	142	38.30
23	25	148	33.20
23	25	203	41.48
23	25	207	36.90
23	25	225	57.97
23	25	240	40.46
23	25	241	30.58
23	25	248	47.17
23	25	252	22.31
23	25	268	39.10
23	25	281	23.27
23	25	318	20.72
23	25	329	40.25
23	25	335	19.32
23	25	337	33.76
23	25	342	13.04
23	25	353	20.54
23	25	355	26.54
23	25	358	16.10
23	25	360	45.45
23	25	375	25.46
23	25	388	25.55
23	25	395	16.08
23	25	399	13.24
23	25,44	46	46.68
23	25,44	53	38.51
23	25,44	60	65.79
23	25,44	71	57.27
23	25,44	86	38.04
23	25,44	105	59.14
23	25,44	124	61.06
23	25,44	225	85.92
23	25,44	241	52.39
23	25,44	268	62.37
23	25,44	335	43.39
23	26	9	69.97
23	26	11	36.90
23	26	20	28.56
23	26	37	55.90
23	26	50	40.13
23	26	51	46.42
23	26	61	43.20
23	26	64	45.35
23	26	82	31.96
23	26	84	43.14
23	26	88	56.17
23	26	93	25.56
23	26	109	35.73
23	26	136	29.28
23	26	164	35.20
23	26	179	37.37
23	26	220	48.15
23	26	227	50.24
23	26	234	37.92
23	26	257	17.86
23	26	271	50.08
23	26	294	21.01
23	26	315	33.49
23	26	332	40.18
23	26	334	63.77
23	26	357	41.41
23	26	369	36.97
23	26	400	34.11
23	27	18	32.97
23	27	46	30.72
23	27	60	46.38
23	27	71	34.44
23	27	86	24.37
23	27	105	37.55
23	27	142	40.87
23	27	148	33.96
23	27	207	42.39
23	27	241	37.14
23	27	248	54.54
23	27	253	37.61
23	27	254	53.85
23	27	256	47.52
23	27	268	40.92
23	27	281	27.77
23	27	293	26.34
23	27	329	48.24
23	27	335	31.94
23	27	337	39.85
23	27	344	32.03
23	27	353	28.38
23	27	360	49.20
23	27	399	18.82
23	27,41	46	41.59
23	27,41	60	57.83
23	27,41	71	45.89
23	27,41	86	34.25
23	27,41	105	48.61
23	27,41	207	53.92
23	27,41	241	48.35
23	27,41	256	59.10
23	27,41	268	52.08
23	27,41	281	39.30
23	27,41	335	42.41
23	27,41	337	51.44
23	27,41	344	44.41
23	27,41	353	39.82
23	27,41	399	29.14
23	27,44	46	52.51
23	27,44	60	70.69
23	27,44	71	57.82
23	27,44	86	44.00
23	27,44	105	59.69
23	27,44	241	58.69
23	27,44	268	63.87
23	27,44	335	55.72
23	28	6	45.66
23	28	70	63.82
23	28	87	62.89
23	28	97	49.85
23	28	116	52.27
23	28	117	55.68
23	28	148	38.66
23	28	204	55.56
23	28	231	31.42
23	28	241	42.68
23	28	247	28.28
23	28	308	36.38
23	28	330	57.45
23	28,30	241	70.90
23	29	6	34.20
23	29	12	22.72
23	29	18	34.92
23	29	33	43.85
23	29	55	14.30
23	29	70	52.37
23	29	75	12.00
23	29	97	32.13
23	29	98	29.23
23	29	114	37.45
23	29	116	37.73
23	29	117	38.28
23	29	138	46.18
23	29	146	12.06
23	29	148	32.77
23	29	156	19.24
23	29	157	17.38
23	29	161	22.11
23	29	190	27.62
23	29	204	43.96
23	29	208	46.58
23	29	218	35.46
23	29	225	62.82
23	29	231	20.79
23	29	237	11.85
23	29	253	28.77
23	29	256	37.10
23	29	266	38.42
23	29	270	49.89
23	29	278	11.70
23	29	281	22.39
23	29	290	51.20
23	29	293	15.92
23	29	304	29.56
23	29	308	29.08
23	29	313	43.49
23	29	323	45.76
23	29	328	53.03
23	29	329	48.55
23	29	330	43.27
23	29	338	30.56
23	29	346	37.65
23	29	347	42.21
23	29	349	39.34
23	29	383	7.97
23	29	391	47.10
23	29	396	12.54
23	30	18	39.41
23	30	46	36.55
23	30	60	53.20
23	30	71	40.80
23	30	86	29.61
23	30	105	43.48
23	30	142	56.90
23	30	148	40.46
23	30	241	42.68
23	30	248	60.68
23	30	268	47.21
23	30	335	38.44
23	30,42	46	50.93
23	30,42	60	69.07
23	30,42	71	58.73
23	30,42	86	42.44
23	30,42	105	60.54
23	30,42	241	57.04
23	30,42	268	64.79
23	30,42	335	54.79
23	30,44	46	57.79
23	30,44	60	76.82
23	30,44	71	63.56
23	30,44	86	48.76
23	30,44	105	65.06
23	30,44	241	63.72
23	30,44	268	69.55
23	30,44	335	60.51
23	31	2	38.48
23	31	6	41.70
23	31	75	25.01
23	31	97	42.38
23	31	116	52.28
23	31	156	33.39
23	31	195	44.70
23	31	204	52.70
23	31	208	55.63
23	31	225	74.63
23	31	235	50.39
23	31	270	54.48
23	31	328	64.25
23	31	331	43.93
23	31	393	47.80
23	31,43	2	51.54
23	31,43	75	37.93
23	31,43	195	57.25
23	31,43	208	68.70
23	31,43	225	88.61
23	31,43	235	61.76
23	31,43	331	54.66
23	31,43	393	61.20
23	32	2	31.07
23	32	19	38.73
23	32	21	43.54
23	32	40	17.90
23	32	41	43.08
23	32	55	20.34
23	32	56	15.70
23	32	75	18.15
23	32	79	55.06
23	32	114	38.03
23	32	140	20.28
23	32	147	44.49
23	32	153	45.30
23	32	156	25.56
23	32	185	45.61
23	32	195	34.93
23	32	197	32.87
23	32	198	40.99
23	32	208	49.73
23	32	226	30.56
23	32	235	40.55
23	32	237	17.76
23	32	265	18.62
23	32	269	18.01
23	32	270	52.96
23	32	274	20.77
23	32	301	51.76
23	32	307	31.55
23	32	312	30.96
23	32	328	55.08
23	32	331	38.86
23	32	333	32.24
23	32	336	21.73
23	32	351	38.04
23	32	354	47.82
23	32	393	29.96
23	32	404	22.65
23	32	406	42.87
23	33	20	34.20
23	33	30	46.18
23	33	50	53.86
23	33	51	56.38
23	33	61	53.01
23	33	81	40.30
23	33	136	39.54
23	33	150	35.72
23	33	164	39.63
23	33	173	55.13
23	33	334	70.77
23	33	369	50.63
23	33,38	20	44.85
23	33,38	50	68.39
23	33,38	51	71.68
23	33,38	81	56.18
23	33,38	150	53.17
23	33,38	164	53.20
23	34	13	45.65
23	34	31	54.62
23	34	77	37.07
23	34	91	52.85
23	34	92	45.82
23	34	172	58.28
23	34	182	47.73
23	34	205	62.18
23	34	239	35.06
23	34	245	44.28
23	34	261	55.83
23	34	262	43.69
23	34	402	47.17
23	35	5	21.45
23	35	14	42.34
23	35	16	12.10
23	35	17	15.11
23	35	22	16.97
23	35	25	52.93
23	35	49	53.41
23	35	58	35.13
23	35	62	42.75
23	35	65	17.68
23	35	76	54.08
23	35	89	41.14
23	35	103	38.21
23	35	110	47.20
23	35	111	40.24
23	35	119	24.34
23	35	128	32.76
23	35	133	27.45
23	35	163	33.94
23	35	171	31.68
23	35	174	14.45
23	35	188	31.07
23	35	189	21.51
23	35	194	13.11
23	35	217	16.83
23	35	228	19.13
23	35	236	15.11
23	35	238	38.54
23	35	244	21.45
23	35	282	11.27
23	35	284	46.75
23	35	286	28.79
23	35	292	13.54
23	35	295	51.72
23	35	305	13.90
23	35	316	12.58
23	35	324	15.32
23	35	340	29.80
23	35	343	14.69
23	35	366	27.66
23	35	373	12.70
23	35	379	36.30
23	35	385	14.48
23	35	392	16.86
23	35	397	19.83
23	36	23	54.23
23	36	32	56.77
23	36	42	48.42
23	36	52	39.87
23	36	53	29.90
23	36	60	44.79
23	36	68	34.14
23	36	101	34.10
23	36	107	60.39
23	36	124	42.61
23	36	125	37.76
23	36	127	39.01
23	36	154	38.37
23	36	158	45.21
23	36	166	23.17
23	36	168	35.11
23	36	201	34.15
23	36	203	47.76
23	36	221	40.82
23	36	240	45.11
23	36	251	39.42
23	36	285	52.28
23	36	291	51.34
23	36	296	60.58
23	36	327	28.93
23	36	350	53.38
23	36	364	33.27
23	36,48	42	65.20
23	36,48	53	44.51
23	36,48	68	50.08
23	36,48	101	47.83
23	36,48	107	76.20
23	36,48	124	56.49
23	36,48	125	60.55
23	36,48	127	58.87
23	36,48	168	52.01
23	36,48	201	49.61
23	36,48	203	72.87
23	36,48	221	56.49
23	36,48	285	75.35
23	36,48	291	69.94
23	36,48	327	52.45
23	36,48	364	48.27
23	37	2	24.58
23	37	19	37.65
23	37	41	42.87
23	37	55	18.10
23	37	75	16.11
23	37	79	53.55
23	37	83	44.37
23	37	90	16.72
23	37	98	27.17
23	37	100	18.42
23	37	114	33.11
23	37	115	40.10
23	37	129	26.69
23	37	137	14.20
23	37	140	20.61
23	37	145	19.21
23	37	147	37.39
23	37	156	18.10
23	37	185	46.99
23	37	197	34.23
23	37	198	36.11
23	37	223	17.83
23	37	226	30.69
23	37	237	17.89
23	37	242	15.65
23	37	265	20.03
23	37	270	52.55
23	37	273	17.62
23	37	274	30.82
23	37	287	17.03
23	37	307	34.54
23	37	310	48.10
23	37	312	30.23
23	37	325	47.07
23	37	326	20.82
23	37	333	19.77
23	37	336	13.97
23	37	351	42.07
23	37	354	50.63
23	37	387	47.48
23	37	393	40.85
23	37	398	16.41
23	37	404	15.11
23	37	406	41.17
23	37,43	2	48.89
23	37,43	75	37.17
23	37,43	140	44.72
23	37,43	393	57.59
23	38	20	27.48
23	38	50	48.85
23	38	51	52.68
23	38	81	36.37
23	38	88	55.41
23	38	106	20.39
23	38	141	69.52
23	38	150	41.63
23	38	164	37.21
23	38	173	46.41
23	38	196	28.45
23	38	272	39.96
23	38	334	67.23
23	38	369	47.96
23	39	1	48.77
23	39	7	20.28
23	39	8	40.83
23	39	15	81.48
23	39	28	21.97
23	39	36	19.62
23	39	43	59.39
23	39	47	17.41
23	39	57	47.70
23	39	69	17.17
23	39	95	22.96
23	39	102	69.75
23	39	113	49.30
23	39	135	27.07
23	39	149	51.20
23	39	151	21.82
23	39	152	40.48
23	39	155	58.72
23	39	160	53.18
23	39	162	47.27
23	39	165	24.13
23	39	213	41.68
23	39	216	22.96
23	39	219	54.30
23	39	232	31.65
23	39	275	21.45
23	39	299	22.48
23	39	303	21.13
23	39	361	51.80
23	39	376	20.31
23	40	26	13.72
23	40	29	29.35
23	40	38	32.93
23	40	39	19.80
23	40	44	11.42
23	40	45	48.83
23	40	48	13.30
23	40	54	37.20
23	40	63	27.01
23	40	66	17.75
23	40	72	49.28
23	40	73	12.93
23	40	78	39.13
23	40	80	14.46
23	40	120	15.24
23	40	126	55.85
23	40	130	12.06
23	40	132	34.61
23	40	139	19.86
23	40	144	33.27
23	40	177	54.49
23	40	180	13.31
23	40	184	13.68
23	40	192	10.96
23	40	202	22.58
23	40	206	17.92
23	40	209	27.77
23	40	210	23.44
23	40	212	41.96
23	40	224	15.07
23	40	230	39.30
23	40	259	36.41
23	40	260	38.08
23	40	279	12.62
23	40	283	15.75
23	40	309	28.15
23	40	314	12.46
23	40	321	30.61
23	40	341	34.85
23	40	352	35.94
23	40	362	12.49
23	40	371	11.93
23	40	374	21.08
23	40	381	21.27
23	41	18	33.72
23	41	46	33.42
23	41	53	23.03
23	41	60	48.75
23	41	71	39.34
23	41	86	26.15
23	41	105	42.13
23	41	118	32.61
23	41	124	45.52
23	41	142	41.85
23	41	148	38.45
23	41	207	47.48
23	41	225	67.14
23	41	241	39.38
23	41	248	57.13
23	41	253	42.82
23	41	254	59.25
23	41	256	52.63
23	41	268	45.79
23	41	281	33.13
23	41	329	50.55
23	41	335	32.82
23	41	337	41.96
23	41	342	21.10
23	41	344	38.04
23	41	353	30.37
23	41	360	50.03
23	41	399	19.85
23	41,44	46	53.14
23	41,44	53	42.18
23	41,44	60	74.69
23	41,44	71	64.21
23	41,44	86	44.82
23	41,44	105	65.65
23	41,44	124	69.85
23	41,44	225	96.66
23	41,44	241	62.21
23	41,44	268	70.23
23	41,44	335	53.80
23	42	18	35.00
23	42	46	32.42
23	42	53	23.23
23	42	60	48.66
23	42	71	38.97
23	42	86	25.69
23	42	105	41.72
23	42	124	45.93
23	42	142	53.76
23	42	148	38.62
23	42	225	68.56
23	42	241	38.56
23	42	248	56.15
23	42	268	45.38
23	42	335	34.70
23	43	2	36.83
23	43	56	19.15
23	43	75	23.28
23	43	140	31.35
23	43	195	41.94
23	43	208	51.77
23	43	225	70.94
23	43	235	45.62
23	43	270	50.41
23	43	328	39.77
23	43	331	39.18
23	43	351	39.80
23	43	393	43.49
23	44	18	37.18
23	44	46	36.03
23	44	53	25.54
23	44	60	51.93
23	44	71	42.30
23	44	86	28.46
23	44	105	44.77
23	44	124	48.35
23	44	142	49.68
23	44	148	41.39
23	44	225	70.99
23	44	241	41.85
23	44	248	59.97
23	44	268	48.70
23	44	335	35.75
23	45	3	50.77
23	45	13	41.08
23	45	27	24.96
23	45	59	51.82
23	45	94	66.44
23	45	121	40.03
23	45	159	42.11
23	45	167	47.76
23	45	170	38.38
23	45	181	47.23
23	45	182	55.56
23	45	187	61.27
23	45	214	36.69
23	45	229	49.79
23	45	249	53.17
23	45	263	44.44
23	45	288	54.61
23	45	377	37.08
23	45	389	35.80
23	46	3	38.96
23	46	24	45.10
23	46	27	12.61
23	46	34	45.69
23	46	40	15.23
23	46	59	41.10
23	46	94	46.56
23	46	121	29.83
23	46	131	31.75
23	46	143	16.23
23	46	159	27.15
23	46	167	36.75
23	46	169	28.75
23	46	170	27.90
23	46	176	31.58
23	46	181	32.24
23	46	187	50.35
23	46	211	23.44
23	46	214	29.10
23	46	222	15.97
23	46	249	39.55
23	46	255	35.70
23	46	267	38.77
23	46	280	11.10
23	46	298	42.70
23	46	300	18.39
23	46	319	42.28
23	46	359	39.54
23	46	367	18.70
23	46	372	16.96
23	46	394	12.49
23	47	20	29.63
23	47	30	42.44
23	47	50	48.83
23	47	51	51.73
23	47	81	38.59
23	47	87	61.25
23	47	88	60.32
23	47	136	36.79
23	47	150	38.54
23	47	164	34.80
23	47	247	32.73
23	47	272	41.92
23	47	334	67.23
23	47	369	47.34
23	48	32	55.61
23	48	42	45.06
23	48	53	27.69
23	48	68	29.35
23	48	101	31.72
23	48	107	57.07
23	48	124	38.15
23	48	125	41.59
23	48	127	43.89
23	48	158	41.23
23	48	168	33.72
23	48	175	20.24
23	48	183	41.44
23	48	201	30.06
23	48	203	50.61
23	48	221	39.54
23	48	240	37.75
23	48	285	58.48
23	48	291	51.77
23	48	296	60.13
23	48	327	28.03
23	48	364	27.77
