Task=103 Orders=38 Vehicles=460 Scores=1788
103	1	86	39.34
103	1	92	31.38
103	1	110	34.68
103	1	117	62.08
103	1	120	30.30
103	1	144	51.17
103	1	162	61.70
103	1	164	48.10
103	1	185	50.99
103	1	195	25.20
103	1	243	59.93
103	1	270	30.85
103	1	311	50.59
103	1	321	23.10
103	1	324	53.21
103	1	340	30.39
103	1	353	74.72
103	1	371	51.10
103	1	380	56.45
103	1	382	62.66
103	1	408	26.32
103	1	411	41.69
103	1	449	70.73
103	1	450	47.25
103	1,12	92	50.03
103	1,12	449	88.61
103	2	6	37.73
103	2	31	34.55
103	2	37	46.93
103	2	42	18.41
103	2	62	48.44
103	2	80	54.77
103	2	88	44.58
103	2	107	33.87
103	2	169	46.80
103	2	203	46.07
103	2	218	19.70
103	2	241	44.13
103	2	281	35.35
103	2	287	20.32
103	2	303	21.55
103	2	396	51.49
103	2	432	47.14
103	2	450	54.39
103	2,3	6	50.08
103	2,3	31	45.92
103	2,3	62	60.79
103	2,3	80	67.59
103	2,3	88	57.68
103	2,3	218	33.32
103	2,3	287	34.03
103	2,3	396	63.39
103	2,5	6	48.59
103	2,5	31	44.34
103	2,5	37	56.80
103	2,5	42	27.83
103	2,5	80	65.61
103	2,5	88	55.49
103	2,5	107	44.38
103	2,5	203	57.15
103	2,5	218	30.87
103	2,5	241	52.38
103	2,5	281	46.44
103	2,5	287	31.59
103	2,5	303	30.63
103	2,5	396	61.54
103	2,20	31	49.46
103	2,20	42	33.94
103	2,20	62	66.66
103	2,20	80	75.58
103	2,20	88	67.32
103	2,20	203	62.46
103	2,20	241	59.93
103	2,20	396	67.94
103	2,21	6	55.94
103	2,21	31	48.51
103	2,21	42	32.89
103	2,21	62	65.52
103	2,21	80	73.61
103	2,21	88	63.69
103	2,21	203	61.62
103	2,21	241	59.01
103	2,21	396	67.00
103	2,30	6	53.11
103	2,30	62	63.82
103	2,30	88	60.03
103	2,30	107	48.65
103	2,30	218	34.21
103	2,30	281	51.59
103	2,30	287	33.62
103	2,30	303	34.69
103	3	6	41.66
103	3	15	24.35
103	3	31	35.83
103	3	47	20.58
103	3	62	46.65
103	3	70	48.34
103	3	79	47.83
103	3	80	56.59
103	3	82	57.27
103	3	88	47.18
103	3	103	40.15
103	3	108	29.85
103	3	113	51.61
103	3	125	24.32
103	3	130	36.25
103	3	150	22.92
103	3	160	49.51
103	3	207	44.18
103	3	218	21.89
103	3	231	69.85
103	3	256	30.92
103	3	265	36.62
103	3	276	42.85
103	3	287	21.96
103	3	295	38.21
103	3	314	24.70
103	3	325	32.54
103	3	349	21.45
103	3	369	43.52
103	3	375	38.68
103	3	376	27.35
103	3	396	50.94
103	3	412	25.62
103	3	418	18.99
103	3	429	43.54
103	3	432	44.96
103	3	458	21.93
103	3,21	6	60.96
103	3,21	31	49.96
103	3,21	62	66.93
103	3,21	70	67.37
103	3,21	79	65.44
103	3,21	80	76.10
103	3,21	88	68.56
103	3,21	108	58.65
103	3,21	396	68.42
103	3,30	6	55.15
103	3,30	62	69.41
103	3,30	88	59.06
103	3,30	103	54.34
103	3,30	125	38.46
103	3,30	207	60.01
103	3,30	218	33.27
103	3,30	287	32.76
103	3,30	295	55.01
103	3,30	429	59.30
103	3,30	458	45.66
103	4	14	42.85
103	4	16	25.08
103	4	24	41.03
103	4	27	39.49
103	4	33	40.46
103	4	48	55.55
103	4	51	20.89
103	4	54	32.66
103	4	63	31.20
103	4	68	18.61
103	4	72	34.97
103	4	94	40.66
103	4	97	30.01
103	4	136	19.97
103	4	140	36.97
103	4	158	22.51
103	4	161	44.32
103	4	167	35.63
103	4	174	17.44
103	4	217	26.21
103	4	223	16.21
103	4	236	36.21
103	4	251	41.83
103	4	253	19.63
103	4	258	21.99
103	4	260	48.34
103	4	261	21.01
103	4	275	27.83
103	4	285	21.31
103	4	293	38.18
103	4	301	21.99
103	4	308	19.37
103	4	312	21.83
103	4	327	40.63
103	4	338	35.03
103	4	339	18.18
103	4	348	40.01
103	4	397	42.58
103	4	399	17.99
103	4	413	20.35
103	4	420	16.18
103	4	421	34.39
103	4	426	41.48
103	4	433	16.24
103	4	434	17.59
103	4	444	20.62
103	4	446	14.94
103	4	456	20.70
103	4,27	14	53.75
103	4,27	16	43.80
103	4,27	51	42.49
103	4,27	54	49.06
103	4,27	63	42.15
103	4,27	68	37.06
103	4,27	72	54.66
103	4,27	94	56.42
103	4,27	140	56.76
103	4,27	161	60.76
103	4,27	167	58.00
103	4,27	174	38.58
103	4,27	217	42.93
103	4,27	223	39.73
103	4,27	236	46.72
103	4,27	251	56.99
103	4,27	275	46.41
103	4,27	285	34.72
103	4,27	293	58.08
103	4,27	301	44.13
103	4,27	312	39.39
103	4,27	327	59.63
103	4,27	338	54.61
103	4,27	339	38.63
103	4,27	348	56.48
103	4,27	397	53.14
103	4,27	413	37.70
103	4,27	420	36.44
103	4,27	421	52.18
103	4,27	433	38.94
103	4,27	446	35.39
103	4,27	456	38.77
103	4,31	14	51.15
103	4,31	16	37.14
103	4,31	33	56.31
103	4,31	51	32.63
103	4,31	54	43.73
103	4,31	63	42.97
103	4,31	68	29.38
103	4,31	72	46.25
103	4,31	94	51.20
103	4,31	97	41.23
103	4,31	136	30.24
103	4,31	140	48.04
103	4,31	158	34.15
103	4,31	161	54.90
103	4,31	167	45.61
103	4,31	174	28.21
103	4,31	217	37.89
103	4,31	223	26.45
103	4,31	236	53.79
103	4,31	251	59.56
103	4,31	253	30.20
103	4,31	258	39.76
103	4,31	260	59.86
103	4,31	261	32.44
103	4,31	275	40.54
103	4,31	285	32.76
103	4,31	293	49.27
103	4,31	301	34.15
103	4,31	308	29.82
103	4,31	312	33.72
103	4,31	327	51.20
103	4,31	338	46.37
103	4,31	339	28.80
103	4,31	348	51.13
103	4,31	397	53.72
103	4,31	399	28.72
103	4,31	413	32.01
103	4,31	420	26.75
103	4,31	421	46.00
103	4,31	426	63.59
103	4,31	433	26.85
103	4,31	434	28.32
103	4,31	444	32.51
103	4,31	446	25.45
103	4,31	456	32.28
103	5	6	38.52
103	5	31	35.20
103	5	37	47.00
103	5	42	19.06
103	5	80	55.07
103	5	88	44.68
103	5	107	34.76
103	5	169	46.89
103	5	203	46.86
103	5	218	20.44
103	5	241	42.37
103	5	281	35.44
103	5	287	21.06
103	5	303	21.96
103	5	396	51.90
103	5	450	54.52
103	5,15	6	55.58
103	5,15	37	68.66
103	5,15	88	67.94
103	5,15	107	51.14
103	5,15	218	37.52
103	5,15	281	54.20
103	5,15	287	38.20
103	5,15	303	36.65
103	5,20	31	50.24
103	5,20	42	34.70
103	5,20	80	76.55
103	5,20	88	68.30
103	5,20	203	63.41
103	5,20	241	60.70
103	5,20	396	68.79
103	5,21	6	53.06
103	5,21	31	45.59
103	5,21	42	30.03
103	5,21	80	70.13
103	5,21	88	60.01
103	5,21	203	58.17
103	5,21	241	56.13
103	5,21	396	63.85
103	6	4	16.04
103	6	26	42.25
103	6	28	22.55
103	6	52	22.75
103	6	75	30.52
103	6	98	50.68
103	6	165	23.49
103	6	171	21.17
103	6	176	39.20
103	6	215	54.66
103	6	220	44.31
103	6	227	47.51
103	6	230	48.45
103	6	254	49.94
103	6	272	25.55
103	6	291	49.63
103	6	296	51.49
103	6	310	47.06
103	6	317	22.87
103	6	351	39.48
103	6	370	39.62
103	6	390	31.18
103	6	406	32.59
103	6	410	45.73
103	6	460	47.24
103	6,32	4	35.96
103	6,32	75	45.41
103	6,32	165	49.92
103	6,32	227	67.62
103	6,32	254	67.10
103	6,32	272	42.25
103	6,32	296	65.32
103	6,32	310	65.15
103	6,32	317	48.75
103	6,32	351	52.77
103	6,32	390	45.41
103	7	14	51.31
103	7	20	54.70
103	7	23	45.49
103	7	27	47.21
103	7	29	34.90
103	7	39	52.93
103	7	48	65.45
103	7	159	41.82
103	7	167	49.83
103	7	179	47.94
103	7	209	46.59
103	7	214	58.25
103	7	217	34.66
103	7	251	44.49
103	7	285	24.48
103	7	288	50.97
103	7	289	27.93
103	7	294	53.18
103	7	318	46.23
103	7	338	44.42
103	7	397	46.27
103	7	415	46.32
103	7	419	33.15
103	7,16	20	68.34
103	7,16	23	59.90
103	7,16	29	50.30
103	7,16	159	57.37
103	7,16	179	61.31
103	7,16	209	62.24
103	7,16	285	38.86
103	7,16	289	40.58
103	7,16	338	57.45
103	7,16	419	45.49
103	7,17	14	67.92
103	7,17	20	72.45
103	7,17	23	54.00
103	7,17	29	53.86
103	7,17	39	62.92
103	7,17	159	51.49
103	7,17	167	57.34
103	7,17	209	57.52
103	7,17	214	66.17
103	7,17	217	53.80
103	7,17	251	53.69
103	7,17	285	44.31
103	7,17	288	68.85
103	7,17	289	46.13
103	7,17	318	61.80
103	7,17	338	53.20
103	7,17	397	63.77
103	7,17	415	63.58
103	7,17	419	54.55
103	7,27	14	64.28
103	7,27	20	73.20
103	7,27	29	52.89
103	7,27	39	66.49
103	7,27	167	70.56
103	7,27	214	78.82
103	7,27	217	55.63
103	7,27	251	67.44
103	7,27	285	47.80
103	7,27	288	71.46
103	7,27	318	62.63
103	7,27	338	66.13
103	7,27	397	64.65
103	7,27	415	64.51
103	8	31	34.51
103	8	42	19.76
103	8	62	52.62
103	8	70	54.68
103	8	80	59.83
103	8	100	52.08
103	8	108	45.97
103	8	168	39.23
103	8	184	48.48
103	8	203	46.92
103	8	228	39.41
103	8	241	45.42
103	8	328	48.27
103	8	396	53.61
103	8	432	52.59
103	8,18	31	46.11
103	8,18	42	30.99
103	8,18	62	63.70
103	8,18	70	66.13
103	8,18	80	72.11
103	8,18	100	63.61
103	8,18	108	58.92
103	8,18	184	59.54
103	8,18	203	58.46
103	8,18	228	50.90
103	8,18	241	56.87
103	8,18	396	65.04
103	8,20	31	56.01
103	8,20	42	40.39
103	8,20	62	74.23
103	8,20	70	75.94
103	8,20	80	83.20
103	8,20	100	75.13
103	8,20	108	60.63
103	8,20	203	69.90
103	8,20	228	62.07
103	8,20	241	66.44
103	8,20	396	74.87
103	8,28	31	41.45
103	8,28	62	60.07
103	8,28	70	62.27
103	8,28	80	67.72
103	8,28	100	59.85
103	8,28	108	50.69
103	8,28	168	46.99
103	8,28	184	55.35
103	8,28	203	54.65
103	8,28	228	46.92
103	8,28	241	53.27
103	8,28	396	60.87
103	9	31	34.68
103	9	42	20.25
103	9	100	51.17
103	9	108	47.37
103	9	134	22.17
103	9	168	36.99
103	9	184	49.07
103	9	203	43.01
103	9	228	31.90
103	9	241	44.21
103	9	328	40.85
103	9	396	46.92
103	9,34	42	34.55
103	9,34	100	63.80
103	9,34	134	38.13
103	9,34	168	49.07
103	9,34	184	60.18
103	9,34	203	55.58
103	9,34	228	44.27
103	9,34	241	56.37
103	9,34	396	58.73
103	9,37	31	53.25
103	9,37	42	36.66
103	9,37	100	72.39
103	9,37	108	64.44
103	9,37	168	48.72
103	9,37	184	62.04
103	9,37	203	64.13
103	9,37	228	50.75
103	9,37	241	63.58
103	9,37	396	66.68
103	10	4	15.76
103	10	34	35.21
103	10	38	39.01
103	10	50	16.92
103	10	75	36.65
103	10	98	44.01
103	10	127	14.44
103	10	149	34.68
103	10	154	14.62
103	10	165	20.77
103	10	171	14.39
103	10	181	41.62
103	10	199	53.90
103	10	200	40.37
103	10	215	45.51
103	10	219	55.61
103	10	220	40.27
103	10	225	13.93
103	10	227	43.15
103	10	229	45.10
103	10	254	40.55
103	10	282	27.04
103	10	291	39.77
103	10	309	30.06
103	10	310	35.27
103	10	317	17.35
103	10	332	30.15
103	10	360	18.23
103	10	361	50.77
103	10	363	19.38
103	10	389	28.04
103	10	406	21.00
103	10	410	43.49
103	10	417	30.04
103	10	436	35.97
103	10	438	16.49
103	10	453	17.83
103	10	460	45.39
103	10,12	4	32.62
103	10,12	75	50.66
103	10,12	98	71.10
103	10,12	165	39.13
103	10,12	171	37.34
103	10,12	215	75.20
103	10,12	220	58.04
103	10,12	227	62.52
103	10,12	254	69.46
103	10,12	291	69.45
103	10,12	310	67.14
103	10,12	317	40.55
103	10,12	406	49.37
103	11	11	42.94
103	11	12	18.49
103	11	43	22.21
103	11	45	33.08
103	11	66	19.62
103	11	83	23.93
103	11	99	37.03
103	11	102	31.83
103	11	112	34.39
103	11	114	42.85
103	11	129	46.03
103	11	147	37.45
103	11	157	52.14
103	11	166	39.92
103	11	177	45.61
103	11	187	24.85
103	11	196	33.03
103	11	202	57.28
103	11	206	47.94
103	11	211	46.77
103	11	233	56.68
103	11	240	67.34
103	11	252	34.11
103	11	257	44.66
103	11	271	42.96
103	11	274	20.79
103	11	290	50.27
103	11	297	60.42
103	11	305	20.52
103	11	313	59.70
103	11	315	43.68
103	11	341	30.15
103	11	342	23.08
103	11	346	43.38
103	11	365	57.06
103	11	366	18.56
103	11	383	35.35
103	11	384	43.97
103	11	387	27.80
103	11	441	54.25
103	11	459	54.87
103	11,14	11	54.32
103	11,14	12	29.15
103	11,14	43	33.44
103	11,14	83	36.00
103	11,14	99	46.97
103	11,14	112	44.79
103	11,14	114	53.18
103	11,14	129	56.51
103	11,14	147	47.96
103	11,14	157	62.66
103	11,14	196	41.01
103	11,14	202	74.87
103	11,14	252	44.24
103	11,14	271	54.68
103	11,14	274	31.41
103	11,14	305	31.69
103	11,14	315	54.49
103	11,14	341	40.39
103	11,14	346	54.17
103	11,14	366	28.73
103	11,14	383	45.42
103	11,14	384	53.51
103	11,14	441	64.17
103	11,25	11	55.49
103	11,25	12	33.06
103	11,25	45	44.45
103	11,25	66	31.17
103	11,25	83	32.85
103	11,25	102	43.55
103	11,25	114	55.39
103	11,25	157	64.94
103	11,25	166	49.30
103	11,25	177	58.08
103	11,25	187	34.93
103	11,25	196	56.73
103	11,25	202	65.15
103	11,25	211	63.66
103	11,25	252	46.28
103	11,25	257	57.20
103	11,25	271	57.44
103	11,25	305	35.49
103	11,25	315	57.59
103	11,25	346	57.55
103	11,25	366	27.61
103	11,25	383	43.79
103	11,25	384	53.61
103	12	4	22.51
103	12	26	47.04
103	12	28	27.25
103	12	52	27.56
103	12	75	39.48
103	12	92	32.03
103	12	98	52.69
103	12	165	28.11
103	12	171	26.77
103	12	176	43.54
103	12	215	60.76
103	12	220	48.27
103	12	227	52.21
103	12	230	52.51
103	12	238	57.17
103	12	254	54.73
103	12	272	31.11
103	12	291	55.39
103	12	310	52.42
103	12	317	29.41
103	12	351	43.77
103	12	370	46.23
103	12	406	37.63
103	12	410	51.27
103	12	449	51.77
103	12	460	50.99
103	12,24	4	31.08
103	12,24	26	55.77
103	12,24	28	35.46
103	12,24	52	36.07
103	12,24	75	52.48
103	12,24	92	40.70
103	12,24	98	63.66
103	12,24	165	37.35
103	12,24	171	35.79
103	12,24	176	51.83
103	12,24	215	69.76
103	12,24	220	56.51
103	12,24	227	60.97
103	12,24	230	61.38
103	12,24	238	66.10
103	12,24	254	64.30
103	12,24	272	39.93
103	12,24	291	64.41
103	12,24	310	61.39
103	12,24	317	39.01
103	12,24	351	52.51
103	12,24	370	54.97
103	12,24	406	46.42
103	12,24	449	75.89
103	12,35	4	34.66
103	12,35	26	59.51
103	12,35	75	55.77
103	12,35	98	67.08
103	12,35	165	43.70
103	12,35	171	40.11
103	12,35	176	54.76
103	12,35	215	73.77
103	12,35	220	59.83
103	12,35	227	64.55
103	12,35	230	65.00
103	12,35	254	67.92
103	12,35	272	45.14
103	12,35	291	68.39
103	12,35	310	66.01
103	12,35	317	44.73
103	12,35	351	55.39
103	12,35	406	50.10
103	13	3	52.63
103	13	7	52.94
103	13	8	29.51
103	13	35	42.45
103	13	58	25.37
103	13	76	26.70
103	13	116	26.79
103	13	151	48.39
103	13	163	33.08
103	13	180	61.08
103	13	183	52.18
103	13	190	63.52
103	13	191	48.77
103	13	201	25.97
103	13	264	68.63
103	13	280	23.32
103	13	322	45.77
103	13	344	47.38
103	13	354	23.54
103	13	362	41.80
103	13	379	36.23
103	13	400	32.11
103	13,22	35	62.55
103	13,22	183	68.04
103	13,22	190	71.07
103	13,22	344	58.87
103	13,33	76	39.92
103	13,33	151	61.58
103	13,33	183	64.18
103	13,33	191	67.07
103	13,33	362	54.82
103	13,33	379	53.03
103	13,33	400	45.76
103	14	10	24.17
103	14	11	42.79
103	14	12	19.15
103	14	22	18.89
103	14	30	18.51
103	14	40	29.45
103	14	43	18.03
103	14	69	43.46
103	14	83	23.66
103	14	87	21.80
103	14	90	19.45
103	14	91	28.48
103	14	96	62.15
103	14	99	36.18
103	14	109	25.15
103	14	111	52.10
103	14	112	34.48
103	14	114	43.07
103	14	115	22.17
103	14	129	44.72
103	14	132	25.21
103	14	133	38.00
103	14	145	23.72
103	14	147	37.13
103	14	148	21.93
103	14	157	51.11
103	14	172	25.15
103	14	173	17.68
103	14	186	36.65
103	14	194	24.58
103	14	196	31.52
103	14	202	52.14
103	14	205	47.85
103	14	222	21.24
103	14	233	52.73
103	14	239	35.03
103	14	245	19.42
103	14	246	46.06
103	14	252	33.99
103	14	259	26.68
103	14	262	21.13
103	14	267	23.01
103	14	268	17.46
103	14	271	43.07
103	14	274	21.04
103	14	284	22.65
103	14	297	59.52
103	14	298	27.72
103	14	299	41.46
103	14	305	17.82
103	14	313	58.45
103	14	315	42.75
103	14	319	19.46
103	14	326	20.73
103	14	333	51.34
103	14	341	29.23
103	14	346	42.37
103	14	365	56.30
103	14	366	17.69
103	14	367	26.03
103	14	368	31.13
103	14	372	20.86
103	14	383	31.80
103	14	384	43.14
103	14	398	38.62
103	14	437	49.38
103	14	441	53.17
103	14	451	21.54
103	14	459	50.85
103	14,25	10	40.27
103	14,25	11	55.03
103	14,25	12	32.55
103	14,25	22	32.82
103	14,25	30	32.39
103	14,25	40	43.62
103	14,25	69	59.03
103	14,25	83	32.25
103	14,25	87	32.66
103	14,25	91	38.70
103	14,25	109	45.31
103	14,25	114	55.06
103	14,25	132	38.49
103	14,25	133	49.70
103	14,25	145	38.80
103	14,25	148	37.04
103	14,25	157	64.49
103	14,25	172	40.94
103	14,25	173	27.46
103	14,25	186	43.96
103	14,25	194	41.80
103	14,25	196	52.75
103	14,25	202	64.85
103	14,25	205	64.61
103	14,25	222	37.54
103	14,25	245	29.44
103	14,25	252	45.85
103	14,25	259	42.86
103	14,25	262	28.42
103	14,25	267	36.23
103	14,25	268	29.00
103	14,25	271	56.69
103	14,25	284	34.52
103	14,25	305	34.82
103	14,25	315	57.14
103	14,25	319	29.76
103	14,25	326	35.24
103	14,25	346	57.00
103	14,25	366	27.23
103	14,25	372	36.10
103	14,25	383	43.45
103	14,25	384	53.35
103	14,25	398	55.25
103	14,25	437	58.45
103	15	6	39.14
103	15	37	45.77
103	15	88	43.07
103	15	107	36.82
103	15	119	33.38
103	15	144	52.82
103	15	169	46.27
103	15	178	44.54
103	15	218	20.39
103	15	243	54.45
103	15	281	32.76
103	15	287	21.07
103	15	303	24.31
103	15	324	47.46
103	15	411	42.54
103	15	440	54.15
103	15	450	53.73
103	15,21	6	61.06
103	15,21	88	76.04
103	16	20	50.63
103	16	21	19.73
103	16	23	37.70
103	16	27	39.24
103	16	29	24.07
103	16	46	19.55
103	16	48	60.55
103	16	49	20.31
103	16	55	47.70
103	16	59	17.63
103	16	60	22.86
103	16	61	42.45
103	16	73	22.93
103	16	81	19.44
103	16	85	15.63
103	16	89	16.25
103	16	121	18.79
103	16	141	21.73
103	16	143	22.04
103	16	153	52.23
103	16	159	31.69
103	16	179	43.25
103	16	193	44.18
103	16	209	47.87
103	16	255	48.06
103	16	260	36.97
103	16	279	21.13
103	16	283	49.15
103	16	285	20.28
103	16	289	19.82
103	16	294	56.32
103	16	330	40.61
103	16	338	39.03
103	16	355	39.97
103	16	377	27.76
103	16	395	28.77
103	16	419	26.94
103	16	425	22.15
103	16	427	23.45
103	16	431	32.00
103	16	443	15.75
103	17	14	42.46
103	17	20	47.46
103	17	23	37.52
103	17	27	40.65
103	17	29	27.73
103	17	39	46.76
103	17	48	57.70
103	17	63	26.45
103	17	67	47.56
103	17	68	20.03
103	17	89	18.68
103	17	94	42.14
103	17	106	36.28
103	17	141	20.34
103	17	153	52.52
103	17	159	36.82
103	17	161	43.52
103	17	167	41.61
103	17	209	46.66
103	17	214	48.93
103	17	217	26.61
103	17	226	44.11
103	17	236	32.46
103	17	237	20.21
103	17	251	42.23
103	17	279	35.54
103	17	285	16.58
103	17	288	43.25
103	17	289	22.49
103	17	294	52.38
103	17	312	20.82
103	17	318	39.54
103	17	327	42.73
103	17	330	34.32
103	17	336	18.62
103	17	338	38.68
103	17	339	21.11
103	17	355	36.52
103	17	356	16.18
103	17	377	28.00
103	17	397	38.77
103	17	413	20.79
103	17	415	38.61
103	17	419	29.46
103	17	421	35.76
103	17	427	24.37
103	17	443	20.66
103	18	15	18.13
103	18	31	30.94
103	18	42	16.24
103	18	62	46.94
103	18	64	41.97
103	18	70	49.34
103	18	80	54.85
103	18	82	52.80
103	18	95	30.93
103	18	100	46.59
103	18	108	41.75
103	18	123	23.97
103	18	124	38.61
103	18	146	22.35
103	18	184	44.56
103	18	203	41.55
103	18	207	49.45
103	18	221	36.94
103	18	228	34.20
103	18	241	40.85
103	18	242	45.18
103	18	265	37.17
103	18	276	40.70
103	18	292	32.13
103	18	300	45.96
103	18	328	42.89
103	18	358	20.42
103	18	369	30.39
103	18	375	24.13
103	18	376	23.99
103	18	391	39.55
103	18	396	49.11
103	18	405	43.37
103	18	412	23.39
103	18	416	39.13
103	18	429	42.68
103	18	432	47.21
103	18	458	21.82
103	18,28	31	44.04
103	18,28	62	62.14
103	18,28	64	58.66
103	18,28	70	64.52
103	18,28	80	70.56
103	18,28	100	62.01
103	18,28	108	56.45
103	18,28	184	57.65
103	18,28	203	56.87
103	18,28	228	49.31
103	18,28	241	55.01
103	18,28	396	63.32
103	19	10	18.85
103	19	11	37.52
103	19	12	13.25
103	19	22	13.00
103	19	30	12.10
103	19	40	23.76
103	19	43	11.39
103	19	69	37.82
103	19	83	17.73
103	19	87	15.79
103	19	90	13.21
103	19	96	57.01
103	19	99	31.45
103	19	109	16.93
103	19	111	46.93
103	19	112	29.37
103	19	114	38.28
103	19	129	38.83
103	19	133	28.30
103	19	145	16.83
103	19	147	32.63
103	19	148	14.87
103	19	157	45.61
103	19	172	15.94
103	19	173	12.86
103	19	186	31.10
103	19	194	18.75
103	19	196	28.59
103	19	202	50.30
103	19	205	42.00
103	19	222	13.65
103	19	233	48.00
103	19	239	31.27
103	19	245	13.70
103	19	246	41.03
103	19	259	22.69
103	19	262	15.59
103	19	267	16.56
103	19	268	12.15
103	19	271	35.96
103	19	274	15.07
103	19	284	15.99
103	19	298	19.45
103	19	299	35.79
103	19	305	10.97
103	19	313	52.46
103	19	315	37.30
103	19	319	14.01
103	19	326	13.83
103	19	341	23.83
103	19	346	36.32
103	19	366	12.82
103	19	367	17.01
103	19	368	22.17
103	19	372	13.86
103	19	383	26.80
103	19	398	32.35
103	19	437	43.83
103	19	441	47.30
103	19	451	15.59
103	19	459	45.56
103	19,25	10	38.49
103	19,25	11	52.49
103	19,25	12	29.58
103	19,25	22	29.83
103	19,25	30	29.00
103	19,25	40	44.75
103	19,25	69	58.07
103	19,25	83	28.94
103	19,25	87	29.35
103	19,25	109	42.24
103	19,25	114	57.61
103	19,25	133	48.51
103	19,25	145	40.23
103	19,25	148	33.35
103	19,25	157	66.39
103	19,25	172	35.68
103	19,25	173	24.94
103	19,25	186	40.90
103	19,25	194	39.77
103	19,25	196	51.68
103	19,25	202	62.73
103	19,25	205	62.44
103	19,25	222	33.63
103	19,25	245	26.32
103	19,25	259	43.73
103	19,25	262	25.35
103	19,25	267	32.77
103	19,25	268	26.24
103	19,25	271	53.48
103	19,25	284	30.85
103	19,25	305	34.30
103	19,25	315	58.25
103	19,25	319	26.80
103	19,25	326	31.66
103	19,25	346	58.14
103	19,25	366	24.65
103	19,25	372	32.44
103	19,25	383	46.13
103	19,25	398	54.08
103	19,25	437	55.69
103	20	15	19.01
103	20	31	31.69
103	20	42	16.59
103	20	62	46.15
103	20	70	48.07
103	20	79	48.13
103	20	80	54.51
103	20	82	52.65
103	20	88	46.01
103	20	95	38.28
103	20	100	47.01
103	20	108	29.07
103	20	123	23.04
103	20	124	38.32
103	20	146	21.97
103	20	203	41.97
103	20	207	47.42
103	20	221	36.72
103	20	228	34.28
103	20	241	41.37
103	20	242	43.37
103	20	256	28.90
103	20	265	36.41
103	20	276	39.42
103	20	292	33.21
103	20	300	46.44
103	20	314	26.39
103	20	328	42.41
103	20	358	21.44
103	20	369	37.82
103	20	375	33.24
103	20	376	22.75
103	20	396	48.94
103	20	412	21.39
103	20	416	37.18
103	20	429	41.58
103	20	432	45.89
103	20	458	20.34
103	20,21	31	46.03
103	20,21	42	30.52
103	20,21	62	61.90
103	20,21	70	63.06
103	20,21	79	61.99
103	20,21	80	70.75
103	20,21	88	62.55
103	20,21	100	63.03
103	20,21	108	58.89
103	20,21	203	57.89
103	20,21	228	50.01
103	20,21	241	56.55
103	20,21	396	63.97
103	20,28	31	46.44
103	20,28	62	69.01
103	20,28	70	70.76
103	20,28	80	77.97
103	20,28	100	69.94
103	20,28	108	54.76
103	20,28	203	64.73
103	20,28	228	56.90
103	20,28	241	61.59
103	20,28	396	69.87
103	21	6	45.25
103	21	31	35.77
103	21	42	20.56
103	21	62	51.14
103	21	70	51.58
103	21	79	51.01
103	21	80	59.82
103	21	88	52.76
103	21	100	52.20
103	21	108	35.11
103	21	203	47.11
103	21	228	39.41
103	21	241	45.44
103	21	328	48.44
103	21	396	53.49
103	21	432	51.11
103	22	35	37.41
103	22	183	49.77
103	22	190	51.94
103	22	244	48.79
103	22	264	68.99
103	22	269	38.39
103	22	343	59.10
103	22	344	37.49
103	22	345	51.96
103	23	1	41.21
103	23	5	63.42
103	23	19	39.42
103	23	77	28.66
103	23	149	37.24
103	23	192	49.59
103	23	197	57.27
103	23	200	47.25
103	23	204	49.75
103	23	208	26.94
103	23	219	63.44
103	23	249	40.83
103	23	273	50.65
103	23	277	63.63
103	23	302	63.14
103	23	304	31.04
103	23	309	38.38
103	23	316	51.86
103	23	350	51.08
103	23	378	36.83
103	23	424	27.51
103	23	430	52.56
103	23	435	37.13
103	23	438	22.73
103	23	448	28.77
103	23,36	5	81.04
103	23,36	19	54.73
103	23,36	77	53.15
103	23,36	149	60.51
103	23,36	192	65.80
103	23,36	200	62.80
103	23,36	204	66.30
103	23,36	208	43.44
103	23,36	219	80.17
103	23,36	249	57.44
103	23,36	277	79.87
103	23,36	304	55.55
103	23,36	316	68.54
103	23,36	350	68.39
103	23,36	378	52.92
103	23,36	435	52.65
103	23,36	438	38.14
103	24	4	14.04
103	24	9	45.03
103	24	26	38.94
103	24	28	19.41
103	24	34	34.18
103	24	52	19.38
103	24	56	48.34
103	24	74	20.34
103	24	75	36.42
103	24	92	23.65
103	24	98	47.62
103	24	104	41.55
103	24	137	39.23
103	24	139	50.87
103	24	165	15.48
103	24	171	17.86
103	24	176	36.54
103	24	181	46.87
103	24	215	51.51
103	24	220	40.24
103	24	227	44.34
103	24	229	48.85
103	24	230	44.07
103	24	238	48.61
103	24	254	46.82
103	24	272	20.30
103	24	282	32.17
103	24	291	46.89
103	24	310	43.11
103	24	317	18.62
103	24	323	18.01
103	24	332	27.21
103	24	351	36.38
103	24	352	35.24
103	24	364	32.54
103	24	370	38.31
103	24	374	23.24
103	24	394	32.24
103	24	406	29.61
103	24	410	41.62
103	24	449	52.30
103	24	460	43.15
103	25	2	36.03
103	25	10	28.73
103	25	11	42.70
103	25	12	20.04
103	25	22	20.72
103	25	30	19.59
103	25	40	31.31
103	25	45	32.85
103	25	66	19.76
103	25	69	47.03
103	25	83	18.14
103	25	87	19.17
103	25	91	26.11
103	25	102	30.73
103	25	105	44.14
103	25	109	31.04
103	25	114	43.18
103	25	118	44.11
103	25	132	23.93
103	25	133	37.70
103	25	135	26.79
103	25	138	58.24
103	25	145	25.31
103	25	148	22.68
103	25	152	61.63
103	25	156	22.41
103	25	157	52.21
103	25	166	36.66
103	25	170	37.00
103	25	172	24.77
103	25	173	15.80
103	25	175	34.27
103	25	177	45.04
103	25	186	31.55
103	25	187	20.90
103	25	189	21.79
103	25	194	29.11
103	25	196	34.45
103	25	202	53.52
103	25	205	52.69
103	25	206	58.54
103	25	210	23.20
103	25	211	51.04
103	25	212	21.97
103	25	213	20.14
103	25	216	19.14
103	25	222	23.31
103	25	233	53.35
103	25	239	44.46
103	25	240	65.48
103	25	245	17.31
103	25	246	44.25
103	25	248	24.41
103	25	250	29.54
103	25	252	33.99
103	25	257	45.54
103	25	259	29.31
103	25	262	15.86
103	25	267	21.93
103	25	268	17.03
103	25	271	42.68
103	25	278	53.34
103	25	284	20.75
103	25	290	50.27
103	25	297	61.28
103	25	305	21.49
103	25	306	32.97
103	25	313	60.00
103	25	315	44.59
103	25	319	17.39
103	25	320	60.21
103	25	326	21.69
103	25	329	26.70
103	25	331	19.01
103	25	334	19.85
103	25	335	24.77
103	25	346	44.27
103	25	365	55.18
103	25	366	15.45
103	25	372	22.82
103	25	373	35.93
103	25	381	22.14
103	25	383	31.79
103	25	384	42.44
103	25	385	20.07
103	25	388	18.89
103	25	392	23.21
103	25	393	49.86
103	25	398	42.46
103	25	401	34.10
103	25	403	55.32
103	25	437	45.59
103	25	439	21.06
103	25	445	20.70
103	25	447	18.61
103	25	452	21.06
103	25	455	53.48
103	25	459	53.34
103	26	36	25.89
103	26	41	51.28
103	26	44	61.17
103	26	53	53.23
103	26	57	45.51
103	26	65	47.55
103	26	71	38.18
103	26	84	44.03
103	26	122	48.17
103	26	128	64.65
103	26	182	57.75
103	26	198	37.01
103	26	234	39.18
103	26	266	41.56
103	26	347	56.82
103	26	359	45.38
103	26	423	58.76
103	26,38	36	44.08
103	26,38	41	69.51
103	26,38	53	72.87
103	26,38	57	63.73
103	26,38	65	63.76
103	26,38	71	55.39
103	26,38	84	62.83
103	26,38	122	67.34
103	26,38	128	84.73
103	26,38	198	56.82
103	26,38	234	57.35
103	26,38	266	58.45
103	26,38	347	70.06
103	26,38	359	62.83
103	27	14	39.17
103	27	16	24.65
103	27	17	48.85
103	27	20	46.51
103	27	24	40.87
103	27	27	41.92
103	27	29	41.14
103	27	39	48.54
103	27	51	25.10
103	27	54	35.03
103	27	63	27.08
103	27	67	46.13
103	27	68	20.11
103	27	72	39.18
103	27	78	37.99
103	27	94	41.21
103	27	106	37.42
103	27	140	41.07
103	27	141	24.79
103	27	161	44.83
103	27	167	42.25
103	27	174	21.97
103	27	214	47.14
103	27	217	26.61
103	27	223	22.87
103	27	226	43.24
103	27	236	31.58
103	27	237	17.51
103	27	251	41.61
103	27	275	26.51
103	27	285	18.24
103	27	288	44.06
103	27	293	40.66
103	27	294	52.27
103	27	301	25.49
103	27	307	38.85
103	27	312	21.49
103	27	318	38.83
103	27	327	43.82
103	27	330	38.42
103	27	336	16.80
103	27	338	39.35
103	27	339	22.07
103	27	348	40.68
103	27	355	36.45
103	27	356	18.99
103	27	397	37.85
103	27	413	20.45
103	27	415	37.73
103	27	420	20.51
103	27	421	35.69
103	27	428	20.51
103	27	433	22.51
103	27	443	22.90
103	27	446	20.15
103	27	456	22.34
103	27	457	33.25
103	27,31	14	52.34
103	27,31	16	41.99
103	27,31	51	40.82
103	27,31	54	47.73
103	27,31	63	40.72
103	27,31	68	35.55
103	27,31	72	53.23
103	27,31	94	54.96
103	27,31	140	55.30
103	27,31	161	59.30
103	27,31	167	56.46
103	27,31	174	37.07
103	27,31	217	41.39
103	27,31	223	38.06
103	27,31	236	45.31
103	27,31	251	55.59
103	27,31	275	44.39
103	27,31	285	33.15
103	27,31	293	56.44
103	27,31	301	42.31
103	27,31	312	37.62
103	27,31	327	58.13
103	27,31	338	53.17
103	27,31	339	37.01
103	27,31	348	54.96
103	27,31	397	51.68
103	27,31	413	36.01
103	27,31	420	34.90
103	27,31	421	50.58
103	27,31	433	37.34
103	27,31	446	33.93
103	27,31	456	37.17
103	28	31	28.35
103	28	62	47.54
103	28	64	41.44
103	28	70	48.65
103	28	80	54.00
103	28	100	45.59
103	28	108	37.20
103	28	168	33.37
103	28	184	42.77
103	28	203	40.24
103	28	228	32.89
103	28	241	39.34
103	28	328	41.83
103	28	396	47.56
103	28	432	48.04
103	29	6	37.13
103	29	31	34.59
103	29	37	47.04
103	29	42	18.24
103	29	62	48.54
103	29	80	54.87
103	29	88	44.68
103	29	107	33.90
103	29	169	46.92
103	29	203	46.17
103	29	218	19.31
103	29	241	44.25
103	29	281	35.41
103	29	287	20.07
103	29	303	20.97
103	29	396	51.62
103	29	432	47.25
103	29	450	54.51
103	29,34	42	31.31
103	29,34	203	59.39
103	29,34	241	58.59
103	29,34	396	60.94
103	30	6	40.23
103	30	13	21.90
103	30	18	48.00
103	30	62	49.73
103	30	82	57.59
103	30	88	43.30
103	30	103	38.38
103	30	107	36.01
103	30	117	58.85
103	30	125	23.70
103	30	144	52.72
103	30	155	61.00
103	30	164	52.52
103	30	207	41.59
103	30	218	18.31
103	30	243	57.44
103	30	263	53.54
103	30	281	33.51
103	30	287	17.73
103	30	295	38.97
103	30	303	26.15
103	30	321	21.30
103	30	337	23.44
103	30	371	47.17
103	30	402	35.54
103	30	411	43.23
103	30	429	43.61
103	30	432	48.75
103	30	450	54.96
103	30	454	24.17
103	30	458	25.23
103	31	14	41.46
103	31	16	23.27
103	31	24	39.70
103	31	27	38.31
103	31	33	39.51
103	31	48	54.03
103	31	51	19.23
103	31	54	31.34
103	31	63	30.04
103	31	68	17.08
103	31	72	33.54
103	31	94	39.45
103	31	97	28.68
103	31	136	18.52
103	31	140	35.62
103	31	158	20.99
103	31	161	42.86
103	31	167	34.15
103	31	174	15.92
103	31	217	24.68
103	31	223	14.54
103	31	236	35.42
103	31	251	41.07
103	31	253	18.10
103	31	258	20.73
103	31	260	47.39
103	31	261	19.46
103	31	275	26.44
103	31	285	19.76
103	31	293	37.06
103	31	301	20.17
103	31	308	17.66
103	31	312	20.06
103	31	327	39.11
103	31	338	33.56
103	31	339	16.58
103	31	348	39.06
103	31	397	41.75
103	31	399	16.21
103	31	413	18.68
103	31	420	14.65
103	31	421	32.80
103	31	426	39.85
103	31	433	14.65
103	31	434	15.82
103	31	444	18.85
103	31	446	13.49
103	31	456	19.11
103	32	4	21.06
103	32	25	47.35
103	32	75	30.99
103	32	139	56.15
103	32	165	28.04
103	32	227	51.37
103	32	232	42.35
103	32	238	54.01
103	32	254	49.79
103	32	272	22.63
103	32	296	49.63
103	32	310	46.51
103	32	317	29.06
103	32	351	37.65
103	32	386	35.28
103	32	390	29.28
103	32	409	36.25
103	33	3	47.35
103	33	7	44.00
103	33	21	13.83
103	33	23	38.06
103	33	46	16.49
103	33	49	16.17
103	33	55	42.96
103	33	59	16.61
103	33	60	15.23
103	33	61	41.28
103	33	76	16.48
103	33	81	17.85
103	33	85	15.03
103	33	89	19.83
103	33	93	43.00
103	33	101	17.55
103	33	121	16.42
103	33	126	24.42
103	33	131	16.69
103	33	142	19.15
103	33	143	16.73
103	33	151	44.44
103	33	153	48.42
103	33	159	28.83
103	33	179	37.30
103	33	180	48.14
103	33	183	38.44
103	33	188	37.63
103	33	191	34.54
103	33	193	37.03
103	33	224	45.18
103	33	235	23.35
103	33	247	20.86
103	33	255	51.52
103	33	279	30.32
103	33	283	45.65
103	33	286	17.66
103	33	289	19.35
103	33	357	29.15
103	33	362	28.32
103	33	379	33.92
103	33	400	18.85
103	33	404	20.10
103	33	407	16.11
103	33	414	33.13
103	33	422	16.04
103	33	425	19.77
103	33	431	30.18
103	33	442	18.48
103	34	42	20.49
103	34	100	53.79
103	34	134	22.13
103	34	168	34.58
103	34	184	49.08
103	34	203	46.56
103	34	228	35.23
103	34	241	46.49
103	34	328	42.97
103	34	396	48.97
103	35	4	12.10
103	35	9	46.01
103	35	26	38.83
103	35	34	33.58
103	35	56	48.06
103	35	74	21.28
103	35	75	37.04
103	35	98	47.00
103	35	165	17.18
103	35	171	16.63
103	35	176	36.06
103	35	181	45.24
103	35	215	48.44
103	35	220	40.85
103	35	225	17.70
103	35	227	43.86
103	35	229	45.85
103	35	230	42.49
103	35	254	45.73
103	35	272	20.49
103	35	282	31.73
103	35	291	44.59
103	35	296	48.39
103	35	310	42.72
103	35	317	17.21
103	35	332	30.66
103	35	351	37.07
103	35	363	27.76
103	35	364	32.13
103	35	374	25.15
103	35	389	31.73
103	35	390	27.63
103	35	406	27.42
103	35	410	41.04
103	35	460	43.66
103	36	5	64.52
103	36	19	41.23
103	36	77	45.10
103	36	149	46.69
103	36	192	52.23
103	36	197	59.46
103	36	200	49.45
103	36	204	50.97
103	36	208	27.85
103	36	219	65.46
103	36	249	42.21
103	36	277	64.77
103	36	304	30.83
103	36	316	52.82
103	36	350	52.07
103	36	378	37.96
103	36	435	38.73
103	36	438	24.35
103	37	6	43.75
103	37	15	23.34
103	37	18	49.11
103	37	31	34.32
103	37	32	42.07
103	37	37	47.86
103	37	42	17.70
103	37	80	53.90
103	37	95	42.18
103	37	100	51.11
103	37	108	45.42
103	37	123	19.44
103	37	124	38.20
103	37	146	24.45
103	37	168	31.93
103	37	184	45.56
103	37	203	44.20
103	37	221	38.18
103	37	228	35.17
103	37	241	44.49
103	37	242	44.73
103	37	265	37.39
103	37	276	42.73
103	37	292	38.18
103	37	328	43.13
103	37	369	39.46
103	37	375	37.79
103	37	376	23.97
103	37	396	49.30
103	37	405	43.30
103	37	416	40.65
103	37	429	40.17
103	37	458	23.69
103	38	36	27.15
103	38	41	52.44
103	38	44	62.35
103	38	53	54.48
103	38	57	46.54
103	38	65	48.48
103	38	71	39.14
103	38	84	45.25
103	38	122	49.39
103	38	128	66.04
103	38	182	58.58
103	38	198	38.32
103	38	234	40.32
103	38	266	31.18
103	38	347	47.89
103	38	359	45.63
103	38	423	60.04
