Task=14 Orders=33 Vehicles=444 Scores=1916
14	1	6	31.76
14	1	17	11.25
14	1	37	30.08
14	1	41	39.56
14	1	44	22.45
14	1	47	15.10
14	1	50	36.27
14	1	58	35.80
14	1	95	12.11
14	1	125	17.28
14	1	133	17.04
14	1	147	14.00
14	1	159	30.72
14	1	247	15.11
14	1	248	23.04
14	1	258	50.07
14	1	262	38.03
14	1	269	16.30
14	1	274	26.10
14	1	305	14.99
14	1	324	24.13
14	1	342	16.55
14	1	355	23.41
14	1	375	19.10
14	1	383	22.54
14	1	394	13.11
14	1	396	14.55
14	1	412	16.34
14	1	427	16.15
14	1,23	17	26.14
14	1,23	37	43.85
14	1,23	44	35.77
14	1,23	58	48.75
14	1,23	95	26.58
14	1,23	147	35.75
14	1,23	159	48.68
14	1,23	262	51.06
14	1,23	274	40.51
14	1,23	324	39.89
14	1,23	355	38.85
14	1,23	375	35.89
14	1,23	394	30.44
14	1,23	396	25.55
14	2	8	11.00
14	2	9	9.20
14	2	12	9.69
14	2	19	11.63
14	2	20	7.15
14	2	25	29.17
14	2	29	9.34
14	2	74	13.77
14	2	78	36.35
14	2	80	16.37
14	2	83	14.10
14	2	84	30.65
14	2	85	12.27
14	2	91	9.94
14	2	94	29.30
14	2	107	39.11
14	2	115	11.90
14	2	118	19.51
14	2	121	11.15
14	2	127	29.10
14	2	134	12.17
14	2	137	47.96
14	2	140	14.32
14	2	149	31.52
14	2	151	13.35
14	2	154	10.93
14	2	157	8.63
14	2	161	46.89
14	2	165	42.70
14	2	169	15.41
14	2	171	13.75
14	2	172	15.86
14	2	177	10.99
14	2	180	34.46
14	2	185	51.44
14	2	189	48.42
14	2	192	47.80
14	2	198	13.31
14	2	202	9.14
14	2	211	44.18
14	2	222	25.82
14	2	231	15.34
14	2	234	11.28
14	2	235	11.97
14	2	239	31.87
14	2	240	21.42
14	2	244	16.11
14	2	250	11.86
14	2	251	28.73
14	2	252	10.99
14	2	254	11.23
14	2	257	37.45
14	2	259	10.79
14	2	266	24.30
14	2	277	11.79
14	2	280	34.30
14	2	282	41.59
14	2	285	27.77
14	2	291	12.45
14	2	296	16.31
14	2	298	32.21
14	2	301	28.55
14	2	303	14.34
14	2	307	42.14
14	2	323	31.96
14	2	335	10.03
14	2	339	11.37
14	2	341	9.68
14	2	343	16.51
14	2	345	39.10
14	2	359	37.56
14	2	361	16.70
14	2	362	11.20
14	2	368	9.27
14	2	372	17.72
14	2	373	23.06
14	2	374	13.21
14	2	386	12.27
14	2	415	11.41
14	2	433	11.17
14	2,4	8	29.76
14	2,4	9	28.56
14	2,4	74	35.23
14	2,4	83	31.51
14	2,4	84	53.94
14	2,4	85	30.34
14	2,4	94	47.80
14	2,4	107	58.35
14	2,4	121	29.63
14	2,4	140	32.99
14	2,4	149	48.11
14	2,4	151	31.83
14	2,4	161	66.04
14	2,4	171	34.90
14	2,4	172	34.59
14	2,4	185	71.07
14	2,4	192	66.44
14	2,4	211	62.61
14	2,4	235	30.11
14	2,4	239	48.77
14	2,4	252	32.90
14	2,4	254	30.79
14	2,4	266	47.69
14	2,4	277	30.80
14	2,4	282	52.27
14	2,4	285	46.77
14	2,4	307	60.61
14	2,4	335	28.13
14	2,4	359	56.25
14	2,4	386	30.99
14	2,4	415	30.13
14	2,8	8	22.38
14	2,8	9	20.82
14	2,8	12	20.89
14	2,8	19	23.44
14	2,8	20	18.82
14	2,8	25	40.44
14	2,8	29	20.63
14	2,8	74	26.80
14	2,8	80	27.79
14	2,8	83	24.73
14	2,8	84	46.86
14	2,8	85	23.38
14	2,8	91	22.59
14	2,8	94	40.54
14	2,8	107	50.89
14	2,8	115	24.83
14	2,8	118	30.44
14	2,8	121	23.23
14	2,8	127	41.32
14	2,8	134	25.41
14	2,8	140	25.58
14	2,8	149	42.03
14	2,8	151	24.55
14	2,8	154	22.21
14	2,8	157	22.54
14	2,8	161	58.55
14	2,8	169	26.82
14	2,8	171	25.87
14	2,8	172	27.17
14	2,8	177	22.75
14	2,8	185	63.15
14	2,8	192	59.10
14	2,8	198	25.41
14	2,8	202	21.97
14	2,8	211	55.01
14	2,8	222	39.80
14	2,8	231	25.73
14	2,8	234	23.44
14	2,8	235	22.89
14	2,8	239	42.65
14	2,8	240	30.76
14	2,8	244	27.72
14	2,8	250	24.99
14	2,8	251	39.97
14	2,8	252	23.51
14	2,8	254	22.80
14	2,8	257	49.18
14	2,8	259	23.27
14	2,8	266	37.61
14	2,8	277	23.92
14	2,8	282	53.06
14	2,8	285	39.46
14	2,8	291	23.96
14	2,8	296	28.65
14	2,8	298	43.94
14	2,8	301	40.17
14	2,8	303	26.52
14	2,8	307	53.35
14	2,8	335	20.90
14	2,8	339	24.82
14	2,8	341	21.66
14	2,8	343	28.45
14	2,8	359	49.99
14	2,8	361	28.89
14	2,8	362	23.68
14	2,8	368	20.97
14	2,8	372	30.23
14	2,8	373	34.72
14	2,8	374	24.80
14	2,8	386	23.58
14	2,8	415	22.72
14	2,8	433	22.76
14	3	64	38.58
14	3	67	30.46
14	3	75	12.59
14	3	104	33.38
14	3	113	23.07
14	3	146	33.13
14	3	162	38.20
14	3	163	32.00
14	3	174	28.30
14	3	176	49.97
14	3	186	14.32
14	3	195	39.14
14	3	207	16.52
14	3	220	27.80
14	3	229	36.10
14	3	265	24.15
14	3	272	15.08
14	3	293	36.41
14	3	302	14.34
14	3	328	14.56
14	3	333	38.41
14	3	344	26.49
14	3	351	19.04
14	3	356	42.24
14	3	405	11.18
14	3	419	26.18
14	3	423	23.37
14	3	425	12.34
14	3,31	64	55.68
14	3,31	67	46.35
14	3,31	75	30.31
14	3,31	104	50.62
14	3,31	113	40.34
14	3,31	163	48.73
14	3,31	174	46.76
14	3,31	186	32.97
14	3,31	195	55.48
14	3,31	207	36.61
14	3,31	220	46.77
14	3,31	229	62.90
14	3,31	265	42.65
14	3,31	272	34.30
14	3,31	293	53.62
14	3,31	302	30.90
14	3,31	328	31.38
14	3,31	344	41.11
14	3,31	351	40.69
14	3,31	356	57.79
14	3,31	405	29.08
14	3,31	419	48.92
14	3,31	423	44.80
14	3,31	425	30.24
14	4	8	21.21
14	4	9	20.80
14	4	46	44.13
14	4	74	24.24
14	4	78	43.90
14	4	83	24.82
14	4	84	41.04
14	4	85	21.54
14	4	94	39.83
14	4	107	48.28
14	4	121	21.62
14	4	137	59.35
14	4	140	25.58
14	4	149	40.38
14	4	151	22.55
14	4	161	57.07
14	4	165	44.79
14	4	171	25.52
14	4	172	25.70
14	4	175	40.34
14	4	180	45.69
14	4	185	61.24
14	4	189	56.87
14	4	192	58.44
14	4	211	53.51
14	4	235	21.72
14	4	239	39.69
14	4	252	25.27
14	4	254	22.73
14	4	266	40.35
14	4	277	22.97
14	4	282	36.48
14	4	285	38.82
14	4	307	52.75
14	4	323	42.28
14	4	335	21.10
14	4	359	45.30
14	4	386	23.28
14	4	415	21.89
14	4,12	9	31.79
14	4,12	74	36.68
14	4,12	83	34.89
14	4,12	84	51.21
14	4,12	94	50.27
14	4,12	121	33.10
14	4,12	149	50.24
14	4,12	151	32.30
14	4,12	161	67.27
14	4,12	171	37.23
14	4,12	192	68.92
14	4,12	211	63.83
14	4,12	252	37.28
14	4,12	266	51.70
14	4,12	277	34.55
14	4,12	282	58.89
14	4,12	285	49.31
14	4,12	307	63.37
14	4,12	335	31.31
14	4,12	359	57.10
14	4,29	9	35.34
14	4,29	74	34.17
14	4,29	83	38.10
14	4,29	84	54.30
14	4,29	85	33.45
14	4,29	94	51.51
14	4,29	107	58.90
14	4,29	121	34.61
14	4,29	149	51.92
14	4,29	151	31.20
14	4,29	161	69.85
14	4,29	171	40.32
14	4,29	175	48.87
14	4,29	185	71.17
14	4,29	192	69.35
14	4,29	211	64.35
14	4,29	239	48.04
14	4,29	277	33.93
14	4,29	282	60.89
14	4,29	285	53.48
14	4,29	359	57.30
14	4,30	8	34.93
14	4,30	9	34.89
14	4,30	74	36.77
14	4,30	83	37.73
14	4,30	84	53.99
14	4,30	85	34.86
14	4,30	94	51.52
14	4,30	107	61.24
14	4,30	121	36.28
14	4,30	149	52.94
14	4,30	151	32.38
14	4,30	161	71.00
14	4,30	171	40.65
14	4,30	185	74.13
14	4,30	192	70.20
14	4,30	211	64.93
14	4,30	239	49.46
14	4,30	252	40.18
14	4,30	266	52.49
14	4,30	277	34.75
14	4,30	282	63.04
14	4,30	285	51.97
14	4,30	307	66.34
14	4,30	359	58.75
14	5	3	39.06
14	5	11	31.30
14	5	14	17.52
14	5	30	12.34
14	5	31	11.45
14	5	32	10.76
14	5	36	21.10
14	5	39	11.10
14	5	51	32.92
14	5	57	43.61
14	5	63	41.11
14	5	71	33.72
14	5	99	31.97
14	5	109	34.68
14	5	116	37.08
14	5	129	12.82
14	5	145	37.39
14	5	148	13.72
14	5	182	37.63
14	5	200	13.73
14	5	209	15.07
14	5	213	11.30
14	5	225	36.89
14	5	230	11.56
14	5	246	12.14
14	5	255	15.24
14	5	270	11.80
14	5	295	12.46
14	5	300	29.92
14	5	310	13.06
14	5	311	11.58
14	5	313	10.37
14	5	315	15.59
14	5	318	42.49
14	5	320	30.48
14	5	326	15.73
14	5	330	15.20
14	5	348	15.08
14	5	353	18.86
14	5	377	12.85
14	5	381	16.15
14	5	384	15.59
14	5	411	35.61
14	5	417	29.66
14	5	418	13.75
14	5	424	11.42
14	5	426	39.37
14	5	432	14.45
14	5	438	11.89
14	5,32	11	48.87
14	5,32	30	31.80
14	5,32	32	30.13
14	5,32	116	57.04
14	5,32	129	29.18
14	5,32	182	57.31
14	5,32	200	30.14
14	5,32	213	30.80
14	5,32	225	55.65
14	5,32	230	31.03
14	5,32	255	36.18
14	5,32	310	30.56
14	5,32	311	30.87
14	5,32	313	28.23
14	5,32	320	48.25
14	6	2	20.28
14	6	15	19.85
14	6	23	50.14
14	6	40	18.69
14	6	61	20.07
14	6	66	39.13
14	6	81	34.21
14	6	87	30.68
14	6	100	43.72
14	6	143	20.25
14	6	144	43.37
14	6	150	24.70
14	6	156	30.77
14	6	160	23.97
14	6	164	47.75
14	6	181	39.34
14	6	193	13.58
14	6	197	25.07
14	6	208	20.42
14	6	214	38.13
14	6	215	45.32
14	6	228	40.72
14	6	233	18.99
14	6	253	23.56
14	6	256	31.17
14	6	260	54.90
14	6	279	22.87
14	6	290	16.59
14	6	304	21.73
14	6	308	46.30
14	6	316	22.86
14	6	317	18.93
14	6	334	36.52
14	6	336	18.32
14	6	340	37.90
14	6	363	25.99
14	6	369	17.86
14	6	379	52.59
14	6	389	33.96
14	6	404	28.66
14	6	421	49.17
14	6	422	31.70
14	6	428	17.14
14	6	430	19.79
14	6	436	36.45
14	6	443	14.38
14	6,10	81	53.49
14	6,10	100	62.18
14	6,10	193	32.14
14	6,10	215	71.06
14	6,10	256	52.38
14	6,10	290	40.65
14	6,10	389	58.99
14	6,10	428	35.82
14	6,25	61	32.21
14	6,25	81	44.92
14	6,25	87	39.89
14	6,25	100	54.03
14	6,25	143	29.51
14	6,25	160	39.08
14	6,25	193	24.56
14	6,25	214	48.10
14	6,25	215	62.42
14	6,25	256	49.56
14	6,25	290	29.59
14	6,25	316	31.61
14	6,25	363	41.49
14	6,25	389	48.93
14	6,25	404	34.80
14	6,25	428	27.85
14	6,25	443	25.55
14	7	72	45.89
14	7	74	25.72
14	7	123	25.03
14	7	126	45.34
14	7	130	21.28
14	7	135	24.73
14	7	151	19.87
14	7	180	49.92
14	7	189	56.55
14	7	192	57.87
14	7	211	51.06
14	7	260	50.77
14	7	268	43.80
14	7	277	26.45
14	7	286	52.54
14	7	321	19.14
14	7	354	46.37
14	7	401	59.25
14	7,14	126	55.79
14	7,14	130	33.99
14	7,14	135	36.52
14	7,14	286	64.32
14	7,14	321	30.44
14	7,14	354	57.15
14	8	8	14.04
14	8	9	12.72
14	8	12	13.06
14	8	19	14.90
14	8	20	11.13
14	8	25	31.76
14	8	29	12.75
14	8	74	16.85
14	8	78	39.32
14	8	80	19.56
14	8	83	17.35
14	8	84	33.97
14	8	85	14.92
14	8	91	14.10
14	8	94	31.87
14	8	107	41.76
14	8	115	15.86
14	8	118	22.21
14	8	121	14.49
14	8	127	33.04
14	8	134	16.03
14	8	137	50.66
14	8	140	17.38
14	8	149	33.70
14	8	151	15.94
14	8	154	13.96
14	8	157	13.99
14	8	161	49.55
14	8	165	44.49
14	8	169	18.45
14	8	171	17.58
14	8	172	18.51
14	8	177	14.06
14	8	180	37.66
14	8	185	54.24
14	8	189	50.86
14	8	192	50.41
14	8	198	16.55
14	8	202	13.41
14	8	211	46.87
14	8	222	29.14
14	8	231	18.51
14	8	234	14.63
14	8	235	14.69
14	8	239	34.15
14	8	240	20.03
14	8	244	18.93
14	8	250	15.41
14	8	251	31.31
14	8	252	14.76
14	8	254	14.41
14	8	257	40.27
14	8	259	14.54
14	8	266	29.42
14	8	277	15.18
14	8	280	37.28
14	8	282	43.34
14	8	285	30.87
14	8	291	15.31
14	8	296	20.35
14	8	298	35.65
14	8	301	32.07
14	8	303	17.89
14	8	307	44.72
14	8	323	32.59
14	8	335	13.11
14	8	339	15.62
14	8	341	13.55
14	8	343	19.77
14	8	345	41.72
14	8	359	39.80
14	8	361	20.10
14	8	362	14.92
14	8	368	12.83
14	8	372	21.92
14	8	373	26.76
14	8	374	16.03
14	8	386	15.06
14	8	415	14.35
14	8	433	14.35
14	8,12	9	27.24
14	8,12	12	27.17
14	8,12	20	26.13
14	8,12	25	45.72
14	8,12	29	26.89
14	8,12	74	33.08
14	8,12	80	34.11
14	8,12	83	30.45
14	8,12	84	47.04
14	8,12	91	30.69
14	8,12	94	45.80
14	8,12	115	32.96
14	8,12	118	35.99
14	8,12	121	29.65
14	8,12	134	33.25
14	8,12	149	46.35
14	8,12	151	29.85
14	8,12	154	27.97
14	8,12	157	33.13
14	8,12	161	64.00
14	8,12	169	32.96
14	8,12	171	33.20
14	8,12	192	64.42
14	8,12	198	32.21
14	8,12	202	30.06
14	8,12	211	60.55
14	8,12	222	43.85
14	8,12	231	31.59
14	8,12	234	29.90
14	8,12	240	35.70
14	8,12	250	31.90
14	8,12	251	45.24
14	8,12	252	30.96
14	8,12	259	30.61
14	8,12	266	52.03
14	8,12	277	30.73
14	8,12	282	57.61
14	8,12	285	45.27
14	8,12	296	36.18
14	8,12	298	50.37
14	8,12	303	34.01
14	8,12	307	58.61
14	8,12	335	26.65
14	8,12	339	33.44
14	8,12	341	29.11
14	8,12	343	35.31
14	8,12	359	54.46
14	8,12	368	27.49
14	9	2	17.83
14	9	15	17.66
14	9	18	20.73
14	9	23	46.45
14	9	40	15.97
14	9	61	17.15
14	9	81	31.76
14	9	87	32.37
14	9	100	40.62
14	9	124	30.82
14	9	143	17.07
14	9	144	40.75
14	9	150	20.27
14	9	156	28.25
14	9	160	19.69
14	9	164	43.44
14	9	181	38.20
14	9	193	12.37
14	9	196	54.34
14	9	197	22.25
14	9	208	17.38
14	9	214	35.99
14	9	215	47.06
14	9	221	37.99
14	9	228	36.54
14	9	233	16.23
14	9	253	19.30
14	9	256	29.75
14	9	260	51.90
14	9	290	13.92
14	9	304	18.38
14	9	316	19.77
14	9	317	16.28
14	9	319	36.32
14	9	322	38.75
14	9	336	15.42
14	9	340	37.00
14	9	363	20.99
14	9	366	35.69
14	9	369	15.32
14	9	379	49.89
14	9	389	28.14
14	9	404	27.07
14	9	421	45.99
14	9	428	14.90
14	9	436	33.73
14	9	441	19.17
14	9	443	12.61
14	9,17	2	28.68
14	9,17	40	26.94
14	9,17	61	29.27
14	9,17	81	42.63
14	9,17	87	43.30
14	9,17	100	51.17
14	9,17	124	41.79
14	9,17	143	29.31
14	9,17	150	33.00
14	9,17	156	39.87
14	9,17	160	34.24
14	9,17	181	48.38
14	9,17	193	23.68
14	9,17	196	64.83
14	9,17	197	33.52
14	9,17	214	46.25
14	9,17	215	64.63
14	9,17	228	48.20
14	9,17	233	27.59
14	9,17	253	31.01
14	9,17	256	49.01
14	9,17	290	26.62
14	9,17	304	30.06
14	9,17	316	33.30
14	9,17	317	28.68
14	9,17	319	47.30
14	9,17	322	50.46
14	9,17	336	27.66
14	9,17	363	32.37
14	9,17	366	46.94
14	9,17	369	26.59
14	9,17	389	36.65
14	9,17	404	38.38
14	9,17	421	56.59
14	9,17	428	25.83
14	9,17	436	45.04
14	9,17	441	31.39
14	9,17	443	23.87
14	10	72	51.04
14	10	81	41.77
14	10	100	51.28
14	10	123	26.99
14	10	126	50.89
14	10	144	47.48
14	10	164	54.37
14	10	193	23.62
14	10	215	53.56
14	10	256	41.34
14	10	260	52.52
14	10	268	52.55
14	10	286	55.55
14	10	290	32.04
14	10	321	23.93
14	10	354	48.73
14	10	389	35.13
14	10	400	57.77
14	10	401	59.42
14	10	428	24.93
14	10,17	81	53.69
14	10,17	100	63.76
14	10,17	193	35.68
14	10,17	215	71.23
14	10,17	256	53.44
14	10,17	290	45.90
14	10,17	389	61.58
14	10,17	428	36.93
14	10,25	81	55.18
14	10,25	100	64.15
14	10,25	123	39.55
14	10,25	126	63.17
14	10,25	193	35.51
14	10,25	215	73.49
14	10,25	256	55.01
14	10,25	268	64.70
14	10,25	286	70.54
14	10,25	290	44.10
14	10,25	321	35.89
14	10,25	354	61.54
14	10,25	389	64.55
14	10,25	400	71.46
14	10,25	428	36.61
14	11	16	24.49
14	11	43	38.08
14	11	52	14.10
14	11	65	35.77
14	11	68	19.51
14	11	73	38.97
14	11	90	15.86
14	11	110	42.28
14	11	114	27.96
14	11	131	18.45
14	11	159	41.46
14	11	167	47.32
14	11	187	20.39
14	11	216	14.37
14	11	226	17.56
14	11	249	54.15
14	11	264	19.83
14	11	267	29.07
14	11	278	28.92
14	11	297	64.07
14	11	306	14.96
14	11	312	12.03
14	11	376	18.69
14	11	385	39.13
14	11	395	17.65
14	11	442	18.15
14	11,33	16	31.97
14	11,33	43	44.10
14	11,33	52	21.30
14	11,33	65	44.46
14	11,33	68	27.27
14	11,33	73	47.41
14	11,33	90	23.18
14	11,33	114	36.66
14	11,33	131	27.00
14	11,33	159	50.30
14	11,33	187	29.90
14	11,33	216	22.94
14	11,33	226	25.11
14	11,33	264	31.25
14	11,33	267	36.68
14	11,33	278	37.62
14	11,33	306	22.51
14	11,33	312	18.70
14	11,33	376	26.49
14	11,33	395	25.32
14	11,33	442	25.83
14	12	9	19.48
14	12	12	19.48
14	12	20	18.48
14	12	25	38.17
14	12	29	18.90
14	12	74	20.54
14	12	80	27.03
14	12	83	22.63
14	12	84	39.69
14	12	91	19.37
14	12	94	34.59
14	12	96	18.52
14	12	115	24.80
14	12	118	23.07
14	12	121	20.75
14	12	123	22.13
14	12	134	19.73
14	12	137	53.80
14	12	149	39.15
14	12	151	16.76
14	12	154	18.18
14	12	157	24.06
14	12	161	51.01
14	12	165	43.82
14	12	169	20.85
14	12	171	24.45
14	12	180	40.72
14	12	188	23.72
14	12	189	55.32
14	12	192	53.13
14	12	198	21.93
14	12	202	21.44
14	12	211	51.10
14	12	222	29.65
14	12	231	25.01
14	12	234	17.49
14	12	240	26.08
14	12	250	22.82
14	12	251	31.73
14	12	252	19.73
14	12	259	21.69
14	12	266	34.27
14	12	268	47.07
14	12	277	19.06
14	12	280	44.21
14	12	282	38.62
14	12	285	33.14
14	12	292	28.17
14	12	296	27.70
14	12	298	42.56
14	12	303	22.54
14	12	307	51.11
14	12	323	34.49
14	12	335	19.11
14	12	339	19.54
14	12	341	21.28
14	12	343	24.27
14	12	345	48.39
14	12	359	43.99
14	12	368	16.69
14	12	392	24.63
14	12	435	19.17
14	12	440	20.94
14	12,30	9	34.61
14	12,30	74	35.73
14	12,30	83	36.93
14	12,30	84	53.20
14	12,30	94	50.58
14	12,30	121	35.76
14	12,30	123	39.18
14	12,30	149	52.15
14	12,30	151	31.42
14	12,30	161	70.61
14	12,30	171	40.59
14	12,30	192	69.24
14	12,30	211	63.96
14	12,30	252	39.10
14	12,30	266	54.10
14	12,30	268	59.00
14	12,30	277	33.68
14	12,30	282	58.62
14	12,30	285	51.00
14	12,30	307	65.54
14	12,30	359	57.86
14	13	5	11.28
14	13	10	31.01
14	13	21	51.72
14	13	22	42.52
14	13	26	41.34
14	13	35	12.35
14	13	45	14.00
14	13	53	15.34
14	13	55	18.55
14	13	59	30.96
14	13	68	17.14
14	13	82	39.18
14	13	90	14.55
14	13	106	16.55
14	13	108	46.82
14	13	112	14.73
14	13	117	49.10
14	13	128	14.24
14	13	152	19.54
14	13	167	42.44
14	13	184	46.58
14	13	190	11.30
14	13	199	14.10
14	13	201	25.42
14	13	212	13.13
14	13	217	47.92
14	13	226	15.08
14	13	227	13.00
14	13	238	18.68
14	13	249	49.62
14	13	276	17.11
14	13	283	36.82
14	13	289	16.34
14	13	297	58.03
14	13	306	15.89
14	13	327	23.66
14	13	329	16.38
14	13	338	14.23
14	13	347	17.06
14	13	360	49.30
14	13	365	43.56
14	13	378	26.66
14	13	393	15.56
14	13	398	16.72
14	13	399	17.45
14	13	403	13.30
14	13	409	11.73
14	13	431	51.93
14	13	442	15.90
14	13,26	5	26.54
14	13,26	26	58.90
14	13,26	53	26.27
14	13,26	68	31.17
14	13,26	82	58.92
14	13,26	184	66.65
14	13,26	199	29.62
14	13,26	212	27.45
14	13,26	217	58.70
14	13,26	226	29.34
14	13,26	327	42.87
14	13,26	431	63.34
14	13,28	5	35.77
14	13,28	10	57.48
14	13,28	35	38.03
14	13,28	53	39.27
14	13,28	68	42.34
14	13,28	90	39.34
14	13,28	184	71.46
14	13,28	201	52.87
14	13,28	226	37.89
14	13,28	238	55.25
14	13,28	283	50.66
14	13,28	306	40.62
14	13,28	393	44.42
14	13,28	398	45.55
14	13,28	409	37.58
14	13,28	431	76.90
14	13,28	442	33.44
14	14	27	22.20
14	14	38	27.87
14	14	60	15.90
14	14	67	31.58
14	14	72	38.80
14	14	76	14.01
14	14	77	29.20
14	14	89	58.11
14	14	92	41.83
14	14	98	63.99
14	14	101	29.80
14	14	113	23.55
14	14	126	42.90
14	14	130	18.39
14	14	135	19.11
14	14	155	30.20
14	14	170	21.58
14	14	194	41.18
14	14	203	42.14
14	14	210	44.01
14	14	223	41.97
14	14	260	52.41
14	14	286	48.62
14	14	293	35.93
14	14	319	39.97
14	14	321	15.82
14	14	322	36.45
14	14	337	30.79
14	14	346	33.32
14	14	349	15.18
14	14	352	32.41
14	14	354	45.32
14	14	391	50.27
14	14	397	17.01
14	14	400	51.14
14	14	401	52.96
14	14	414	24.13
14	14	429	17.83
14	14	444	13.00
14	15	4	13.65
14	15	7	32.86
14	15	24	15.10
14	15	47	14.73
14	15	49	16.63
14	15	54	18.41
14	15	62	40.08
14	15	64	37.14
14	15	69	38.30
14	15	97	17.04
14	15	103	34.51
14	15	120	37.31
14	15	136	15.80
14	15	163	22.35
14	15	174	30.07
14	15	218	16.17
14	15	229	47.10
14	15	236	28.56
14	15	237	54.34
14	15	241	30.39
14	15	242	34.51
14	15	243	13.28
14	15	248	28.01
14	15	265	26.06
14	15	269	16.61
14	15	273	15.32
14	15	284	16.14
14	15	302	11.72
14	15	328	12.68
14	15	332	45.13
14	15	333	40.24
14	15	342	16.99
14	15	351	16.17
14	15	370	13.31
14	15	380	15.52
14	15	382	38.44
14	15	383	23.10
14	15	387	23.03
14	15	402	16.35
14	15	406	14.82
14	15	412	15.34
14	15	416	15.20
14	15	434	42.39
14	15	437	20.97
14	15,21	24	29.68
14	15,21	47	26.86
14	15,21	103	61.96
14	15,21	236	59.21
14	15,21	248	38.27
14	15,21	383	38.90
14	15,24	4	31.92
14	15,24	7	56.94
14	15,24	24	33.99
14	15,24	47	34.24
14	15,24	54	39.35
14	15,24	62	59.63
14	15,24	64	58.85
14	15,24	97	36.10
14	15,24	103	54.70
14	15,24	120	51.28
14	15,24	163	43.48
14	15,24	174	54.30
14	15,24	218	34.97
14	15,24	229	71.28
14	15,24	236	51.06
14	15,24	241	50.18
14	15,24	242	59.99
14	15,24	243	32.51
14	15,24	248	49.66
14	15,24	302	30.20
14	15,24	383	44.07
14	15,24	402	37.30
14	16	33	11.42
14	16	34	36.38
14	16	67	30.45
14	16	75	9.82
14	16	79	39.75
14	16	98	56.76
14	16	104	29.66
14	16	113	20.83
14	16	132	20.65
14	16	135	15.17
14	16	142	19.96
14	16	146	33.79
14	16	162	35.97
14	16	176	46.46
14	16	179	14.41
14	16	186	12.85
14	16	195	32.08
14	16	204	12.61
14	16	220	23.37
14	16	223	37.30
14	16	229	33.23
14	16	272	13.72
14	16	287	28.54
14	16	288	14.58
14	16	293	36.44
14	16	344	19.15
14	16	356	39.48
14	16	371	15.15
14	16	405	9.94
14	16	407	12.90
14	16	419	34.83
14	16	423	30.75
14	16	425	11.15
14	16	429	14.62
14	16,31	67	48.34
14	16,31	75	30.00
14	16,31	104	49.14
14	16,31	113	40.44
14	16,31	186	34.07
14	16,31	195	54.73
14	16,31	220	45.35
14	16,31	229	60.03
14	16,31	272	35.28
14	16,31	293	56.03
14	16,31	344	39.75
14	16,31	356	56.93
14	16,31	405	30.44
14	16,31	419	47.61
14	16,31	423	52.18
14	16,31	425	31.65
14	17	2	18.45
14	17	23	47.34
14	17	40	16.73
14	17	61	15.11
14	17	81	30.06
14	17	87	30.55
14	17	100	41.20
14	17	124	30.63
14	17	143	15.35
14	17	144	39.55
14	17	150	17.66
14	17	156	28.99
14	17	160	17.49
14	17	164	44.51
14	17	181	38.72
14	17	193	12.08
14	17	196	53.10
14	17	197	23.07
14	17	214	36.65
14	17	215	45.49
14	17	228	36.93
14	17	233	16.93
14	17	253	20.32
14	17	256	28.08
14	17	260	50.66
14	17	290	14.63
14	17	304	16.32
14	17	316	18.28
14	17	317	17.01
14	17	319	35.01
14	17	322	37.01
14	17	336	16.25
14	17	340	36.42
14	17	363	18.56
14	17	366	36.76
14	17	369	16.01
14	17	379	50.52
14	17	389	26.79
14	17	401	46.70
14	17	404	26.38
14	17	421	46.56
14	17	428	12.94
14	17	436	31.85
14	17	441	16.93
14	17	443	11.41
14	18	13	42.94
14	18	42	52.48
14	18	48	41.70
14	18	54	19.13
14	18	56	42.07
14	18	103	40.83
14	18	111	32.27
14	18	122	43.69
14	18	138	29.17
14	18	141	45.70
14	18	166	33.82
14	18	178	50.46
14	18	205	39.01
14	18	206	52.82
14	18	219	39.87
14	18	236	39.07
14	18	242	48.37
14	18	309	17.44
14	18	325	30.45
14	18	350	53.59
14	18	364	21.35
14	18	387	26.00
14	18	408	50.45
14	18	410	20.10
14	18	434	52.00
14	18,19	13	50.75
14	18,19	48	53.68
14	18,19	54	28.04
14	18,19	56	49.21
14	18,19	111	42.49
14	18,19	138	40.86
14	18,19	141	55.58
14	18,19	178	61.80
14	18,19	205	47.15
14	18,19	219	48.08
14	18,19	236	48.86
14	18,19	242	56.45
14	18,19	309	27.62
14	18,19	325	37.73
14	18,19	350	63.03
14	18,19	387	36.42
14	18,19	408	58.72
14	18,19	410	27.34
14	18,21	103	68.00
14	18,21	236	59.94
14	19	1	22.99
14	19	13	44.28
14	19	28	23.45
14	19	42	56.15
14	19	48	41.69
14	19	54	21.56
14	19	56	42.59
14	19	111	35.32
14	19	122	47.45
14	19	138	33.63
14	19	141	48.35
14	19	166	37.27
14	19	178	54.54
14	19	205	40.39
14	19	219	41.27
14	19	236	42.21
14	19	242	48.79
14	19	299	31.59
14	19	309	21.14
14	19	325	30.90
14	19	350	54.85
14	19	367	41.90
14	19	387	28.58
14	19	408	51.89
14	19	410	20.30
14	19,21	236	71.97
14	20	8	14.45
14	20	9	13.42
14	20	12	13.89
14	20	20	12.25
14	20	25	32.54
14	20	29	13.48
14	20	74	11.70
14	20	78	40.06
14	20	80	19.96
14	20	83	17.75
14	20	84	34.63
14	20	85	14.89
14	20	91	11.15
14	20	94	30.44
14	20	102	15.48
14	20	107	39.34
14	20	115	15.66
14	20	118	15.83
14	20	121	13.58
14	20	123	17.23
14	20	127	33.99
14	20	137	47.72
14	20	139	32.72
14	20	149	34.30
14	20	151	10.82
14	20	154	10.96
14	20	157	14.07
14	20	158	36.07
14	20	161	49.72
14	20	165	45.42
14	20	169	17.99
14	20	171	17.04
14	20	177	14.15
14	20	180	37.44
14	20	183	40.32
14	20	185	51.70
14	20	188	15.21
14	20	189	48.70
14	20	191	15.56
14	20	192	48.96
14	20	198	12.32
14	20	202	14.56
14	20	211	43.80
14	20	222	26.66
14	20	231	19.30
14	20	232	15.08
14	20	234	14.18
14	20	239	29.70
14	20	240	17.39
14	20	244	15.97
14	20	245	24.52
14	20	250	15.24
14	20	251	27.30
14	20	252	15.01
14	20	257	40.46
14	20	259	13.66
14	20	266	26.99
14	20	268	40.86
14	20	277	9.79
14	20	280	38.15
14	20	282	32.63
14	20	285	30.13
14	20	286	41.75
14	20	291	12.48
14	20	296	21.28
14	20	298	36.01
14	20	301	33.03
14	20	303	12.27
14	20	307	45.51
14	20	331	30.28
14	20	339	15.04
14	20	341	14.61
14	20	343	14.83
14	20	345	42.04
14	20	357	13.13
14	20	359	37.86
14	20	361	16.54
14	20	368	12.14
14	20	372	22.77
14	20	373	26.34
14	20	374	13.28
14	20	392	19.03
14	20	420	13.38
14	20	435	14.15
14	20	439	14.99
14	20	440	11.15
14	20,22	8	26.51
14	20,22	9	25.52
14	20,22	12	24.99
14	20,22	20	24.52
14	20,22	25	44.13
14	20,22	29	24.70
14	20,22	74	30.75
14	20,22	83	33.18
14	20,22	84	45.55
14	20,22	91	31.00
14	20,22	94	40.28
14	20,22	118	32.97
14	20,22	149	44.90
14	20,22	157	29.89
14	20,22	161	66.70
14	20,22	169	25.42
14	20,22	171	35.63
14	20,22	192	58.87
14	20,22	202	26.51
14	20,22	222	39.07
14	20,22	231	34.85
14	20,22	234	22.73
14	20,22	250	34.63
14	20,22	251	43.70
14	20,22	252	24.45
14	20,22	259	32.77
14	20,22	266	34.07
14	20,22	277	28.25
14	20,22	282	51.49
14	20,22	285	39.77
14	20,22	296	34.38
14	20,22	307	57.01
14	20,22	339	26.28
14	20,22	341	26.56
14	20,22	368	23.23
14	20,29	9	31.79
14	20,29	74	25.61
14	20,29	83	34.13
14	20,29	84	50.79
14	20,29	85	31.94
14	20,29	94	47.93
14	20,29	107	51.20
14	20,29	121	26.30
14	20,29	149	49.82
14	20,29	151	28.30
14	20,29	161	67.87
14	20,29	171	31.20
14	20,29	185	63.07
14	20,29	192	66.58
14	20,29	211	61.23
14	20,29	239	45.55
14	20,29	268	56.69
14	20,29	277	24.97
14	20,29	282	57.10
14	20,29	285	48.11
14	20,29	286	61.32
14	20,29	359	55.49
14	21	6	40.42
14	21	24	24.69
14	21	37	35.14
14	21	41	47.34
14	21	47	21.14
14	21	50	36.56
14	21	58	42.82
14	21	103	47.08
14	21	147	32.75
14	21	236	45.48
14	21	247	23.96
14	21	248	31.99
14	21	258	58.10
14	21	262	44.11
14	21	274	38.39
14	21	324	36.73
14	21	383	33.77
14	21	413	62.48
14	21,24	24	37.87
14	21,24	47	32.96
14	21,24	103	59.55
14	21,24	236	58.97
14	21,24	248	45.66
14	21,24	383	46.52
14	21,27	6	47.52
14	21,27	24	31.93
14	21,27	37	42.52
14	21,27	47	28.21
14	21,27	50	55.03
14	21,27	58	50.04
14	21,27	103	62.18
14	21,27	147	39.96
14	21,27	236	61.86
14	21,27	247	31.24
14	21,27	248	40.49
14	21,27	324	44.06
14	21,27	383	41.14
14	21,27	413	69.92
14	22	8	18.37
14	22	9	17.17
14	22	12	17.08
14	22	19	15.45
14	22	20	16.51
14	22	25	35.51
14	22	29	16.68
14	22	74	21.87
14	22	83	20.69
14	22	84	37.24
14	22	91	19.93
14	22	93	51.00
14	22	94	31.70
14	22	96	16.46
14	22	118	24.96
14	22	134	15.89
14	22	140	21.21
14	22	149	36.79
14	22	157	22.17
14	22	161	53.86
14	22	165	44.49
14	22	169	17.34
14	22	171	23.42
14	22	189	54.76
14	22	192	50.24
14	22	202	18.59
14	22	222	30.37
14	22	231	22.68
14	22	234	14.03
14	22	250	20.89
14	22	251	32.24
14	22	252	15.82
14	22	254	18.99
14	22	259	20.55
14	22	266	25.85
14	22	271	37.99
14	22	275	24.46
14	22	277	20.55
14	22	280	41.39
14	22	282	44.42
14	22	285	30.76
14	22	292	24.86
14	22	296	25.11
14	22	307	48.46
14	22	323	30.41
14	22	335	16.83
14	22	339	17.27
14	22	341	18.39
14	22	368	14.86
14	22	386	16.85
14	22	415	18.62
14	22	433	18.46
14	22,29	9	35.39
14	22,29	74	30.72
14	22,29	83	36.94
14	22,29	84	53.28
14	22,29	94	49.06
14	22,29	149	52.20
14	22,29	161	71.87
14	22,29	171	36.63
14	22,29	192	67.72
14	22,29	277	30.32
14	22,29	282	52.00
14	22,29	285	48.61
14	22,30	8	38.89
14	22,30	9	38.38
14	22,30	74	45.32
14	22,30	83	39.83
14	22,30	84	57.51
14	22,30	94	53.61
14	22,30	149	56.31
14	22,30	161	76.51
14	22,30	171	46.86
14	22,30	192	72.28
14	22,30	252	39.97
14	22,30	266	50.39
14	22,30	277	43.65
14	22,30	282	54.85
14	22,30	285	53.17
14	22,30	307	70.30
14	23	16	24.85
14	23	17	16.31
14	23	37	32.82
14	23	41	43.42
14	23	43	36.01
14	23	44	23.87
14	23	58	37.68
14	23	95	16.07
14	23	119	25.73
14	23	147	23.17
14	23	159	30.34
14	23	173	44.62
14	23	216	20.52
14	23	258	52.89
14	23	262	39.80
14	23	274	29.27
14	23	314	35.62
14	23	324	28.72
14	23	355	27.68
14	23	375	24.42
14	23	376	19.11
14	23	394	18.94
14	23	396	15.48
14	24	4	20.93
14	24	7	41.65
14	24	24	22.85
14	24	47	21.34
14	24	54	25.62
14	24	62	46.77
14	24	64	44.52
14	24	97	25.27
14	24	103	41.27
14	24	120	42.59
14	24	163	30.51
14	24	174	38.58
14	24	218	22.41
14	24	229	55.59
14	24	236	36.48
14	24	237	61.51
14	24	241	28.65
14	24	242	43.44
14	24	243	21.46
14	24	248	35.00
14	24	302	19.10
14	24	332	52.82
14	24	333	49.76
14	24	383	30.30
14	24	402	23.56
14	25	23	52.44
14	25	61	19.15
14	25	72	43.76
14	25	81	33.21
14	25	87	26.11
14	25	100	43.15
14	25	105	37.87
14	25	123	17.82
14	25	126	43.39
14	25	139	37.18
14	25	143	12.65
14	25	144	39.49
14	25	158	37.86
14	25	160	19.20
14	25	164	46.18
14	25	183	41.90
14	25	191	19.07
14	25	193	15.31
14	25	194	46.01
14	25	214	39.69
14	25	215	47.04
14	25	256	32.39
14	25	260	48.23
14	25	268	45.17
14	25	286	45.35
14	25	290	20.13
14	25	316	14.15
14	25	319	32.20
14	25	321	14.96
14	25	322	38.00
14	25	354	40.80
14	25	363	19.99
14	25	389	33.63
14	25	392	28.93
14	25	400	49.03
14	25	401	50.66
14	25	404	19.25
14	25	414	25.18
14	25	428	16.18
14	25	435	15.69
14	25	443	15.25
14	26	5	17.99
14	26	21	58.59
14	26	26	45.63
14	26	53	17.99
14	26	68	22.20
14	26	82	46.73
14	26	117	52.03
14	26	153	18.75
14	26	167	48.66
14	26	168	19.87
14	26	184	54.25
14	26	199	20.87
14	26	212	18.86
14	26	217	50.13
14	26	226	20.24
14	26	297	64.89
14	26	327	29.73
14	26	365	48.66
14	26	431	54.49
14	27	6	34.63
14	27	7	33.86
14	27	13	40.07
14	27	24	12.65
14	27	37	25.94
14	27	41	39.76
14	27	44	31.03
14	27	47	13.38
14	27	48	43.28
14	27	49	18.86
14	27	50	26.93
14	27	54	17.52
14	27	58	33.92
14	27	62	43.31
14	27	64	35.62
14	27	69	39.73
14	27	97	22.70
14	27	103	37.31
14	27	120	41.55
14	27	125	17.25
14	27	138	22.92
14	27	147	22.24
14	27	205	37.79
14	27	206	45.59
14	27	218	20.13
14	27	236	34.30
14	27	237	57.25
14	27	241	42.59
14	27	242	39.70
14	27	243	18.51
14	27	247	16.77
14	27	248	26.83
14	27	258	49.79
14	27	261	18.77
14	27	265	31.61
14	27	269	18.61
14	27	273	14.44
14	27	284	19.97
14	27	302	16.25
14	27	324	29.27
14	27	325	34.35
14	27	328	17.32
14	27	332	43.72
14	27	333	44.76
14	27	342	19.01
14	27	351	22.56
14	27	355	24.15
14	27	358	45.86
14	27	364	17.79
14	27	370	15.62
14	27	380	15.45
14	27	382	42.52
14	27	383	24.79
14	27	387	23.15
14	27	390	22.86
14	27	394	18.21
14	27	406	14.37
14	27	412	18.10
14	27	413	55.80
14	27	434	43.94
14	28	5	23.00
14	28	10	43.35
14	28	35	23.82
14	28	43	46.08
14	28	52	18.97
14	28	53	22.92
14	28	65	41.31
14	28	68	24.24
14	28	70	44.20
14	28	73	41.99
14	28	86	58.55
14	28	88	21.23
14	28	90	22.14
14	28	110	45.23
14	28	114	36.48
14	28	131	26.70
14	28	153	23.72
14	28	167	54.10
14	28	184	59.37
14	28	187	21.61
14	28	201	39.96
14	28	216	23.97
14	28	226	23.15
14	28	238	33.07
14	28	249	58.62
14	28	267	34.17
14	28	278	30.37
14	28	281	25.18
14	28	283	38.20
14	28	297	70.18
14	28	306	22.17
14	28	312	19.07
14	28	393	25.35
14	28	395	22.85
14	28	398	26.76
14	28	409	24.48
14	28	431	59.35
14	28	442	21.83
14	29	9	20.54
14	29	33	15.77
14	29	46	39.75
14	29	72	43.85
14	29	74	17.62
14	29	78	46.18
14	29	83	24.62
14	29	84	40.85
14	29	85	19.52
14	29	94	37.20
14	29	107	43.94
14	29	121	19.15
14	29	126	38.89
14	29	130	22.30
14	29	135	23.20
14	29	137	53.77
14	29	149	38.87
14	29	151	17.04
14	29	161	55.24
14	29	171	24.27
14	29	175	35.82
14	29	180	45.48
14	29	185	56.10
14	29	189	53.66
14	29	192	54.94
14	29	211	50.28
14	29	239	34.73
14	29	268	44.87
14	29	277	18.08
14	29	282	42.01
14	29	285	38.70
14	29	286	51.73
14	29	288	20.56
14	29	294	23.77
14	29	354	45.49
14	29	359	42.28
14	29	388	20.35
14	29,30	9	37.76
14	29,30	74	36.75
14	29,30	83	40.32
14	29,30	84	56.44
14	29,30	85	35.70
14	29,30	94	53.83
14	29,30	107	61.27
14	29,30	121	37.13
14	29,30	149	53.94
14	29,30	151	33.54
14	29,30	161	72.21
14	29,30	171	43.04
14	29,30	185	73.65
14	29,30	192	71.69
14	29,30	211	66.76
14	29,30	239	50.10
14	29,30	268	60.17
14	29,30	277	36.62
14	29,30	282	59.82
14	29,30	285	55.83
14	29,30	286	69.90
14	29,30	359	59.38
14	30	8	26.96
14	30	9	26.65
14	30	74	26.62
14	30	78	51.68
14	30	83	29.52
14	30	84	45.54
14	30	85	26.69
14	30	94	42.73
14	30	107	51.94
14	30	121	27.49
14	30	123	30.39
14	30	137	60.54
14	30	149	44.65
14	30	151	23.73
14	30	161	62.39
14	30	165	44.56
14	30	171	32.45
14	30	180	49.94
14	30	185	65.06
14	30	189	60.28
14	30	192	61.35
14	30	211	56.63
14	30	239	40.80
14	30	252	30.79
14	30	266	42.63
14	30	268	51.18
14	30	277	25.59
14	30	282	35.20
14	30	285	42.73
14	30	286	56.75
14	30	307	57.77
14	30	359	48.49
14	31	64	45.04
14	31	67	35.96
14	31	75	18.99
14	31	104	39.51
14	31	113	29.27
14	31	146	40.25
14	31	162	45.08
14	31	163	38.58
14	31	174	34.77
14	31	176	56.68
14	31	186	20.92
14	31	195	42.15
14	31	207	24.17
14	31	220	35.08
14	31	229	51.58
14	31	265	31.52
14	31	272	21.31
14	31	293	42.48
14	31	302	20.72
14	31	328	21.08
14	31	333	45.41
14	31	344	31.06
14	31	351	28.00
14	31	356	48.04
14	31	405	18.42
14	31	419	41.06
14	31	423	36.61
14	31	425	18.87
14	32	11	40.59
14	32	30	23.51
14	32	32	22.49
14	32	99	40.62
14	32	116	48.41
14	32	129	21.41
14	32	182	48.37
14	32	200	22.23
14	32	213	22.38
14	32	225	47.18
14	32	230	22.66
14	32	255	27.10
14	32	263	29.28
14	32	310	22.48
14	32	311	22.58
14	32	313	20.21
14	32	318	50.13
14	32	320	38.35
14	33	16	20.62
14	33	43	31.72
14	33	52	8.59
14	33	65	33.18
14	33	68	17.34
14	33	70	35.38
14	33	73	34.30
14	33	90	13.00
14	33	110	37.45
14	33	114	20.63
14	33	131	13.52
14	33	159	39.55
14	33	187	13.94
14	33	216	13.37
14	33	224	11.87
14	33	226	14.48
14	33	264	15.87
14	33	267	23.11
14	33	278	22.92
14	33	281	13.27
14	33	297	63.10
14	33	306	13.08
14	33	312	8.96
14	33	376	18.30
14	33	393	18.45
14	33	395	11.61
14	33	427	14.96
14	33	442	14.92
