Task=115 Orders=57 Vehicles=770 Scores=3846
115	1	2	30.79
115	1	11	17.99
115	1	20	34.42
115	1	27	29.15
115	1	38	20.31
115	1	40	37.46
115	1	56	29.10
115	1	65	51.06
115	1	78	21.82
115	1	79	31.97
115	1	82	43.79
115	1	153	23.62
115	1	175	36.66
115	1	224	20.94
115	1	232	53.73
115	1	239	31.86
115	1	282	44.65
115	1	289	22.00
115	1	290	23.62
115	1	304	36.25
115	1	308	34.54
115	1	316	44.52
115	1	355	22.63
115	1	402	29.99
115	1	459	20.27
115	1	474	51.48
115	1	536	22.11
115	1	677	41.31
115	1	718	49.39
115	1	761	23.20
115	1,14	2	47.73
115	1,14	20	59.92
115	1,14	38	37.90
115	1,14	56	49.69
115	1,14	65	66.07
115	1,14	78	37.41
115	1,14	79	50.28
115	1,14	82	57.06
115	1,14	224	39.69
115	1,14	308	58.30
115	1,14	316	54.55
115	1,14	536	39.52
115	1,14	677	56.41
115	2	81	49.69
115	2	90	53.42
115	2	98	51.55
115	2	102	30.27
115	2	103	54.69
115	2	115	18.49
115	2	130	46.30
115	2	141	21.03
115	2	163	40.79
115	2	183	50.35
115	2	184	45.24
115	2	227	20.10
115	2	230	67.35
115	2	255	19.23
115	2	306	19.10
115	2	341	47.10
115	2	404	73.76
115	2	413	48.18
115	2	414	54.77
115	2	435	24.25
115	2	446	35.30
115	2	531	46.94
115	2	670	47.10
115	2,5	102	41.37
115	2,5	103	64.08
115	2,5	115	24.27
115	2,5	130	56.21
115	2,5	141	27.14
115	2,5	183	60.58
115	2,5	227	26.34
115	2,5	255	25.52
115	2,5	341	56.27
115	2,5	413	57.87
115	2,5	435	35.07
115	2,5	446	44.52
115	2,5	531	55.44
115	2,5	670	55.41
115	2,12	102	44.87
115	2,12	103	67.20
115	2,12	115	29.42
115	2,12	130	59.62
115	2,12	141	33.59
115	2,12	183	64.34
115	2,12	227	32.72
115	2,12	255	30.80
115	2,12	306	30.54
115	2,12	341	59.73
115	2,12	413	61.46
115	2,12	435	39.01
115	2,12	446	45.92
115	2,12	531	58.80
115	2,12	670	57.70
115	2,19	103	68.21
115	2,19	115	29.93
115	2,19	141	34.72
115	2,19	183	65.52
115	2,19	227	31.30
115	2,19	255	31.75
115	2,19	341	60.76
115	2,19	413	62.56
115	2,19	446	49.24
115	2,19	531	59.73
115	2,19	670	58.55
115	2,41	102	44.96
115	2,41	103	67.69
115	2,41	115	29.97
115	2,41	130	59.13
115	2,41	141	33.77
115	2,41	183	63.79
115	2,41	227	33.18
115	2,41	255	31.24
115	2,41	306	30.75
115	2,41	341	60.03
115	2,41	413	61.23
115	2,41	435	38.37
115	2,41	446	46.38
115	2,41	531	57.34
115	2,41	670	58.30
115	2,57	102	48.25
115	2,57	115	32.62
115	2,57	130	62.63
115	2,57	183	67.80
115	2,57	227	36.15
115	2,57	255	33.52
115	2,57	306	33.04
115	2,57	413	64.68
115	2,57	435	42.75
115	2,57	446	52.76
115	2,57	531	61.45
115	2,57	670	60.13
115	3	35	51.45
115	3	41	47.99
115	3	49	22.27
115	3	59	38.63
115	3	69	32.24
115	3	83	59.45
115	3	123	52.82
115	3	162	23.87
115	3	185	33.32
115	3	203	19.73
115	3	240	56.31
115	3	345	31.72
115	3	366	34.70
115	3	367	47.69
115	3	368	27.32
115	3	386	31.82
115	3	463	60.45
115	3	539	26.06
115	3	543	25.75
115	3	555	20.37
115	3	561	28.08
115	3	626	20.21
115	3	627	52.07
115	3	657	34.31
115	3	663	24.93
115	3	710	48.49
115	3,28	41	62.06
115	3,28	59	51.17
115	3,28	69	46.21
115	3,28	83	74.99
115	3,28	185	48.38
115	3,28	203	33.90
115	3,28	240	70.93
115	3,28	345	46.82
115	3,28	366	47.52
115	3,28	386	45.52
115	3,28	626	35.72
115	3,28	627	68.21
115	4	41	42.69
115	4	59	34.13
115	4	97	41.41
115	4	100	64.93
115	4	108	49.62
115	4	118	50.82
115	4	128	28.04
115	4	219	24.80
115	4	270	19.32
115	4	273	17.83
115	4	299	24.24
115	4	314	47.59
115	4	332	19.70
115	4	338	19.31
115	4	345	25.45
115	4	361	41.30
115	4	364	26.92
115	4	376	39.56
115	4	430	20.85
115	4	441	43.10
115	4	494	28.62
115	4	495	32.62
115	4	501	46.21
115	4	507	21.66
115	4	608	48.48
115	4	629	39.37
115	4	653	46.90
115	4	715	17.83
115	4,56	41	53.54
115	4,56	59	43.37
115	4,56	108	61.41
115	4,56	128	39.20
115	4,56	219	33.72
115	4,56	270	26.54
115	4,56	273	25.07
115	4,56	299	35.25
115	4,56	314	56.27
115	4,56	332	30.35
115	4,56	338	27.11
115	4,56	345	33.32
115	4,56	361	52.99
115	4,56	376	51.94
115	4,56	430	30.11
115	4,56	441	50.49
115	4,56	494	49.75
115	4,56	495	44.34
115	4,56	501	54.39
115	4,56	507	29.32
115	4,56	629	49.85
115	4,56	653	58.61
115	4,56	715	26.59
115	5	22	27.17
115	5	25	13.32
115	5	81	42.68
115	5	90	46.54
115	5	98	46.62
115	5	102	21.85
115	5	103	47.03
115	5	115	11.07
115	5	130	38.24
115	5	141	12.68
115	5	163	38.32
115	5	172	14.41
115	5	181	25.52
115	5	183	41.63
115	5	184	38.07
115	5	199	17.08
115	5	210	26.14
115	5	225	36.66
115	5	227	11.68
115	5	230	59.44
115	5	255	12.17
115	5	280	30.28
115	5	303	15.97
115	5	341	39.07
115	5	390	12.20
115	5	396	11.35
115	5	397	18.38
115	5	398	20.83
115	5	404	64.27
115	5	410	10.73
115	5	413	39.82
115	5	414	48.37
115	5	431	29.18
115	5	435	15.00
115	5	446	25.59
115	5	479	12.86
115	5	531	39.27
115	5	533	12.34
115	5	541	14.32
115	5	611	19.35
115	5	612	14.03
115	5	624	11.55
115	5	670	40.63
115	5	672	11.14
115	5	703	12.30
115	5	735	42.85
115	5,12	22	34.90
115	5,12	25	23.32
115	5,12	102	37.34
115	5,12	103	56.25
115	5,12	115	19.37
115	5,12	130	48.11
115	5,12	141	22.03
115	5,12	172	25.66
115	5,12	183	51.72
115	5,12	199	33.85
115	5,12	210	41.03
115	5,12	227	21.11
115	5,12	255	20.62
115	5,12	280	43.92
115	5,12	303	25.66
115	5,12	341	48.37
115	5,12	390	22.46
115	5,12	396	21.34
115	5,12	397	32.34
115	5,12	398	33.37
115	5,12	410	19.69
115	5,12	413	49.46
115	5,12	431	42.73
115	5,12	435	25.58
115	5,12	446	38.15
115	5,12	479	23.93
115	5,12	531	51.76
115	5,12	533	23.37
115	5,12	541	23.82
115	5,12	611	33.56
115	5,12	612	26.11
115	5,12	624	21.01
115	5,12	670	48.45
115	5,12	672	21.66
115	5,12	703	21.76
115	5,12	735	52.54
115	5,19	103	68.63
115	5,19	115	24.39
115	5,19	141	28.69
115	5,19	183	66.39
115	5,19	227	25.04
115	5,19	255	32.46
115	5,19	341	60.94
115	5,19	413	63.13
115	5,19	446	49.97
115	5,19	531	59.51
115	5,19	670	58.94
115	5,41	102	36.54
115	5,41	103	63.38
115	5,41	115	23.07
115	5,41	130	55.45
115	5,41	141	25.80
115	5,41	183	55.62
115	5,41	227	24.92
115	5,41	255	24.32
115	5,41	341	55.54
115	5,41	413	53.31
115	5,41	435	29.56
115	5,41	446	37.90
115	5,41	531	50.82
115	5,41	670	54.94
115	5,57	102	42.10
115	5,57	115	27.15
115	5,57	130	56.66
115	5,57	183	61.38
115	5,57	227	29.93
115	5,57	255	28.45
115	5,57	413	58.45
115	5,57	435	36.08
115	5,57	446	44.97
115	5,57	531	55.59
115	5,57	670	55.37
115	6	6	32.24
115	6	22	47.51
115	6	52	18.86
115	6	53	18.89
115	6	61	16.65
115	6	68	16.34
115	6	72	18.45
115	6	90	47.00
115	6	101	31.56
115	6	107	46.77
115	6	115	17.15
115	6	116	18.25
115	6	135	17.61
115	6	138	20.55
115	6	152	20.77
115	6	172	23.03
115	6	184	47.14
115	6	199	25.28
115	6	221	18.11
115	6	227	20.82
115	6	228	17.13
115	6	233	21.27
115	6	249	18.31
115	6	266	57.94
115	6	309	19.34
115	6	342	60.39
115	6	343	33.87
115	6	388	41.01
115	6	390	20.86
115	6	404	64.97
115	6	409	21.06
115	6	410	19.28
115	6	411	33.97
115	6	413	43.25
115	6	414	50.89
115	6	415	19.39
115	6	419	52.42
115	6	455	15.80
115	6	461	26.39
115	6	462	19.23
115	6	498	52.20
115	6	499	19.11
115	6	509	52.31
115	6	516	18.11
115	6	517	16.72
115	6	522	28.92
115	6	524	20.69
115	6	527	22.23
115	6	531	46.03
115	6	541	17.48
115	6	545	43.90
115	6	559	47.99
115	6	586	19.23
115	6	601	45.52
115	6	610	31.69
115	6	611	22.94
115	6	612	25.32
115	6	625	58.13
115	6	634	17.52
115	6	642	19.51
115	6	646	21.34
115	6	666	16.21
115	6	682	49.82
115	6	686	54.89
115	6	696	18.18
115	6	703	18.54
115	6	720	62.55
115	6,8	6	43.92
115	6,8	22	59.38
115	6,8	61	28.77
115	6,8	68	26.18
115	6,8	72	30.89
115	6,8	101	42.31
115	6,8	107	56.42
115	6,8	115	27.08
115	6,8	116	29.51
115	6,8	135	27.79
115	6,8	138	33.31
115	6,8	152	33.51
115	6,8	172	36.25
115	6,8	199	38.13
115	6,8	221	29.97
115	6,8	227	31.99
115	6,8	228	28.51
115	6,8	233	33.75
115	6,8	249	30.94
115	6,8	309	29.80
115	6,8	342	72.72
115	6,8	343	44.18
115	6,8	388	52.54
115	6,8	390	33.00
115	6,8	410	30.04
115	6,8	411	43.83
115	6,8	413	54.66
115	6,8	415	31.89
115	6,8	419	64.51
115	6,8	455	26.03
115	6,8	461	37.35
115	6,8	462	32.46
115	6,8	498	62.79
115	6,8	499	30.30
115	6,8	516	28.72
115	6,8	517	27.52
115	6,8	522	41.48
115	6,8	524	32.85
115	6,8	527	35.25
115	6,8	531	56.44
115	6,8	541	28.69
115	6,8	559	59.96
115	6,8	586	31.66
115	6,8	610	43.01
115	6,8	611	34.46
115	6,8	612	39.58
115	6,8	625	69.63
115	6,8	634	28.75
115	6,8	642	30.73
115	6,8	666	27.97
115	6,8	686	65.30
115	6,8	696	29.41
115	6,8	703	29.76
115	6,10	107	65.27
115	6,10	115	36.62
115	6,10	309	39.31
115	6,10	342	82.65
115	6,10	413	65.80
115	6,10	419	76.61
115	6,10	499	41.07
115	6,10	531	65.66
115	6,10	686	74.52
115	6,16	107	68.79
115	6,16	115	34.94
115	6,16	413	69.27
115	6,16	419	80.06
115	6,16	499	38.77
115	6,16	531	69.17
115	6,19	107	70.25
115	6,19	115	41.97
115	6,19	227	36.27
115	6,19	343	57.90
115	6,19	413	71.96
115	6,19	531	70.90
115	6,19	559	77.96
115	7	3	25.46
115	7	7	16.89
115	7	29	45.79
115	7	35	43.42
115	7	41	38.99
115	7	60	16.73
115	7	69	27.80
115	7	83	52.37
115	7	97	36.23
115	7	100	55.72
115	7	108	44.80
115	7	118	47.90
115	7	123	48.39
115	7	124	35.37
115	7	128	24.65
115	7	133	16.87
115	7	162	15.35
115	7	185	30.38
115	7	215	38.63
115	7	219	16.34
115	7	240	50.44
115	7	270	17.13
115	7	272	15.85
115	7	273	15.90
115	7	299	22.92
115	7	314	46.00
115	7	332	17.59
115	7	338	17.08
115	7	345	19.93
115	7	357	18.96
115	7	361	34.63
115	7	366	35.79
115	7	367	38.93
115	7	368	16.90
115	7	376	35.99
115	7	386	23.39
115	7	407	18.32
115	7	430	18.79
115	7	441	41.03
115	7	463	51.56
115	7	473	45.80
115	7	475	20.03
115	7	480	43.10
115	7	494	39.63
115	7	495	27.37
115	7	501	44.59
115	7	507	15.83
115	7	538	36.00
115	7	539	16.31
115	7	549	18.75
115	7	560	17.65
115	7	561	17.63
115	7	604	17.24
115	7	615	25.80
115	7	626	18.51
115	7	627	45.70
115	7	629	37.18
115	7	633	17.08
115	7	635	17.45
115	7	644	23.51
115	7	649	22.32
115	7	651	23.68
115	7	652	18.41
115	7	653	42.10
115	7	662	16.77
115	7	663	17.04
115	7	678	34.75
115	7	706	17.93
115	7	710	45.68
115	7	711	17.13
115	7	715	16.13
115	7	724	18.70
115	7	726	46.32
115	7	727	18.41
115	7	745	18.77
115	7	746	29.62
115	7	751	32.24
115	7	752	17.03
115	7	753	17.25
115	7	760	16.87
115	7	768	17.25
115	7	769	17.25
115	7,20	3	41.65
115	7,20	7	29.86
115	7,20	41	54.07
115	7,20	60	30.04
115	7,20	108	56.68
115	7,20	124	46.18
115	7,20	128	34.15
115	7,20	133	29.92
115	7,20	162	26.76
115	7,20	219	29.51
115	7,20	270	27.97
115	7,20	272	23.65
115	7,20	273	27.94
115	7,20	299	34.39
115	7,20	314	58.61
115	7,20	332	31.24
115	7,20	338	28.62
115	7,20	345	32.37
115	7,20	357	32.38
115	7,20	361	49.54
115	7,20	367	51.20
115	7,20	368	30.51
115	7,20	407	31.30
115	7,20	430	32.39
115	7,20	463	64.13
115	7,20	473	59.92
115	7,20	475	34.30
115	7,20	494	55.89
115	7,20	495	35.31
115	7,20	501	57.49
115	7,20	507	24.44
115	7,20	538	50.21
115	7,20	539	28.79
115	7,20	549	29.82
115	7,20	560	30.72
115	7,20	561	31.75
115	7,20	604	31.52
115	7,20	615	42.97
115	7,20	629	55.45
115	7,20	633	30.31
115	7,20	635	30.68
115	7,20	651	36.01
115	7,20	653	53.85
115	7,20	662	30.00
115	7,20	678	46.06
115	7,20	710	61.63
115	7,20	711	27.77
115	7,20	715	28.23
115	7,20	724	31.79
115	7,20	727	29.49
115	7,20	745	30.97
115	7,20	751	49.82
115	7,20	752	30.25
115	7,20	753	30.48
115	7,20	760	30.10
115	7,20	768	30.48
115	7,20	769	30.48
115	8	6	31.69
115	8	22	46.89
115	8	61	14.49
115	8	68	16.21
115	8	72	17.17
115	8	90	46.25
115	8	101	31.30
115	8	107	46.87
115	8	115	16.01
115	8	116	18.35
115	8	135	16.89
115	8	138	19.65
115	8	152	19.96
115	8	172	22.49
115	8	184	46.44
115	8	199	24.79
115	8	221	16.82
115	8	227	20.11
115	8	228	16.39
115	8	233	20.66
115	8	249	16.94
115	8	266	57.66
115	8	285	54.03
115	8	309	18.65
115	8	342	61.75
115	8	343	33.96
115	8	388	41.56
115	8	390	20.21
115	8	404	64.37
115	8	410	18.46
115	8	411	33.80
115	8	413	43.73
115	8	414	50.01
115	8	415	19.89
115	8	419	51.80
115	8	431	39.27
115	8	455	15.45
115	8	461	25.76
115	8	462	17.90
115	8	472	18.23
115	8	498	52.06
115	8	499	18.21
115	8	509	51.58
115	8	516	17.42
115	8	517	15.93
115	8	522	29.70
115	8	524	20.01
115	8	527	22.32
115	8	531	45.23
115	8	541	16.15
115	8	545	43.14
115	8	559	47.35
115	8	586	18.13
115	8	601	47.68
115	8	610	30.85
115	8	611	21.63
115	8	612	24.93
115	8	625	57.45
115	8	634	16.23
115	8	640	20.17
115	8	642	18.69
115	8	666	14.32
115	8	670	49.39
115	8	673	44.20
115	8	682	49.10
115	8	686	54.10
115	8	696	17.49
115	8	703	17.48
115	8	720	62.30
115	8,19	107	60.42
115	8,19	115	28.75
115	8,19	227	29.97
115	8,19	343	48.70
115	8,19	413	60.99
115	8,19	531	58.85
115	8,19	559	62.66
115	8,19	670	60.52
115	9	2	26.77
115	9	11	13.06
115	9	20	37.59
115	9	27	23.03
115	9	38	13.04
115	9	40	27.39
115	9	56	23.41
115	9	65	47.27
115	9	67	45.63
115	9	78	15.01
115	9	79	24.31
115	9	82	38.27
115	9	110	48.87
115	9	153	18.46
115	9	218	18.90
115	9	224	12.17
115	9	232	46.66
115	9	239	26.87
115	9	244	12.03
115	9	268	25.58
115	9	282	37.55
115	9	287	23.63
115	9	289	15.66
115	9	304	39.82
115	9	308	33.39
115	9	316	29.24
115	9	355	17.89
115	9	393	20.82
115	9	429	24.03
115	9	450	17.93
115	9	459	15.23
115	9	474	45.54
115	9	488	16.49
115	9	525	24.52
115	9	536	16.92
115	9	575	25.25
115	9	639	14.00
115	9	643	43.38
115	9	671	38.04
115	9	677	34.86
115	9	761	18.97
115	9,23	2	34.69
115	9,23	11	20.20
115	9,23	20	48.76
115	9,23	27	30.73
115	9,23	38	20.70
115	9,23	40	37.01
115	9,23	56	31.34
115	9,23	65	57.11
115	9,23	67	56.11
115	9,23	78	23.00
115	9,23	79	32.48
115	9,23	82	48.03
115	9,23	110	59.52
115	9,23	153	26.75
115	9,23	218	26.85
115	9,23	224	19.92
115	9,23	239	35.94
115	9,23	244	19.85
115	9,23	268	33.97
115	9,23	282	49.34
115	9,23	287	30.96
115	9,23	289	22.58
115	9,23	308	44.14
115	9,23	316	37.13
115	9,23	355	25.80
115	9,23	393	28.42
115	9,23	429	34.86
115	9,23	450	25.87
115	9,23	459	22.97
115	9,23	474	57.32
115	9,23	488	26.89
115	9,23	525	34.34
115	9,23	536	24.63
115	9,23	575	38.07
115	9,23	639	21.94
115	9,23	671	46.21
115	9,23	677	45.65
115	9,23	761	26.65
115	10	107	51.68
115	10	115	21.41
115	10	193	63.32
115	10	204	29.83
115	10	263	23.76
115	10	266	63.18
115	10	274	53.79
115	10	285	58.56
115	10	306	22.15
115	10	309	22.45
115	10	324	46.49
115	10	342	64.68
115	10	379	63.75
115	10	413	53.55
115	10	414	53.15
115	10	419	49.39
115	10	435	29.39
115	10	499	22.23
115	10	505	31.10
115	10	509	54.66
115	10	531	50.38
115	10	682	54.59
115	10	686	58.38
115	10	720	68.68
115	10,16	107	61.61
115	10,16	115	31.63
115	10,16	204	41.44
115	10,16	306	32.13
115	10,16	413	64.61
115	10,16	419	69.18
115	10,16	435	39.90
115	10,16	499	35.37
115	10,16	505	42.21
115	10,16	531	60.08
115	10,30	204	39.35
115	10,30	263	34.76
115	10,30	309	33.03
115	10,30	419	69.14
115	10,30	499	33.48
115	10,30	505	42.07
115	10,51	263	42.23
115	11	44	20.06
115	11	80	46.59
115	11	122	23.65
115	11	132	19.27
115	11	139	21.28
115	11	145	19.76
115	11	149	34.73
115	11	157	26.77
115	11	200	19.80
115	11	256	42.55
115	11	260	16.13
115	11	271	50.51
115	11	313	19.34
115	11	315	53.14
115	11	317	38.20
115	11	333	42.00
115	11	349	34.11
115	11	365	43.01
115	11	374	13.90
115	11	394	18.39
115	11	428	27.85
115	11	478	50.59
115	11	489	37.90
115	11	519	41.90
115	11	554	17.06
115	11	569	26.58
115	11	588	22.96
115	11	606	33.80
115	11	617	15.94
115	11	619	44.66
115	11	630	42.77
115	11	648	14.97
115	11	655	36.90
115	11	660	20.38
115	11	661	34.42
115	11	681	33.90
115	11	687	41.79
115	11	691	17.13
115	11	707	19.06
115	11	754	15.18
115	11	757	16.13
115	11,42	80	64.69
115	11,42	132	36.92
115	11,42	139	40.06
115	11,42	149	52.79
115	11,42	260	32.17
115	11,42	315	70.61
115	11,42	317	56.70
115	11,42	333	68.25
115	11,42	349	51.80
115	11,42	365	61.34
115	11,42	394	36.38
115	11,42	519	59.23
115	11,42	588	41.86
115	11,42	630	60.20
115	11,42	681	57.77
115	11,42	691	34.41
115	12	22	29.55
115	12	25	17.51
115	12	81	46.85
115	12	90	50.23
115	12	98	39.62
115	12	102	27.13
115	12	103	51.89
115	12	115	13.92
115	12	130	42.55
115	12	141	16.59
115	12	163	41.96
115	12	172	19.28
115	12	181	29.00
115	12	183	47.17
115	12	184	41.77
115	12	199	23.15
115	12	210	31.15
115	12	225	40.86
115	12	227	15.44
115	12	230	60.80
115	12	255	15.66
115	12	280	35.42
115	12	303	19.86
115	12	306	15.48
115	12	341	44.11
115	12	390	16.20
115	12	396	15.83
115	12	397	22.86
115	12	398	23.85
115	12	404	69.75
115	12	410	13.52
115	12	411	35.59
115	12	413	44.87
115	12	414	51.62
115	12	431	33.73
115	12	435	20.38
115	12	446	28.23
115	12	479	16.15
115	12	531	44.27
115	12	533	17.49
115	12	541	18.39
115	12	611	23.41
115	12	612	19.65
115	12	624	15.46
115	12	670	43.68
115	12	672	15.62
115	12	703	15.82
115	12	735	48.00
115	12,19	103	65.08
115	12,19	115	25.99
115	12,19	141	30.63
115	12,19	183	63.41
115	12,19	227	27.13
115	12,19	255	31.48
115	12,19	341	57.89
115	12,19	413	58.56
115	12,19	446	42.56
115	12,19	531	56.18
115	12,19	670	58.03
115	12,41	102	41.04
115	12,41	103	64.01
115	12,41	115	26.21
115	12,41	130	55.38
115	12,41	141	30.04
115	12,41	183	59.86
115	12,41	227	29.03
115	12,41	255	27.62
115	12,41	306	27.21
115	12,41	341	56.32
115	12,41	413	57.39
115	12,41	435	34.31
115	12,41	446	42.25
115	12,41	531	53.76
115	12,41	670	54.80
115	13	81	54.70
115	13	90	59.99
115	13	98	58.21
115	13	103	58.58
115	13	111	27.93
115	13	115	24.11
115	13	141	22.35
115	13	183	58.93
115	13	184	54.56
115	13	227	24.65
115	13	255	28.46
115	13	264	52.18
115	13	281	45.37
115	13	341	51.92
115	13	404	81.35
115	13	414	61.61
115	13	420	67.10
115	13	446	46.73
115	13	476	48.37
115	13	531	51.56
115	13	559	56.01
115	13	670	55.61
115	13	747	33.58
115	13,35	115	40.21
115	13,35	227	45.27
115	13,35	531	68.45
115	13,35	559	75.80
115	13,57	115	38.27
115	13,57	183	71.35
115	13,57	227	42.41
115	13,57	255	40.08
115	13,57	446	59.08
115	13,57	531	66.54
115	13,57	670	65.56
115	14	2	30.10
115	14	20	42.61
115	14	38	20.77
115	14	56	32.21
115	14	65	48.48
115	14	67	46.52
115	14	78	20.13
115	14	79	33.37
115	14	82	38.97
115	14	89	41.96
115	14	110	50.65
115	14	125	51.92
115	14	224	22.10
115	14	232	53.63
115	14	286	62.49
115	14	304	45.14
115	14	308	39.23
115	14	316	39.28
115	14	319	40.75
115	14	327	35.24
115	14	380	61.93
115	14	427	37.35
115	14	536	22.31
115	14	544	47.69
115	14	643	45.34
115	14	677	37.45
115	15	12	22.73
115	15	21	19.35
115	15	46	50.37
115	15	75	19.15
115	15	85	19.44
115	15	99	30.68
115	15	109	21.30
115	15	113	20.75
115	15	117	24.20
115	15	121	42.20
115	15	158	41.59
115	15	160	22.51
115	15	206	63.99
115	15	207	43.10
115	15	216	64.01
115	15	243	21.66
115	15	254	21.45
115	15	265	44.38
115	15	269	21.46
115	15	294	22.18
115	15	296	17.30
115	15	350	29.10
115	15	359	30.62
115	15	375	18.20
115	15	384	39.51
115	15	400	22.87
115	15	406	26.52
115	15	425	32.73
115	15	434	28.32
115	15	445	49.11
115	15	449	41.79
115	15	493	22.66
115	15	497	26.27
115	15	515	44.27
115	15	521	18.13
115	15	562	18.99
115	15	618	34.55
115	15	650	40.10
115	15	654	19.72
115	15	695	34.37
115	15	697	19.70
115	15	749	38.56
115	15,18	109	35.59
115	15,18	117	39.92
115	15,18	121	62.32
115	15,18	158	64.11
115	15,18	207	64.90
115	15,18	243	36.44
115	15,18	254	39.04
115	15,18	269	35.93
115	15,18	296	34.86
115	15,18	359	42.42
115	15,18	375	35.20
115	15,18	384	59.28
115	15,18	406	49.38
115	15,18	425	54.89
115	15,18	434	41.15
115	15,18	449	62.32
115	15,18	493	37.27
115	15,18	650	76.59
115	15,18	697	37.59
115	15,18	749	60.10
115	15,37	12	31.77
115	15,37	21	26.70
115	15,37	75	27.92
115	15,37	85	27.25
115	15,37	99	38.97
115	15,37	113	29.83
115	15,37	121	53.00
115	15,37	158	50.94
115	15,37	160	33.18
115	15,37	294	31.31
115	15,37	296	27.24
115	15,37	350	38.54
115	15,37	359	40.23
115	15,37	375	27.06
115	15,37	406	36.45
115	15,37	425	43.17
115	15,37	434	41.96
115	15,37	449	50.31
115	15,37	497	35.79
115	15,37	521	27.38
115	15,37	562	26.62
115	15,37	650	63.80
115	15,37	654	28.14
115	15,37	695	60.55
115	15,37	697	29.65
115	15,37	749	48.04
115	15,49	109	33.20
115	15,49	117	37.34
115	15,49	121	59.90
115	15,49	158	62.87
115	15,49	207	63.63
115	15,49	243	33.92
115	15,49	254	36.34
115	15,49	269	33.52
115	15,49	296	33.48
115	15,49	359	39.66
115	15,49	375	33.80
115	15,49	384	57.92
115	15,49	406	42.52
115	15,49	425	47.56
115	15,49	434	39.96
115	15,49	449	61.01
115	15,49	493	34.77
115	15,49	650	75.37
115	15,49	697	34.83
115	15,49	749	58.80
115	15,53	12	40.37
115	15,53	21	35.07
115	15,53	75	34.69
115	15,53	85	35.41
115	15,53	99	45.93
115	15,53	109	37.92
115	15,53	113	37.76
115	15,53	117	42.38
115	15,53	121	59.52
115	15,53	158	58.62
115	15,53	160	42.13
115	15,53	207	59.65
115	15,53	243	38.41
115	15,53	254	38.76
115	15,53	269	38.25
115	15,53	294	38.75
115	15,53	296	33.32
115	15,53	350	45.25
115	15,53	359	46.24
115	15,53	375	34.14
115	15,53	384	64.92
115	15,53	400	40.32
115	15,53	406	43.70
115	15,53	425	49.68
115	15,53	434	48.82
115	15,53	449	57.59
115	15,53	493	39.80
115	15,53	497	42.27
115	15,53	521	34.80
115	15,53	562	35.70
115	15,53	650	70.87
115	15,53	654	35.61
115	15,53	695	64.11
115	15,53	697	36.06
115	15,53	749	55.08
115	16	90	54.94
115	16	98	57.80
115	16	107	53.21
115	16	115	23.01
115	16	163	39.55
115	16	183	47.55
115	16	184	52.01
115	16	204	32.28
115	16	266	65.21
115	16	285	61.15
115	16	306	23.30
115	16	324	62.68
115	16	413	54.65
115	16	414	56.21
115	16	419	58.61
115	16	435	28.99
115	16	499	25.59
115	16	505	32.66
115	16	509	55.76
115	16	531	50.96
115	16	670	52.65
115	16	682	54.76
115	16	720	70.37
115	16,30	204	48.37
115	16,30	419	79.51
115	16,30	499	44.63
115	16,30	505	50.45
115	16,57	115	44.04
115	16,57	183	74.34
115	16,57	204	58.75
115	16,57	306	43.03
115	16,57	413	77.59
115	16,57	435	55.73
115	16,57	505	55.04
115	16,57	531	72.23
115	16,57	670	70.72
115	17	96	19.85
115	17	97	43.04
115	17	106	41.35
115	17	108	50.54
115	17	118	44.04
115	17	151	42.23
115	17	170	56.87
115	17	212	42.69
115	17	270	18.54
115	17	273	20.11
115	17	312	30.17
115	17	338	19.55
115	17	356	48.70
115	17	361	42.66
115	17	364	23.59
115	17	376	41.76
115	17	385	62.59
115	17	422	40.82
115	17	430	23.89
115	17	441	36.08
115	17	486	29.48
115	17	495	34.04
115	17	519	41.03
115	17	593	52.79
115	17	608	48.97
115	17	629	31.63
115	17	656	23.45
115	17	715	18.96
115	17,31	106	61.17
115	17,31	108	68.87
115	17,31	270	38.38
115	17,31	273	39.66
115	17,31	312	39.99
115	17,31	338	40.31
115	17,31	361	57.06
115	17,31	376	63.10
115	17,31	422	56.00
115	17,31	430	47.58
115	17,31	441	53.28
115	17,31	495	53.25
115	17,31	629	53.77
115	17,31	715	37.79
115	18	18	25.20
115	18	36	23.54
115	18	39	23.68
115	18	42	19.99
115	18	46	51.86
115	18	57	19.46
115	18	109	15.61
115	18	112	21.49
115	18	117	17.17
115	18	121	37.00
115	18	158	42.27
115	18	182	19.99
115	18	197	18.66
115	18	206	64.28
115	18	207	42.38
115	18	216	65.85
115	18	243	16.07
115	18	245	46.04
115	18	254	17.79
115	18	265	46.90
115	18	269	15.76
115	18	278	38.34
115	18	296	19.58
115	18	297	18.30
115	18	321	50.59
115	18	346	22.97
115	18	359	25.39
115	18	371	17.39
115	18	372	46.77
115	18	375	19.20
115	18	384	47.70
115	18	406	26.25
115	18	424	20.34
115	18	425	29.58
115	18	434	26.21
115	18	445	48.75
115	18	448	32.49
115	18	449	43.21
115	18	453	62.45
115	18	464	20.73
115	18	466	22.06
115	18	481	21.92
115	18	492	24.65
115	18	493	16.04
115	18	506	41.69
115	18	512	20.41
115	18	515	44.77
115	18	518	19.68
115	18	526	25.94
115	18	528	16.83
115	18	534	21.79
115	18	537	19.34
115	18	551	26.04
115	18	570	30.56
115	18	572	26.58
115	18	577	23.75
115	18	599	27.46
115	18	609	21.99
115	18	618	38.07
115	18	622	18.48
115	18	628	46.24
115	18	631	26.32
115	18	650	52.93
115	18	674	21.58
115	18	676	38.86
115	18	685	18.62
115	18	688	19.51
115	18	689	21.20
115	18	690	39.18
115	18	697	17.77
115	18	708	18.28
115	18	714	23.10
115	18	737	21.20
115	18	740	22.65
115	18	744	22.39
115	18	749	38.07
115	18	765	36.73
115	18	766	21.08
115	18,24	39	43.65
115	18,24	57	38.24
115	18,24	109	35.46
115	18,24	112	41.61
115	18,24	117	39.42
115	18,24	121	59.15
115	18,24	197	38.89
115	18,24	243	36.21
115	18,24	254	38.73
115	18,24	269	35.79
115	18,24	372	69.34
115	18,24	384	67.20
115	18,24	424	39.69
115	18,24	493	36.92
115	18,24	506	62.44
115	18,24	512	42.58
115	18,24	528	36.75
115	18,24	599	55.72
115	18,24	628	67.39
115	18,24	674	50.11
115	18,24	676	62.21
115	18,24	688	41.10
115	18,24	689	42.79
115	18,24	697	37.39
115	18,24	737	42.79
115	18,37	121	64.77
115	18,37	158	61.39
115	18,37	296	37.10
115	18,37	359	45.49
115	18,37	375	36.31
115	18,37	406	47.13
115	18,37	425	56.96
115	18,37	434	43.48
115	18,37	449	64.23
115	18,37	650	79.76
115	18,37	697	39.51
115	18,37	749	57.85
115	18,49	18	36.56
115	18,49	36	33.99
115	18,49	39	33.04
115	18,49	42	29.41
115	18,49	57	28.49
115	18,49	109	25.68
115	18,49	112	31.03
115	18,49	117	28.08
115	18,49	121	47.18
115	18,49	158	52.28
115	18,49	182	29.79
115	18,49	197	28.44
115	18,49	207	52.06
115	18,49	243	26.06
115	18,49	254	28.00
115	18,49	269	25.99
115	18,49	296	28.97
115	18,49	297	28.75
115	18,49	346	33.82
115	18,49	359	35.61
115	18,49	371	28.51
115	18,49	372	57.75
115	18,49	375	28.42
115	18,49	384	56.93
115	18,49	406	36.30
115	18,49	424	29.55
115	18,49	425	39.63
115	18,49	434	35.97
115	18,49	448	42.11
115	18,49	449	52.23
115	18,49	464	32.03
115	18,49	466	32.08
115	18,49	481	32.04
115	18,49	492	35.63
115	18,49	493	26.23
115	18,49	506	51.44
115	18,49	512	30.72
115	18,49	518	29.76
115	18,49	526	38.41
115	18,49	528	26.66
115	18,49	534	31.99
115	18,49	537	29.41
115	18,49	551	35.86
115	18,49	570	40.27
115	18,49	572	37.41
115	18,49	577	33.42
115	18,49	599	39.27
115	18,49	622	29.28
115	18,49	628	55.80
115	18,49	631	35.55
115	18,49	650	62.85
115	18,49	674	33.75
115	18,49	676	49.00
115	18,49	685	28.58
115	18,49	688	29.41
115	18,49	689	31.15
115	18,49	690	49.24
115	18,49	697	27.17
115	18,49	708	28.28
115	18,49	714	33.23
115	18,49	737	31.15
115	18,49	740	32.77
115	18,49	749	47.62
115	18,49	765	47.04
115	18,49	766	31.04
115	18,52	18	40.49
115	18,52	36	38.07
115	18,52	39	36.28
115	18,52	42	32.62
115	18,52	57	31.41
115	18,52	109	28.75
115	18,52	112	34.24
115	18,52	117	31.73
115	18,52	121	54.28
115	18,52	158	59.70
115	18,52	182	33.46
115	18,52	197	31.61
115	18,52	207	59.15
115	18,52	243	29.24
115	18,52	254	31.34
115	18,52	269	29.06
115	18,52	296	32.08
115	18,52	297	32.37
115	18,52	346	37.61
115	18,52	359	40.00
115	18,52	371	32.10
115	18,52	372	64.63
115	18,52	375	31.35
115	18,52	384	57.63
115	18,52	406	39.72
115	18,52	424	32.61
115	18,52	425	42.83
115	18,52	434	41.42
115	18,52	448	44.20
115	18,52	449	58.82
115	18,52	464	36.27
115	18,52	466	35.68
115	18,52	481	35.68
115	18,52	492	39.83
115	18,52	493	29.62
115	18,52	506	54.46
115	18,52	512	34.45
115	18,52	518	33.56
115	18,52	526	42.92
115	18,52	528	29.76
115	18,52	534	35.68
115	18,52	537	32.90
115	18,52	551	39.03
115	18,52	570	43.61
115	18,52	572	43.92
115	18,52	577	36.54
115	18,52	599	44.72
115	18,52	622	33.56
115	18,52	628	62.68
115	18,52	631	38.52
115	18,52	650	70.44
115	18,52	674	39.20
115	18,52	676	52.65
115	18,52	685	32.21
115	18,52	688	33.04
115	18,52	689	34.79
115	18,52	690	52.89
115	18,52	697	30.28
115	18,52	708	31.92
115	18,52	714	36.86
115	18,52	737	34.79
115	18,52	740	36.41
115	18,52	749	54.49
115	18,52	765	50.69
115	18,52	766	34.68
115	18,53	109	37.23
115	18,53	117	41.38
115	18,53	121	68.30
115	18,53	158	57.77
115	18,53	207	58.87
115	18,53	243	37.68
115	18,53	254	37.93
115	18,53	269	37.58
115	18,53	296	32.62
115	18,53	359	53.20
115	18,53	375	33.55
115	18,53	384	60.25
115	18,53	406	42.83
115	18,53	425	48.93
115	18,53	434	38.80
115	18,53	449	56.97
115	18,53	493	38.89
115	18,53	650	70.00
115	18,53	697	35.35
115	18,53	749	54.39
115	19	81	53.31
115	19	90	54.35
115	19	98	46.75
115	19	103	56.44
115	19	107	50.30
115	19	115	18.25
115	19	141	21.85
115	19	183	53.94
115	19	184	49.69
115	19	227	18.27
115	19	255	23.58
115	19	264	45.42
115	19	281	45.28
115	19	341	49.15
115	19	343	38.62
115	19	404	75.93
115	19	413	49.49
115	19	414	55.66
115	19	446	35.79
115	19	476	44.06
115	19	531	48.31
115	19	559	50.15
115	19	670	50.76
115	19	747	29.87
115	19,41	103	64.44
115	19,41	115	25.54
115	19,41	141	29.87
115	19,41	183	62.08
115	19,41	227	26.23
115	19,41	255	43.34
115	19,41	341	57.17
115	19,41	413	57.52
115	19,41	446	41.72
115	19,41	531	55.79
115	19,41	670	68.70
115	20	3	26.17
115	20	7	17.44
115	20	29	44.10
115	20	41	39.77
115	20	60	18.92
115	20	97	37.13
115	20	100	56.21
115	20	108	41.07
115	20	118	46.97
115	20	124	31.76
115	20	128	22.27
115	20	133	17.49
115	20	162	15.23
115	20	219	15.97
115	20	270	16.59
115	20	272	12.28
115	20	273	16.48
115	20	299	22.31
115	20	314	43.58
115	20	332	18.37
115	20	338	16.61
115	20	345	20.23
115	20	357	19.38
115	20	361	33.73
115	20	367	35.04
115	20	368	18.18
115	20	403	23.70
115	20	407	18.59
115	20	430	18.69
115	20	456	17.55
115	20	463	47.79
115	20	473	46.01
115	20	475	20.41
115	20	480	44.07
115	20	494	40.48
115	20	495	23.51
115	20	501	42.17
115	20	507	12.46
115	20	538	34.06
115	20	539	16.90
115	20	549	17.83
115	20	560	17.80
115	20	561	18.77
115	20	576	19.54
115	20	604	19.14
115	20	615	26.72
115	20	629	37.69
115	20	633	17.90
115	20	635	18.23
115	20	651	23.42
115	20	653	38.35
115	20	662	18.03
115	20	664	15.23
115	20	678	33.46
115	20	710	45.66
115	20	711	15.32
115	20	715	16.51
115	20	724	19.34
115	20	726	49.23
115	20	727	17.04
115	20	728	31.51
115	20	730	18.23
115	20	745	18.52
115	20	751	34.00
115	20	752	17.90
115	20	753	18.13
115	20	760	17.73
115	20	768	18.13
115	20	769	18.13
115	21	5	41.77
115	21	16	20.20
115	21	42	21.21
115	21	46	48.20
115	21	66	20.49
115	21	74	18.34
115	21	95	33.31
115	21	99	28.54
115	21	113	17.15
115	21	114	28.86
115	21	136	31.15
115	21	158	38.24
115	21	182	23.28
115	21	206	67.00
115	21	207	42.23
115	21	241	20.65
115	21	267	21.32
115	21	296	20.42
115	21	297	23.27
115	21	336	20.87
115	21	346	22.66
115	21	350	28.99
115	21	359	32.66
115	21	400	19.34
115	21	401	33.15
115	21	406	25.49
115	21	425	34.00
115	21	434	45.75
115	21	445	48.63
115	21	449	44.45
115	21	481	19.35
115	21	497	24.27
115	21	521	20.90
115	21	526	24.94
115	21	534	20.28
115	21	551	30.25
115	21	562	20.69
115	21	570	31.20
115	21	609	19.49
115	21	618	36.52
115	21	632	20.34
115	21	650	52.35
115	21	694	22.75
115	21	695	45.15
115	21	698	19.77
115	21	704	19.35
115	21	732	19.41
115	21	740	24.01
115	21	744	19.61
115	21	756	21.34
115	21,27	42	31.30
115	21,27	74	34.54
115	21,27	99	43.30
115	21,27	113	35.28
115	21,27	158	54.61
115	21,27	207	54.55
115	21,27	296	32.04
115	21,27	350	43.20
115	21,27	359	39.41
115	21,27	400	36.92
115	21,27	406	38.86
115	21,27	425	40.97
115	21,27	434	52.45
115	21,27	497	38.49
115	21,27	650	62.48
115	21,27	695	52.28
115	21,27	756	36.37
115	21,55	16	35.69
115	21,55	42	37.24
115	21,55	66	37.06
115	21,55	74	34.21
115	21,55	99	43.63
115	21,55	113	33.85
115	21,55	158	54.72
115	21,55	207	58.20
115	21,55	296	36.45
115	21,55	336	37.65
115	21,55	350	44.83
115	21,55	359	48.08
115	21,55	400	36.37
115	21,55	406	42.07
115	21,55	425	50.17
115	21,55	434	62.24
115	21,55	449	60.03
115	21,55	497	39.52
115	21,55	521	37.24
115	21,55	562	37.13
115	21,55	632	36.92
115	21,55	650	68.97
115	21,55	695	62.06
115	21,55	756	37.37
115	22	19	39.35
115	22	28	55.03
115	22	156	33.83
115	22	177	36.20
115	22	261	53.99
115	22	277	23.42
115	22	311	30.56
115	22	328	34.82
115	22	335	36.21
115	22	339	20.27
115	22	340	28.75
115	22	347	51.38
115	22	353	38.54
115	22	360	18.13
115	22	377	28.01
115	22	423	51.76
115	22	438	17.51
115	22	440	18.99
115	22	483	20.23
115	22	485	18.11
115	22	510	47.48
115	22	514	50.46
115	22	529	41.25
115	22	532	26.03
115	22	553	45.48
115	22	566	36.61
115	22	578	28.77
115	22	582	59.76
115	22	592	44.18
115	22	602	24.30
115	22	607	30.49
115	22	733	23.77
115	22,44	28	79.94
115	22,44	177	53.34
115	22,44	261	78.45
115	22,44	311	43.20
115	22,44	335	58.96
115	22,44	339	39.70
115	22,44	340	42.55
115	22,44	347	67.44
115	22,44	423	67.20
115	22,44	438	39.24
115	22,44	510	63.97
115	22,44	553	71.62
115	22,44	566	50.18
115	22,44	578	51.28
115	22,44	582	76.55
115	22,44	592	67.59
115	22,44	607	58.11
115	22,44	733	37.55
115	23	2	22.61
115	23	11	9.56
115	23	20	33.49
115	23	27	19.55
115	23	38	9.46
115	23	40	27.15
115	23	56	19.83
115	23	65	43.42
115	23	67	41.31
115	23	78	11.30
115	23	79	17.55
115	23	82	39.49
115	23	110	44.69
115	23	153	14.37
115	23	218	14.73
115	23	224	8.61
115	23	232	42.93
115	23	239	22.56
115	23	244	8.55
115	23	268	21.08
115	23	282	32.97
115	23	287	19.27
115	23	289	11.90
115	23	304	35.76
115	23	308	29.42
115	23	316	29.01
115	23	355	13.93
115	23	393	16.28
115	23	429	18.48
115	23	450	13.75
115	23	459	11.66
115	23	474	41.18
115	23	488	12.25
115	23	525	18.89
115	23	536	13.17
115	23	575	18.20
115	23	639	10.31
115	23	643	39.31
115	23	671	34.37
115	23	677	31.01
115	23	761	14.87
115	23,54	2	30.65
115	23,54	11	17.00
115	23,54	20	40.17
115	23,54	27	27.72
115	23,54	38	16.93
115	23,54	40	35.72
115	23,54	56	27.87
115	23,54	65	51.76
115	23,54	67	50.45
115	23,54	78	18.41
115	23,54	79	29.72
115	23,54	82	40.48
115	23,54	110	54.01
115	23,54	153	22.17
115	23,54	218	22.32
115	23,54	224	16.93
115	23,54	244	17.01
115	23,54	268	29.62
115	23,54	282	41.58
115	23,54	287	26.86
115	23,54	289	18.92
115	23,54	308	36.99
115	23,54	316	35.48
115	23,54	355	21.51
115	23,54	429	27.35
115	23,54	450	21.70
115	23,54	459	19.46
115	23,54	474	47.38
115	23,54	488	22.46
115	23,54	525	26.73
115	23,54	536	19.75
115	23,54	575	30.51
115	23,54	639	18.38
115	23,54	677	38.10
115	24	39	28.35
115	24	57	23.32
115	24	109	25.41
115	24	112	30.94
115	24	117	28.75
115	24	121	46.42
115	24	189	27.11
115	24	197	24.31
115	24	216	69.97
115	24	229	36.20
115	24	243	25.86
115	24	245	50.03
115	24	254	27.30
115	24	265	52.65
115	24	269	25.58
115	24	276	35.03
115	24	310	28.17
115	24	331	22.23
115	24	372	45.72
115	24	384	52.85
115	24	424	23.92
115	24	493	27.03
115	24	506	47.37
115	24	512	29.80
115	24	515	52.03
115	24	528	26.11
115	24	596	22.86
115	24	599	39.32
115	24	613	28.55
115	24	628	48.62
115	24	674	37.97
115	24	676	45.62
115	24	688	26.56
115	24	689	28.65
115	24	697	26.52
115	24	737	29.28
115	25	73	52.66
115	25	84	53.34
115	25	86	51.85
115	25	134	22.03
115	25	150	27.70
115	25	161	50.85
115	25	165	31.65
115	25	173	21.46
115	25	192	38.86
115	25	209	19.69
115	25	223	43.21
115	25	238	18.48
115	25	242	20.65
115	25	305	43.77
115	25	326	18.39
115	25	339	25.72
115	25	344	16.35
115	25	373	50.07
115	25	585	19.21
115	25	603	17.92
115	25	616	34.77
115	25	770	41.87
115	25,26	134	34.20
115	25,26	150	47.28
115	25,26	161	68.77
115	25,26	165	61.70
115	25,26	209	37.39
115	25,26	223	56.62
115	25,26	238	37.11
115	25,26	326	39.20
115	25,26	344	35.59
115	25,26	585	37.89
115	25,26	603	38.15
115	25,26	616	52.41
115	25,36	134	41.01
115	25,36	150	38.75
115	25,36	161	58.87
115	25,36	165	52.39
115	25,36	173	32.79
115	25,36	209	31.52
115	25,36	223	54.80
115	25,36	238	30.01
115	25,36	242	31.65
115	25,36	305	51.20
115	25,36	326	29.34
115	25,36	344	27.28
115	25,36	585	29.99
115	25,36	603	28.72
115	25,36	616	42.25
115	25,48	134	29.69
115	25,48	150	35.86
115	25,48	161	59.66
115	25,48	165	42.38
115	25,48	173	29.76
115	25,48	209	28.45
115	25,48	223	57.49
115	25,48	238	26.96
115	25,48	242	28.76
115	25,48	305	51.86
115	25,48	326	26.04
115	25,48	339	33.77
115	25,48	344	24.68
115	25,48	585	27.10
115	25,48	603	25.55
115	25,48	616	43.08
115	26	50	35.32
115	26	84	53.63
115	26	132	26.17
115	26	134	23.17
115	26	150	35.11
115	26	161	56.11
115	26	165	41.86
115	26	209	24.34
115	26	223	45.00
115	26	238	24.37
115	26	256	38.11
115	26	292	30.35
115	26	295	30.69
115	26	326	26.80
115	26	344	23.42
115	26	585	25.99
115	26	603	26.04
115	26	616	40.04
115	26	630	39.39
115	26	691	24.58
115	26,36	134	31.66
115	26,36	150	44.24
115	26,36	161	65.92
115	26,36	165	50.59
115	26,36	209	34.13
115	26,36	223	54.41
115	26,36	238	33.86
115	26,36	326	35.61
115	26,36	344	32.79
115	26,36	585	34.86
115	26,36	603	34.69
115	26,36	616	49.34
115	26,46	150	43.48
115	26,46	161	65.11
115	26,46	165	49.82
115	26,46	209	33.39
115	26,46	223	53.86
115	26,46	238	33.13
115	26,46	326	34.92
115	26,46	344	32.00
115	26,46	585	34.08
115	26,46	603	33.99
115	26,46	616	48.58
115	26,48	134	29.44
115	26,48	150	41.55
115	26,48	161	63.31
115	26,48	165	55.54
115	26,48	209	31.25
115	26,48	223	60.18
115	26,48	238	31.00
115	26,48	326	32.54
115	26,48	344	30.23
115	26,48	585	32.14
115	26,48	603	31.73
115	26,48	616	46.62
115	27	42	19.28
115	27	46	50.96
115	27	74	22.14
115	27	99	31.83
115	27	109	17.38
115	27	113	22.85
115	27	117	19.79
115	27	158	41.97
115	27	159	37.04
115	27	168	58.14
115	27	174	36.69
115	27	206	65.80
115	27	207	42.25
115	27	216	67.83
115	27	243	18.06
115	27	254	18.90
115	27	265	46.03
115	27	296	19.90
115	27	321	50.38
115	27	323	51.20
115	27	350	30.97
115	27	359	27.69
115	27	384	42.97
115	27	387	37.07
115	27	392	31.85
115	27	400	23.99
115	27	406	26.17
115	27	425	28.31
115	27	434	39.87
115	27	445	45.96
115	27	448	36.00
115	27	453	63.72
115	27	493	18.34
115	27	497	26.42
115	27	515	43.99
115	27	528	18.17
115	27	577	23.30
115	27	618	38.11
115	27	650	49.73
115	27	695	39.59
115	27	697	18.48
115	27	756	24.10
115	27,55	42	36.07
115	27,55	74	38.96
115	27,55	99	47.35
115	27,55	113	40.51
115	27,55	158	59.58
115	27,55	207	59.31
115	27,55	296	36.66
115	27,55	350	47.61
115	27,55	359	43.61
115	27,55	400	42.07
115	27,55	406	43.93
115	27,55	425	45.73
115	27,55	434	57.46
115	27,55	497	42.75
115	27,55	650	67.55
115	27,55	695	57.35
115	27,55	756	40.99
115	28	7	19.28
115	28	29	53.28
115	28	41	45.01
115	28	59	32.32
115	28	60	19.32
115	28	69	30.76
115	28	83	59.45
115	28	97	40.90
115	28	100	65.45
115	28	108	53.30
115	28	118	53.52
115	28	123	49.45
115	28	128	31.03
115	28	133	20.37
115	28	185	36.77
115	28	194	23.51
115	28	195	25.85
115	28	203	21.54
115	28	212	53.20
115	28	215	47.44
115	28	219	28.49
115	28	237	20.18
115	28	240	56.61
115	28	270	22.08
115	28	273	19.35
115	28	284	35.41
115	28	299	26.69
115	28	314	47.24
115	28	325	45.41
115	28	332	20.28
115	28	338	22.13
115	28	345	27.77
115	28	357	20.85
115	28	361	43.79
115	28	366	36.45
115	28	376	42.85
115	28	381	39.28
115	28	386	30.86
115	28	407	21.49
115	28	430	23.55
115	28	436	23.79
115	28	441	42.41
115	28	468	23.59
115	28	475	25.82
115	28	480	43.45
115	28	494	40.15
115	28	495	36.35
115	28	500	25.01
115	28	501	45.85
115	28	560	24.13
115	28	563	21.08
115	28	574	22.28
115	28	589	23.24
115	28	604	20.77
115	28	608	46.28
115	28	615	34.21
115	28	626	23.70
115	28	627	52.68
115	28	629	40.25
115	28	633	19.73
115	28	635	21.18
115	28	644	30.52
115	28	649	27.48
115	28	651	28.13
115	28	652	19.11
115	28	653	51.13
115	28	662	19.61
115	28	693	45.13
115	28	699	22.28
115	28	706	23.69
115	28	709	44.06
115	28	711	23.83
115	28	715	18.68
115	28	716	21.20
115	28	723	22.89
115	28	724	20.70
115	28	725	22.55
115	28	727	24.13
115	28	741	20.77
115	28	745	23.06
115	28	746	36.92
115	28	748	22.56
115	28	751	32.54
115	28	752	19.77
115	28	753	20.17
115	28	759	23.08
115	28	760	20.46
115	28	762	31.68
115	28	768	20.18
115	28	769	20.18
115	29	8	18.25
115	29	17	26.39
115	29	30	38.34
115	29	43	20.31
115	29	45	18.39
115	29	47	17.30
115	29	62	33.97
115	29	73	51.15
115	29	76	23.11
115	29	84	56.83
115	29	86	50.00
115	29	94	21.10
115	29	137	22.83
115	29	146	20.68
115	29	150	27.34
115	29	156	30.82
115	29	161	46.25
115	29	165	29.30
115	29	173	16.42
115	29	180	16.37
115	29	187	16.52
115	29	192	37.73
115	29	196	32.94
115	29	211	17.52
115	29	223	48.32
115	29	242	20.28
115	29	253	20.08
115	29	277	21.89
115	29	300	20.76
115	29	305	39.35
115	29	326	21.27
115	29	334	15.59
115	29	353	39.85
115	29	363	22.89
115	29	369	18.72
115	29	373	48.49
115	29	383	39.31
115	29	391	21.18
115	29	412	20.32
115	29	417	17.31
115	29	437	20.13
115	29	440	19.66
115	29	452	39.13
115	29	458	30.90
115	29	520	36.41
115	29	542	39.01
115	29	571	21.23
115	29	579	23.73
115	29	581	22.87
115	29	595	22.07
115	29	602	23.89
115	29	603	20.94
115	29	621	20.37
115	29	684	17.31
115	29	721	29.10
115	29	729	38.96
115	29	770	38.18
115	29,46	8	34.99
115	29,46	17	37.42
115	29,46	45	34.66
115	29,46	47	34.08
115	29,46	94	31.79
115	29,46	137	45.96
115	29,46	150	38.04
115	29,46	161	68.31
115	29,46	165	42.07
115	29,46	173	30.28
115	29,46	180	38.03
115	29,46	187	39.69
115	29,46	196	57.83
115	29,46	223	58.39
115	29,46	242	30.38
115	29,46	253	36.87
115	29,46	277	43.24
115	29,46	300	44.17
115	29,46	305	58.69
115	29,46	326	31.69
115	29,46	334	37.21
115	29,46	369	41.76
115	29,46	391	36.93
115	29,46	412	34.56
115	29,46	417	39.27
115	29,46	437	37.35
115	29,46	440	40.49
115	29,46	458	41.69
115	29,46	520	60.24
115	29,46	579	38.73
115	29,46	581	47.27
115	29,46	602	39.01
115	29,46	603	31.20
115	29,46	621	36.34
115	29,46	684	40.35
115	29,46	729	46.65
115	30	10	35.48
115	30	15	49.69
115	30	23	55.39
115	30	91	57.17
115	30	105	54.65
115	30	166	36.17
115	30	167	44.41
115	30	193	62.21
115	30	202	31.86
115	30	204	32.13
115	30	258	43.85
115	30	263	22.13
115	30	266	64.99
115	30	274	55.18
115	30	285	57.66
115	30	309	22.77
115	30	324	60.08
115	30	340	34.37
115	30	379	59.32
115	30	419	56.35
115	30	439	26.54
115	30	499	20.97
115	30	505	31.68
115	30	509	55.17
115	30	513	43.06
115	30	682	50.70
115	30	720	67.00
115	30	733	29.86
115	31	51	25.07
115	31	97	42.04
115	31	100	56.70
115	31	106	39.61
115	31	108	49.00
115	31	118	44.62
115	31	212	45.46
115	31	270	18.46
115	31	273	19.32
115	31	284	37.39
115	31	299	24.87
115	31	312	35.70
115	31	314	39.01
115	31	332	20.92
115	31	338	19.48
115	31	361	44.08
115	31	376	41.96
115	31	403	28.01
115	31	405	22.42
115	31	422	43.20
115	31	430	23.42
115	31	441	30.80
115	31	491	19.54
115	31	494	38.59
115	31	495	32.97
115	31	501	40.10
115	31	608	46.42
115	31	629	30.82
115	31	653	45.44
115	31	680	21.32
115	31	715	18.07
115	31,34	51	33.30
115	31,34	106	53.07
115	31,34	108	57.87
115	31,34	270	26.55
115	31,34	273	27.39
115	31,34	284	45.79
115	31,34	299	33.85
115	31,34	312	47.86
115	31,34	332	30.39
115	31,34	338	28.11
115	31,34	361	54.92
115	31,34	376	51.04
115	31,34	405	31.20
115	31,34	422	56.72
115	31,34	441	42.96
115	31,34	491	27.79
115	31,34	501	48.66
115	31,34	629	40.06
115	31,34	680	30.04
115	31,34	715	26.72
115	32	4	17.38
115	32	14	46.48
115	32	26	34.04
115	32	32	40.13
115	32	54	29.56
115	32	55	39.51
115	32	64	36.37
115	32	92	35.55
115	32	119	26.76
115	32	120	18.83
115	32	129	36.18
115	32	142	21.23
115	32	144	44.20
115	32	179	18.56
115	32	186	17.20
115	32	217	30.01
115	32	231	36.73
115	32	251	19.72
115	32	259	41.96
115	32	288	19.52
115	32	301	51.37
115	32	320	14.46
115	32	329	37.87
115	32	354	14.14
115	32	358	20.07
115	32	378	18.10
115	32	382	50.06
115	32	408	16.25
115	32	421	28.56
115	32	432	19.13
115	32	443	37.72
115	32	444	19.80
115	32	457	22.93
115	32	477	18.45
115	32	490	24.85
115	32	511	47.32
115	32	523	25.38
115	32	546	15.73
115	32	550	21.48
115	32	558	21.89
115	32	567	17.30
115	32	580	24.41
115	32	587	32.44
115	32	597	16.72
115	32	598	20.79
115	32	623	29.04
115	32	636	21.23
115	32	638	13.56
115	32	658	18.37
115	32	668	33.07
115	32	669	18.28
115	32	692	30.01
115	32	702	16.77
115	32	738	40.21
115	32	750	17.72
115	32,45	4	27.70
115	32,45	54	38.75
115	32,45	55	49.28
115	32,45	64	46.80
115	32,45	92	45.04
115	32,45	119	36.28
115	32,45	129	46.03
115	32,45	142	31.61
115	32,45	179	28.45
115	32,45	186	26.70
115	32,45	217	39.55
115	32,45	251	29.30
115	32,45	259	51.31
115	32,45	288	29.61
115	32,45	320	24.00
115	32,45	354	23.87
115	32,45	358	29.99
115	32,45	378	28.61
115	32,45	408	26.17
115	32,45	432	29.37
115	32,45	444	30.13
115	32,45	457	34.42
115	32,45	477	28.01
115	32,45	490	35.06
115	32,45	511	57.80
115	32,45	523	34.76
115	32,45	546	25.37
115	32,45	550	31.75
115	32,45	558	33.38
115	32,45	567	26.35
115	32,45	580	34.72
115	32,45	587	42.13
115	32,45	597	26.49
115	32,45	598	31.01
115	32,45	636	32.10
115	32,45	638	23.30
115	32,45	658	28.10
115	32,45	668	42.94
115	32,45	669	28.01
115	32,45	692	39.89
115	32,45	702	27.17
115	32,45	738	49.92
115	32,45	750	27.45
115	33	9	36.70
115	33	13	24.61
115	33	63	46.04
115	33	68	21.34
115	33	70	35.28
115	33	87	17.68
115	33	126	17.85
115	33	127	19.38
115	33	147	17.48
115	33	178	50.01
115	33	236	18.77
115	33	264	45.23
115	33	281	45.55
115	33	291	56.30
115	33	302	35.61
115	33	322	27.51
115	33	343	33.38
115	33	348	46.68
115	33	388	48.65
115	33	389	20.42
115	33	395	19.92
115	33	420	54.20
115	33	447	19.61
115	33	465	18.20
115	33	476	48.03
115	33	559	55.30
115	33	584	18.75
115	33	637	18.49
115	33	665	36.92
115	33	705	33.82
115	33	747	25.54
115	33	755	44.94
115	33,38	9	46.46
115	33,38	13	34.07
115	33,38	63	54.93
115	33,38	70	43.31
115	33,38	87	27.08
115	33,38	126	27.15
115	33,38	127	28.68
115	33,38	147	26.54
115	33,38	236	27.85
115	33,38	291	66.18
115	33,38	302	56.46
115	33,38	322	37.04
115	33,38	348	54.77
115	33,38	388	58.46
115	33,38	389	29.92
115	33,38	395	29.44
115	33,38	447	29.54
115	33,38	465	27.30
115	33,38	584	26.37
115	33,38	637	27.56
115	33,38	665	45.38
115	33,38	705	43.07
115	33,38	755	54.11
115	34	7	16.80
115	34	29	49.69
115	34	51	21.08
115	34	76	18.85
115	34	77	27.55
115	34	88	33.24
115	34	97	39.82
115	34	100	52.70
115	34	106	35.32
115	34	108	46.72
115	34	118	41.10
115	34	133	16.87
115	34	188	13.76
115	34	194	12.69
115	34	198	12.65
115	34	212	40.99
115	34	215	43.42
115	34	252	11.01
115	34	270	15.14
115	34	273	15.89
115	34	284	33.25
115	34	299	22.08
115	34	312	32.80
115	34	332	17.25
115	34	338	16.01
115	34	357	17.01
115	34	361	38.17
115	34	376	38.25
115	34	405	17.37
115	34	407	16.49
115	34	422	39.14
115	34	441	32.15
115	34	454	17.63
115	34	470	39.06
115	34	482	23.52
115	34	491	16.69
115	34	501	36.96
115	34	508	14.13
115	34	563	15.51
115	34	574	16.92
115	34	593	47.69
115	34	608	42.82
115	34	619	46.03
115	34	629	25.86
115	34	633	17.04
115	34	635	17.08
115	34	651	23.82
115	34	652	16.44
115	34	679	31.03
115	34	680	16.70
115	34	701	14.15
115	34	715	15.18
115	34	716	14.63
115	34	724	16.69
115	34	741	15.21
115	34	743	14.65
115	34	745	17.11
115	34	751	28.59
115	34	752	16.99
115	34	753	16.72
115	34	760	16.85
115	34	763	16.99
115	34	767	16.69
115	34	768	16.72
115	34	769	16.72
115	35	68	21.10
115	35	90	51.35
115	35	107	52.01
115	35	115	22.14
115	35	184	52.69
115	35	227	26.97
115	35	266	63.37
115	35	309	24.70
115	35	342	55.41
115	35	343	38.93
115	35	388	47.55
115	35	404	71.94
115	35	413	49.59
115	35	414	55.38
115	35	419	59.23
115	35	455	20.31
115	35	499	24.87
115	35	509	58.13
115	35	531	51.45
115	35	545	49.52
115	35	559	54.58
115	35	682	55.72
115	35	686	60.31
115	35	720	67.99
115	35,57	115	34.97
115	35,57	227	40.31
115	35,57	413	67.18
115	35,57	531	63.28
115	36	17	22.79
115	36	37	17.92
115	36	48	24.93
115	36	73	50.28
115	36	84	52.25
115	36	86	50.00
115	36	94	13.76
115	36	131	30.99
115	36	134	20.20
115	36	148	33.20
115	36	150	25.35
115	36	161	48.70
115	36	165	30.24
115	36	171	25.51
115	36	173	19.06
115	36	187	20.44
115	36	191	16.69
115	36	192	36.89
115	36	209	16.86
115	36	213	15.56
115	36	214	18.44
115	36	223	37.45
115	36	238	15.46
115	36	242	18.23
115	36	279	20.17
115	36	298	23.59
115	36	305	42.06
115	36	326	15.00
115	36	344	13.44
115	36	352	28.17
115	36	369	19.96
115	36	373	48.37
115	36	399	25.20
115	36	416	55.42
115	36	433	21.72
115	36	442	15.03
115	36	467	22.87
115	36	503	18.87
115	36	542	41.51
115	36	548	30.37
115	36	552	21.31
115	36	573	35.82
115	36	585	17.00
115	36	591	19.87
115	36	603	14.90
115	36	616	32.35
115	36	641	20.96
115	36	675	19.25
115	36	683	18.00
115	36	717	19.04
115	36	719	19.42
115	36	722	18.27
115	36	729	31.48
115	36	734	18.34
115	36	758	19.21
115	36	770	39.80
115	36,48	17	29.56
115	36,48	37	25.28
115	36,48	48	32.51
115	36,48	94	21.04
115	36,48	131	37.99
115	36,48	134	27.20
115	36,48	148	40.89
115	36,48	150	32.69
115	36,48	161	56.69
115	36,48	165	39.37
115	36,48	171	32.76
115	36,48	173	26.45
115	36,48	187	27.39
115	36,48	191	23.38
115	36,48	209	24.79
115	36,48	213	22.39
115	36,48	214	25.34
115	36,48	223	56.08
115	36,48	238	23.11
115	36,48	242	25.55
115	36,48	279	27.70
115	36,48	298	32.15
115	36,48	305	49.38
115	36,48	326	21.86
115	36,48	344	21.11
115	36,48	352	35.38
115	36,48	369	27.15
115	36,48	399	33.11
115	36,48	433	28.86
115	36,48	442	21.49
115	36,48	467	31.58
115	36,48	503	26.24
115	36,48	548	37.35
115	36,48	552	30.82
115	36,48	585	23.99
115	36,48	591	26.89
115	36,48	603	21.65
115	36,48	616	39.77
115	36,48	641	27.79
115	36,48	675	26.79
115	36,48	683	25.28
115	36,48	717	26.32
115	36,48	719	26.70
115	36,48	722	25.55
115	36,48	729	39.11
115	36,48	734	25.62
115	36,48	758	26.49
115	37	12	24.61
115	37	21	19.82
115	37	75	20.48
115	37	85	19.90
115	37	99	31.93
115	37	113	22.70
115	37	121	45.01
115	37	158	43.44
115	37	160	23.13
115	37	206	65.82
115	37	294	23.83
115	37	296	20.03
115	37	307	24.39
115	37	350	31.00
115	37	359	33.07
115	37	375	19.76
115	37	406	28.97
115	37	425	35.49
115	37	434	31.90
115	37	445	51.32
115	37	449	43.24
115	37	460	22.45
115	37	497	28.30
115	37	515	46.18
115	37	521	19.69
115	37	562	19.48
115	37	618	35.31
115	37	650	40.58
115	37	654	21.23
115	37	695	36.27
115	37	697	22.44
115	37	749	40.58
115	37,49	121	62.35
115	37,49	158	58.75
115	37,49	296	34.49
115	37,49	359	42.73
115	37,49	375	33.75
115	37,49	406	44.44
115	37,49	425	54.77
115	37,49	434	42.28
115	37,49	449	57.11
115	37,49	650	79.17
115	37,49	697	36.90
115	37,49	749	55.24
115	37,53	12	42.85
115	37,53	21	35.86
115	37,53	75	36.30
115	37,53	85	36.17
115	37,53	99	47.46
115	37,53	113	40.24
115	37,53	121	62.73
115	37,53	158	60.93
115	37,53	160	43.20
115	37,53	294	40.77
115	37,53	296	36.62
115	37,53	350	47.59
115	37,53	359	48.99
115	37,53	375	36.00
115	37,53	406	46.62
115	37,53	425	52.85
115	37,53	434	47.11
115	37,53	449	59.34
115	37,53	497	44.59
115	37,53	521	37.04
115	37,53	562	36.56
115	37,53	650	73.99
115	37,53	654	37.46
115	37,53	695	66.55
115	37,53	697	39.14
115	37,53	749	57.46
115	38	9	34.24
115	38	13	21.89
115	38	53	19.63
115	38	58	23.97
115	38	63	43.58
115	38	70	31.80
115	38	87	16.76
115	38	93	15.48
115	38	126	15.76
115	38	127	17.61
115	38	140	48.69
115	38	143	16.27
115	38	147	16.00
115	38	154	30.68
115	38	155	34.49
115	38	164	33.34
115	38	176	34.35
115	38	178	47.14
115	38	201	39.17
115	38	205	22.15
115	38	226	27.87
115	38	234	33.54
115	38	235	27.76
115	38	236	17.80
115	38	246	25.24
115	38	248	33.58
115	38	250	38.31
115	38	262	37.96
115	38	275	18.99
115	38	291	52.93
115	38	293	52.11
115	38	302	34.06
115	38	322	24.94
115	38	348	42.04
115	38	370	40.39
115	38	388	46.46
115	38	389	18.14
115	38	395	18.13
115	38	426	20.90
115	38	447	18.15
115	38	465	17.28
115	38	502	21.01
115	38	504	22.13
115	38	530	19.56
115	38	535	21.30
115	38	540	19.77
115	38	564	37.30
115	38	565	16.92
115	38	568	17.66
115	38	583	21.62
115	38	584	15.01
115	38	590	25.96
115	38	594	16.66
115	38	600	23.04
115	38	637	16.80
115	38	647	25.99
115	38	665	33.63
115	38	700	21.44
115	38	705	31.35
115	38	712	17.03
115	38	731	39.07
115	38	755	43.52
115	38	764	19.28
115	39	35	45.51
115	39	41	26.18
115	39	69	34.31
115	39	83	55.51
115	39	123	54.54
115	39	124	37.82
115	39	128	31.90
115	39	162	17.69
115	39	185	36.25
115	39	219	27.30
115	39	240	55.76
115	39	272	19.99
115	39	345	28.11
115	39	366	43.80
115	39	367	43.15
115	39	368	20.45
115	39	386	26.92
115	39	463	56.32
115	39	507	24.49
115	39	539	18.27
115	39	549	22.55
115	39	561	21.06
115	39	626	24.97
115	39	627	49.76
115	39	657	37.03
115	39	663	20.15
115	39	710	51.20
115	39,40	35	63.37
115	39,40	41	56.99
115	39,40	69	48.41
115	39,40	83	75.28
115	39,40	124	55.55
115	39,40	128	45.93
115	39,40	162	36.66
115	39,40	185	52.90
115	39,40	219	43.44
115	39,40	240	72.20
115	39,40	272	36.04
115	39,40	345	42.39
115	39,40	366	58.13
115	39,40	367	61.77
115	39,40	368	41.52
115	39,40	386	42.93
115	39,40	463	74.32
115	39,40	507	39.10
115	39,40	539	39.25
115	39,40	549	43.61
115	39,40	561	42.76
115	39,40	626	41.89
115	39,40	627	70.08
115	39,40	663	40.00
115	39,40	710	67.48
115	40	35	52.87
115	40	41	33.27
115	40	69	37.75
115	40	83	63.28
115	40	97	45.23
115	40	100	66.93
115	40	108	55.38
115	40	118	58.45
115	40	123	58.06
115	40	124	45.24
115	40	128	35.25
115	40	162	25.92
115	40	185	41.39
115	40	219	30.32
115	40	240	61.01
115	40	270	28.25
115	40	272	25.56
115	40	273	27.37
115	40	299	33.31
115	40	314	56.63
115	40	332	29.41
115	40	338	28.49
115	40	345	30.99
115	40	361	45.70
115	40	366	47.15
115	40	367	50.13
115	40	368	29.41
115	40	376	47.39
115	40	386	32.34
115	40	403	35.06
115	40	430	31.70
115	40	441	53.14
115	40	463	62.37
115	40	494	50.44
115	40	495	38.58
115	40	501	55.24
115	40	507	27.79
115	40	539	28.04
115	40	549	32.14
115	40	561	30.11
115	40	626	30.07
115	40	627	57.75
115	40	629	49.80
115	40	653	52.68
115	40	663	28.54
115	40	710	56.25
115	40	715	26.70
115	41	81	49.00
115	41	90	52.03
115	41	98	47.03
115	41	102	29.27
115	41	103	53.96
115	41	115	17.28
115	41	130	44.63
115	41	141	19.83
115	41	163	42.69
115	41	183	48.77
115	41	184	44.30
115	41	227	19.08
115	41	230	66.21
115	41	255	18.39
115	41	306	17.97
115	41	341	46.18
115	41	413	46.83
115	41	414	53.58
115	41	435	22.66
115	41	446	37.23
115	41	531	44.20
115	41	670	46.31
115	42	80	53.55
115	42	132	27.35
115	42	139	28.51
115	42	149	41.25
115	42	208	51.04
115	42	256	49.15
115	42	260	22.20
115	42	315	60.83
115	42	317	45.04
115	42	333	52.37
115	42	349	40.45
115	42	365	43.58
115	42	394	24.72
115	42	478	54.87
115	42	519	49.70
115	42	588	29.99
115	42	630	49.17
115	42	661	42.30
115	42	681	45.37
115	42	691	25.01
115	43	4	15.97
115	43	14	49.13
115	43	24	46.13
115	43	26	38.15
115	43	32	37.80
115	43	34	41.44
115	43	54	33.68
115	43	55	40.90
115	43	64	36.39
115	43	71	31.79
115	43	92	33.23
115	43	119	27.35
115	43	129	33.80
115	43	142	22.06
115	43	144	46.62
115	43	179	19.17
115	43	186	20.72
115	43	217	31.92
115	43	231	37.86
115	43	251	20.35
115	43	288	17.20
115	43	301	49.37
115	43	318	22.92
115	43	320	18.23
115	43	329	42.37
115	43	354	18.85
115	43	378	18.86
115	43	382	48.18
115	43	408	17.75
115	43	418	35.72
115	43	421	26.11
115	43	432	17.30
115	43	443	40.13
115	43	444	20.49
115	43	457	23.75
115	43	511	48.06
115	43	523	30.00
115	43	546	20.35
115	43	557	18.59
115	43	558	22.65
115	43	567	21.14
115	43	580	27.24
115	43	597	19.58
115	43	598	24.23
115	43	605	16.59
115	43	620	45.06
115	43	623	33.04
115	43	636	21.97
115	43	638	18.25
115	43	658	19.03
115	43	667	19.55
115	43	668	34.07
115	43	669	18.94
115	43	692	34.21
115	43	702	21.48
115	43	750	14.94
115	43,47	4	33.23
115	43,47	34	54.92
115	43,47	71	41.03
115	43,47	92	46.32
115	43,47	119	37.55
115	43,47	129	47.73
115	43,47	217	43.32
115	43,47	288	33.89
115	43,47	318	38.25
115	43,47	418	50.35
115	43,47	432	35.20
115	43,47	444	33.89
115	43,47	457	39.25
115	43,47	557	34.39
115	43,47	558	37.80
115	43,47	605	32.61
115	43,47	620	56.46
115	43,47	636	36.24
115	43,47	658	31.18
115	43,47	667	33.72
115	43,47	668	45.97
115	43,47	669	29.63
115	43,47	750	29.66
115	44	28	59.77
115	44	177	39.28
115	44	202	35.97
115	44	258	35.92
115	44	261	59.03
115	44	311	30.24
115	44	335	39.30
115	44	339	25.23
115	44	340	28.58
115	44	347	53.38
115	44	423	53.72
115	44	438	23.27
115	44	510	49.87
115	44	513	47.75
115	44	514	50.32
115	44	553	50.92
115	44	566	36.31
115	44	578	42.68
115	44	582	63.01
115	44	592	47.93
115	44	607	38.97
115	44	733	23.58
115	45	4	16.56
115	45	14	46.86
115	45	26	35.34
115	45	32	39.41
115	45	34	35.77
115	45	54	30.85
115	45	55	39.18
115	45	64	35.24
115	45	92	34.61
115	45	119	25.66
115	45	129	35.96
115	45	142	18.94
115	45	144	44.65
115	45	179	17.42
115	45	186	16.99
115	45	217	30.06
115	45	220	35.18
115	45	231	36.38
115	45	251	18.45
115	45	259	40.79
115	45	288	19.13
115	45	301	51.14
115	45	318	24.83
115	45	320	14.20
115	45	329	39.07
115	45	337	20.45
115	45	354	15.18
115	45	358	20.39
115	45	378	16.44
115	45	382	51.42
115	45	408	15.62
115	45	421	27.85
115	45	432	18.69
115	45	443	38.17
115	45	444	18.25
115	45	457	20.69
115	45	477	18.49
115	45	490	26.24
115	45	511	45.49
115	45	523	26.41
115	45	546	15.59
115	45	547	26.99
115	45	550	22.83
115	45	557	20.18
115	45	558	19.92
115	45	567	18.35
115	45	580	22.11
115	45	587	31.99
115	45	597	16.39
115	45	598	21.27
115	45	620	43.45
115	45	623	30.01
115	45	636	19.38
115	45	638	14.54
115	45	645	18.62
115	45	658	17.03
115	45	668	32.06
115	45	669	16.90
115	45	692	30.32
115	45	702	15.99
115	45	738	39.03
115	45	750	16.46
115	46	8	20.63
115	46	17	24.03
115	46	45	20.42
115	46	47	19.30
115	46	48	29.45
115	46	62	35.31
115	46	73	51.41
115	46	84	56.66
115	46	86	49.76
115	46	94	18.08
115	46	137	24.38
115	46	150	24.59
115	46	161	47.23
115	46	165	29.72
115	46	171	29.54
115	46	173	16.51
115	46	180	17.77
115	46	187	18.11
115	46	192	36.15
115	46	196	34.35
115	46	209	20.82
115	46	213	19.44
115	46	223	46.94
115	46	238	19.39
115	46	242	16.94
115	46	253	22.38
115	46	277	22.99
115	46	300	22.04
115	46	305	40.92
115	46	326	18.04
115	46	334	16.61
115	46	339	22.13
115	46	344	16.94
115	46	369	19.45
115	46	373	48.93
115	46	383	38.82
115	46	391	20.77
115	46	399	27.38
115	46	412	19.44
115	46	416	59.07
115	46	417	18.35
115	46	437	22.10
115	46	440	19.21
115	46	442	18.31
115	46	452	37.42
115	46	458	30.41
115	46	467	28.86
115	46	483	21.34
115	46	503	23.41
115	46	520	37.21
115	46	542	39.15
115	46	548	34.54
115	46	573	39.58
115	46	579	27.01
115	46	581	24.82
115	46	585	20.51
115	46	591	22.99
115	46	602	23.82
115	46	603	17.85
115	46	616	34.13
115	46	621	20.11
115	46	683	22.03
115	46	684	19.00
115	46	722	22.35
115	46	729	33.90
115	46	770	40.54
115	46,48	17	33.63
115	46,48	48	36.94
115	46,48	94	24.55
115	46,48	150	36.46
115	46,48	161	60.32
115	46,48	165	43.00
115	46,48	171	36.63
115	46,48	173	29.86
115	46,48	187	31.59
115	46,48	209	28.44
115	46,48	213	26.00
115	46,48	223	60.90
115	46,48	238	26.75
115	46,48	242	28.86
115	46,48	300	35.86
115	46,48	305	52.48
115	46,48	326	25.68
115	46,48	334	29.13
115	46,48	339	34.55
115	46,48	344	24.30
115	46,48	369	31.27
115	46,48	399	39.63
115	46,48	442	24.52
115	46,48	458	43.52
115	46,48	467	36.65
115	46,48	503	30.20
115	46,48	548	41.45
115	46,48	585	27.24
115	46,48	591	31.35
115	46,48	603	25.31
115	46,48	616	43.55
115	46,48	683	28.80
115	46,48	722	29.07
115	46,48	729	41.65
115	47	4	18.45
115	47	14	45.75
115	47	24	46.96
115	47	26	38.86
115	47	32	36.59
115	47	34	36.86
115	47	71	27.63
115	47	92	32.46
115	47	119	23.77
115	47	129	33.56
115	47	144	43.06
115	47	169	44.27
115	47	190	47.69
115	47	217	29.24
115	47	288	18.45
115	47	301	49.32
115	47	318	23.54
115	47	351	20.68
115	47	382	49.28
115	47	418	35.34
115	47	421	25.44
115	47	432	19.48
115	47	444	18.28
115	47	457	21.13
115	47	557	17.82
115	47	558	20.20
115	47	605	16.93
115	47	620	39.72
115	47	623	34.10
115	47	636	19.48
115	47	658	16.93
115	47	659	19.97
115	47	667	17.62
115	47	668	31.30
115	47	669	15.38
115	47	713	19.08
115	47	736	18.38
115	47	750	15.41
115	47,50	4	29.77
115	47,50	34	51.06
115	47,50	71	37.28
115	47,50	92	42.44
115	47,50	119	33.73
115	47,50	129	45.93
115	47,50	169	55.13
115	47,50	217	39.34
115	47,50	288	29.49
115	47,50	318	34.17
115	47,50	418	46.46
115	47,50	432	30.73
115	47,50	444	29.52
115	47,50	457	34.11
115	47,50	557	28.73
115	47,50	558	32.97
115	47,50	605	27.59
115	47,50	620	51.80
115	47,50	636	31.54
115	47,50	658	26.69
115	47,50	667	28.28
115	47,50	668	41.85
115	47,50	669	25.14
115	47,50	736	28.89
115	47,50	750	25.17
115	48	17	19.85
115	48	37	14.86
115	48	48	21.93
115	48	73	47.38
115	48	84	50.86
115	48	86	47.27
115	48	94	10.99
115	48	131	28.24
115	48	134	17.94
115	48	148	30.23
115	48	150	22.72
115	48	161	46.11
115	48	165	29.82
115	48	171	22.85
115	48	173	16.24
115	48	187	17.49
115	48	191	14.20
115	48	192	34.37
115	48	209	14.25
115	48	213	13.00
115	48	214	15.48
115	48	223	33.00
115	48	238	12.87
115	48	242	15.65
115	48	279	16.97
115	48	298	19.59
115	48	300	21.45
115	48	305	39.76
115	48	326	12.04
115	48	334	16.20
115	48	339	20.20
115	48	344	11.13
115	48	352	25.14
115	48	369	17.08
115	48	373	45.77
115	48	383	37.99
115	48	399	20.73
115	48	416	52.03
115	48	433	18.58
115	48	442	12.79
115	48	458	29.23
115	48	467	20.68
115	48	503	15.86
115	48	542	38.56
115	48	548	27.55
115	48	552	18.49
115	48	573	33.28
115	48	585	14.28
115	48	591	16.35
115	48	603	12.01
115	48	616	29.62
115	48	641	18.65
115	48	675	16.06
115	48	683	15.24
115	48	717	16.28
115	48	719	16.66
115	48	722	15.51
115	48	729	35.31
115	48	734	15.58
115	48	758	16.45
115	48	770	37.00
115	49	18	24.31
115	49	36	22.49
115	49	39	22.41
115	49	42	18.93
115	49	46	50.62
115	49	57	18.14
115	49	109	14.69
115	49	112	20.20
115	49	117	16.34
115	49	121	35.68
115	49	158	41.24
115	49	182	18.86
115	49	197	17.39
115	49	206	63.10
115	49	207	41.30
115	49	216	64.66
115	49	243	15.08
115	49	245	44.69
115	49	254	16.69
115	49	265	45.63
115	49	269	14.85
115	49	278	37.38
115	49	296	18.32
115	49	297	17.39
115	49	321	49.56
115	49	346	22.04
115	49	359	24.25
115	49	371	16.54
115	49	372	45.48
115	49	375	17.90
115	49	384	42.94
115	49	406	25.24
115	49	424	19.03
115	49	425	28.49
115	49	434	27.44
115	49	445	47.42
115	49	448	32.01
115	49	449	41.90
115	49	453	61.17
115	49	464	19.93
115	49	466	20.92
115	49	481	20.94
115	49	492	23.65
115	49	493	15.20
115	49	506	43.73
115	49	512	19.28
115	49	515	43.58
115	49	518	18.75
115	49	526	25.23
115	49	528	15.70
115	49	534	20.85
115	49	537	18.10
115	49	551	25.07
115	49	570	29.51
115	49	572	25.44
115	49	577	22.65
115	49	599	26.72
115	49	618	36.99
115	49	622	17.65
115	49	628	44.96
115	49	631	24.99
115	49	650	51.69
115	49	674	20.87
115	49	676	37.72
115	49	685	17.48
115	49	688	18.31
115	49	689	20.06
115	49	690	37.96
115	49	697	16.52
115	49	708	17.18
115	49	714	22.13
115	49	737	20.06
115	49	740	21.68
115	49	749	36.77
115	49	765	35.76
115	49	766	19.94
115	49,52	18	40.48
115	49,52	36	42.13
115	49,52	39	38.99
115	49,52	42	35.42
115	49,52	57	33.77
115	49,52	109	29.59
115	49,52	112	36.92
115	49,52	117	32.41
115	49,52	121	53.07
115	49,52	158	58.51
115	49,52	182	34.27
115	49,52	197	32.52
115	49,52	207	57.94
115	49,52	243	30.55
115	49,52	254	32.48
115	49,52	269	29.83
115	49,52	296	34.73
115	49,52	297	33.13
115	49,52	346	41.23
115	49,52	359	34.08
115	49,52	371	32.31
115	49,52	372	63.38
115	49,52	375	33.73
115	49,52	384	56.30
115	49,52	406	42.68
115	49,52	424	35.17
115	49,52	425	45.49
115	49,52	434	50.20
115	49,52	448	46.99
115	49,52	449	57.55
115	49,52	464	36.52
115	49,52	466	39.01
115	49,52	481	39.07
115	49,52	492	40.37
115	49,52	493	30.62
115	49,52	506	59.85
115	49,52	512	35.10
115	49,52	518	34.34
115	49,52	526	42.58
115	49,52	528	30.66
115	49,52	534	39.15
115	49,52	537	33.54
115	49,52	551	41.69
115	49,52	570	46.45
115	49,52	572	42.63
115	49,52	577	39.08
115	49,52	599	44.61
115	49,52	622	34.35
115	49,52	628	61.42
115	49,52	631	40.86
115	49,52	650	69.25
115	49,52	674	39.31
115	49,52	676	55.92
115	49,52	685	33.24
115	49,52	688	34.07
115	49,52	689	38.18
115	49,52	690	56.15
115	49,52	697	32.93
115	49,52	708	32.94
115	49,52	714	40.25
115	49,52	737	38.18
115	49,52	740	39.80
115	49,52	749	53.24
115	49,52	765	53.96
115	49,52	766	38.07
115	49,53	109	36.14
115	49,53	117	40.37
115	49,53	121	65.86
115	49,53	158	58.08
115	49,53	207	59.08
115	49,53	243	36.87
115	49,53	254	38.24
115	49,53	269	36.46
115	49,53	296	32.77
115	49,53	359	42.56
115	49,53	375	33.59
115	49,53	384	59.72
115	49,53	406	43.18
115	49,53	425	49.14
115	49,53	434	40.89
115	49,53	449	57.03
115	49,53	493	37.76
115	49,53	650	70.37
115	49,53	697	35.51
115	49,53	749	54.55
115	50	4	13.63
115	50	14	45.20
115	50	24	44.77
115	50	26	37.17
115	50	32	34.94
115	50	34	35.52
115	50	54	32.51
115	50	55	39.37
115	50	71	30.20
115	50	92	29.44
115	50	119	25.77
115	50	129	27.30
115	50	142	19.15
115	50	144	45.18
115	50	169	46.96
115	50	179	16.97
115	50	186	18.90
115	50	217	30.28
115	50	251	18.35
115	50	288	14.35
115	50	301	46.52
115	50	318	17.96
115	50	320	15.83
115	50	329	40.96
115	50	354	17.24
115	50	378	15.96
115	50	382	48.63
115	50	408	15.80
115	50	418	32.92
115	50	421	22.94
115	50	432	15.10
115	50	443	36.35
115	50	444	18.04
115	50	457	21.04
115	50	511	45.83
115	50	523	28.34
115	50	546	17.94
115	50	557	13.94
115	50	558	19.99
115	50	567	19.69
115	50	580	24.37
115	50	597	17.00
115	50	598	22.27
115	50	605	11.93
115	50	620	42.68
115	50	623	31.52
115	50	636	19.41
115	50	638	16.52
115	50	658	16.59
115	50	667	15.45
115	50	668	32.35
115	50	669	16.48
115	50	692	32.49
115	50	736	16.66
115	50	750	10.83
115	51	10	23.73
115	51	15	36.85
115	51	23	38.83
115	51	31	17.03
115	51	91	48.92
115	51	104	13.82
115	51	105	42.30
115	51	166	31.96
115	51	167	41.00
115	51	193	46.83
115	51	202	29.08
115	51	222	17.15
115	51	247	13.11
115	51	257	29.58
115	51	258	29.13
115	51	263	13.55
115	51	283	29.56
115	51	330	31.77
115	51	362	36.72
115	51	439	15.85
115	51	451	13.82
115	51	469	8.59
115	51	471	13.92
115	51	484	14.31
115	51	487	11.42
115	51	496	15.35
115	51	513	34.30
115	51	556	13.65
115	51	614	10.59
115	51	739	10.94
115	51	742	39.30
115	52	18	22.15
115	52	36	20.24
115	52	39	20.63
115	52	42	17.15
115	52	46	49.18
115	52	57	16.54
115	52	109	13.00
115	52	112	18.42
115	52	117	14.34
115	52	121	33.92
115	52	158	39.41
115	52	182	16.85
115	52	197	15.65
115	52	206	61.21
115	52	207	39.54
115	52	216	62.63
115	52	243	13.35
115	52	245	43.20
115	52	254	14.86
115	52	265	44.27
115	52	269	13.15
115	52	278	35.38
115	52	296	16.61
115	52	297	15.42
115	52	321	47.70
115	52	346	19.97
115	52	359	21.85
115	52	371	14.56
115	52	372	43.77
115	52	375	16.30
115	52	384	39.63
115	52	406	23.35
115	52	424	17.35
115	52	425	26.73
115	52	434	30.66
115	52	445	45.83
115	52	448	32.59
115	52	449	40.27
115	52	453	59.42
115	52	464	17.61
115	52	466	18.93
115	52	481	18.94
115	52	492	21.34
115	52	493	13.34
115	52	506	42.06
115	52	512	17.24
115	52	515	42.08
115	52	518	16.65
115	52	526	22.75
115	52	528	14.01
115	52	534	18.82
115	52	537	16.17
115	52	551	23.32
115	52	570	27.68
115	52	572	23.83
115	52	577	20.94
115	52	599	23.72
115	52	618	35.27
115	52	622	15.30
115	52	628	43.24
115	52	631	23.37
115	52	650	49.82
115	52	674	17.89
115	52	676	35.72
115	52	685	15.48
115	52	688	16.31
115	52	689	18.06
115	52	690	35.96
115	52	697	14.80
115	52	708	15.18
115	52	714	20.13
115	52	737	18.06
115	52	740	19.68
115	52	749	35.06
115	52	765	33.76
115	52	766	17.94
115	53	12	29.32
115	53	21	25.17
115	53	46	55.66
115	53	75	24.55
115	53	85	25.14
115	53	99	36.06
115	53	109	27.08
115	53	113	27.03
115	53	117	30.65
115	53	121	48.15
115	53	158	47.68
115	53	160	28.62
115	53	206	70.18
115	53	207	49.01
115	53	216	70.52
115	53	243	27.59
115	53	254	27.56
115	53	265	49.49
115	53	269	27.28
115	53	294	28.06
115	53	296	22.85
115	53	350	34.66
115	53	359	36.15
115	53	375	23.86
115	53	384	50.46
115	53	400	29.10
115	53	406	32.72
115	53	425	38.69
115	53	434	30.17
115	53	445	54.75
115	53	449	47.48
115	53	493	28.83
115	53	497	31.86
115	53	515	49.70
115	53	521	23.82
115	53	562	25.14
115	53	618	40.10
115	53	650	48.82
115	53	654	25.52
115	53	695	32.59
115	53	697	25.58
115	53	749	44.42
115	54	1	36.21
115	54	2	21.75
115	54	11	10.89
115	54	20	33.46
115	54	27	21.01
115	54	38	10.37
115	54	40	27.24
115	54	56	21.04
115	54	65	43.52
115	54	67	41.62
115	54	78	11.49
115	54	79	22.30
115	54	82	39.48
115	54	110	44.99
115	54	153	15.14
115	54	218	15.55
115	54	224	10.32
115	54	232	43.32
115	54	244	10.30
115	54	268	22.25
115	54	282	33.97
115	54	287	20.27
115	54	289	13.07
115	54	304	36.18
115	54	308	30.30
115	54	316	28.80
115	54	319	35.66
115	54	327	24.90
115	54	355	14.75
115	54	402	21.04
115	54	429	17.92
115	54	450	14.93
115	54	459	12.79
115	54	474	40.46
115	54	488	13.65
115	54	525	18.35
115	54	536	13.14
115	54	575	22.34
115	54	639	11.61
115	54	643	39.27
115	54	677	31.49
115	55	16	24.30
115	55	42	25.75
115	55	46	51.87
115	55	66	25.55
115	55	74	22.54
115	55	99	32.38
115	55	113	22.08
115	55	114	33.14
115	55	158	42.96
115	55	206	71.80
115	55	207	46.73
115	55	296	24.79
115	55	336	25.52
115	55	350	33.15
115	55	359	36.63
115	55	400	24.21
115	55	406	30.31
115	55	425	38.51
115	55	434	50.49
115	55	445	52.72
115	55	449	48.61
115	55	497	28.30
115	55	521	25.41
115	55	562	25.37
115	55	618	40.92
115	55	632	25.14
115	55	650	57.15
115	55	695	50.23
115	55	756	25.72
115	56	7	8.65
115	56	29	42.69
115	56	33	22.30
115	56	41	35.32
115	56	59	24.06
115	56	60	9.66
115	56	97	33.17
115	56	100	53.94
115	56	108	42.17
115	56	118	41.14
115	56	128	20.54
115	56	133	8.63
115	56	188	12.41
115	56	194	11.48
115	56	212	39.77
115	56	215	36.04
115	56	219	15.10
115	56	237	8.15
115	56	252	12.46
115	56	270	10.15
115	56	273	7.83
115	56	299	16.15
115	56	312	35.45
115	56	314	33.14
115	56	325	33.70
115	56	332	8.90
115	56	338	10.15
115	56	345	17.31
115	56	357	8.89
115	56	361	33.24
115	56	376	31.54
115	56	381	28.24
115	56	403	17.27
115	56	407	9.41
115	56	430	11.31
115	56	436	9.87
115	56	441	23.72
115	56	468	9.48
115	56	470	40.11
115	56	475	11.54
115	56	480	29.69
115	56	494	26.01
115	56	495	24.76
115	56	500	15.86
115	56	501	35.41
115	56	507	13.30
115	56	538	32.23
115	56	560	10.85
115	56	563	10.28
115	56	574	9.90
115	56	589	9.61
115	56	604	11.38
115	56	608	35.15
115	56	615	23.00
115	56	629	27.77
115	56	633	8.55
115	56	635	9.10
115	56	644	20.97
115	56	649	13.80
115	56	651	16.54
115	56	652	7.99
115	56	653	39.45
115	56	662	8.70
115	56	693	35.58
115	56	699	8.70
115	56	709	29.93
115	56	711	12.27
115	56	715	7.49
115	56	716	10.06
115	56	723	8.63
115	56	724	8.11
115	56	725	8.31
115	56	726	43.63
115	56	727	12.21
115	56	730	12.90
115	56	741	9.63
115	56	745	10.38
115	56	748	8.38
115	56	751	17.13
115	56	752	8.48
115	56	753	8.14
115	56	759	9.45
115	56	760	8.31
115	56	762	19.89
115	56	768	8.14
115	56	769	8.14
115	57	81	52.17
115	57	90	53.06
115	57	98	52.59
115	57	102	33.24
115	57	115	19.32
115	57	130	45.77
115	57	163	43.85
115	57	183	47.00
115	57	184	47.06
115	57	204	34.99
115	57	227	22.86
115	57	230	68.51
115	57	255	20.97
115	57	285	60.13
115	57	306	18.86
115	57	324	61.24
115	57	413	49.39
115	57	414	55.92
115	57	435	24.34
115	57	446	40.42
115	57	505	29.55
115	57	531	47.24
115	57	670	47.76
