Task=47 Orders=30 Vehicles=559 Scores=1978
47	1	1	31.18
47	1	8	18.46
47	1	14	18.93
47	1	18	37.15
47	1	23	20.31
47	1	38	33.49
47	1	50	56.96
47	1	51	22.80
47	1	72	42.27
47	1	94	45.62
47	1	115	22.82
47	1	160	18.06
47	1	200	44.79
47	1	202	50.65
47	1	215	35.25
47	1	222	44.01
47	1	224	56.89
47	1	248	21.85
47	1	249	45.23
47	1	252	26.93
47	1	274	24.86
47	1	302	57.04
47	1	331	43.27
47	1	334	59.32
47	1	399	31.94
47	1	483	20.03
47	1,9	1	48.04
47	1,9	14	38.62
47	1,9	23	39.21
47	1,9	38	56.82
47	1,9	72	52.39
47	1,9	94	61.66
47	1,9	215	57.21
47	1,9	222	56.24
47	1,9	224	71.35
47	1,9	302	72.03
47	1,9	483	34.72
47	2	9	30.75
47	2	11	48.62
47	2	21	43.08
47	2	37	21.86
47	2	49	17.70
47	2	55	37.30
47	2	70	46.38
47	2	89	13.76
47	2	96	11.13
47	2	107	13.38
47	2	109	48.44
47	2	134	26.30
47	2	156	12.20
47	2	158	42.13
47	2	166	39.68
47	2	185	12.72
47	2	188	33.35
47	2	189	20.18
47	2	190	24.00
47	2	192	34.89
47	2	210	54.61
47	2	232	47.92
47	2	235	25.13
47	2	247	18.03
47	2	263	44.28
47	2	306	42.49
47	2	307	24.97
47	2	311	16.03
47	2	316	36.63
47	2	317	15.83
47	2	323	20.03
47	2	345	37.21
47	2	382	21.61
47	2	383	16.65
47	2	385	30.89
47	2	390	12.69
47	2	397	29.83
47	2	406	39.49
47	2	407	26.20
47	2	414	26.56
47	2	421	13.56
47	2	422	21.46
47	2	431	16.30
47	2	436	31.37
47	2	438	38.99
47	2	450	12.31
47	2	452	17.51
47	2	458	11.62
47	2	471	30.56
47	2	477	34.30
47	2	504	27.18
47	2	533	41.14
47	2,11	9	45.65
47	2,11	37	35.34
47	2,11	49	33.35
47	2,11	89	27.65
47	2,11	96	25.27
47	2,11	107	30.54
47	2,11	134	40.77
47	2,11	156	26.38
47	2,11	158	55.79
47	2,11	185	27.14
47	2,11	188	55.62
47	2,11	189	33.46
47	2,11	190	39.08
47	2,11	192	45.92
47	2,11	235	40.18
47	2,11	247	32.77
47	2,11	307	40.77
47	2,11	311	29.86
47	2,11	316	49.70
47	2,11	317	31.51
47	2,11	323	38.20
47	2,11	345	52.48
47	2,11	382	36.82
47	2,11	383	33.79
47	2,11	385	46.54
47	2,11	390	30.35
47	2,11	397	43.07
47	2,11	406	55.39
47	2,11	407	40.63
47	2,11	414	40.72
47	2,11	421	28.82
47	2,11	422	35.68
47	2,11	431	32.46
47	2,11	436	41.30
47	2,11	450	29.13
47	2,11	452	32.25
47	2,11	458	27.79
47	2,11	471	44.87
47	2,11	477	49.18
47	2,11	504	43.42
47	2,11	533	55.45
47	3	27	45.59
47	3	61	48.11
47	3	78	45.59
47	3	131	69.75
47	3	132	55.59
47	3	165	45.82
47	3	237	54.17
47	3	268	45.72
47	3	319	71.34
47	3	529	64.34
47	3,8	27	56.48
47	3,8	61	61.28
47	3,8	78	52.80
47	3,8	237	69.54
47	3,8	268	61.55
47	3,23	27	62.41
47	3,23	61	62.90
47	3,23	78	56.21
47	3,23	237	70.63
47	3,23	268	56.46
47	4	3	19.42
47	4	7	16.89
47	4	10	21.17
47	4	20	39.17
47	4	36	25.56
47	4	40	39.37
47	4	41	19.01
47	4	48	47.08
47	4	54	29.65
47	4	66	20.20
47	4	71	17.11
47	4	95	17.51
47	4	99	42.94
47	4	106	42.58
47	4	108	24.65
47	4	110	19.42
47	4	116	39.21
47	4	120	45.25
47	4	122	42.38
47	4	127	40.99
47	4	128	50.79
47	4	147	41.21
47	4	154	16.24
47	4	161	36.77
47	4	169	41.77
47	4	170	33.13
47	4	177	36.31
47	4	180	24.17
47	4	184	15.14
47	4	195	16.87
47	4	199	23.59
47	4	205	60.24
47	4	207	25.06
47	4	211	39.06
47	4	227	35.49
47	4	258	23.35
47	4	269	19.86
47	4	271	54.52
47	4	272	22.66
47	4	296	21.72
47	4	328	19.63
47	4	336	50.15
47	4	355	30.38
47	4	357	32.65
47	4	364	38.20
47	4	372	19.42
47	4	373	18.07
47	4	377	29.59
47	4	391	57.86
47	4	395	42.00
47	4	396	15.51
47	4	398	33.79
47	4	408	21.61
47	4	416	31.77
47	4	451	14.08
47	4	454	56.11
47	4	461	26.72
47	4	474	46.83
47	4	481	56.39
47	4	490	63.34
47	4	503	19.10
47	4	506	33.24
47	4	512	15.28
47	4	523	32.99
47	4	555	16.69
47	4,19	7	35.92
47	4,19	10	41.85
47	4,19	20	59.62
47	4,19	40	57.52
47	4,19	54	49.69
47	4,19	66	39.92
47	4,19	95	37.42
47	4,19	110	38.72
47	4,19	120	70.70
47	4,19	128	67.13
47	4,19	199	44.63
47	4,19	227	57.32
47	4,19	271	78.00
47	4,19	272	40.96
47	4,19	296	42.18
47	4,19	328	39.42
47	4,19	336	70.37
47	4,19	391	81.89
47	4,19	451	32.92
47	4,19	474	67.41
47	4,19	490	83.92
47	4,19	506	53.73
47	4,19	523	54.79
47	5	4	28.31
47	5	15	42.83
47	5	36	25.28
47	5	46	15.55
47	5	77	27.56
47	5	80	50.56
47	5	86	18.82
47	5	93	30.93
47	5	101	43.49
47	5	103	20.46
47	5	114	20.77
47	5	117	22.58
47	5	128	56.13
47	5	130	30.79
47	5	131	58.59
47	5	146	21.15
47	5	148	33.08
47	5	159	17.94
47	5	163	22.48
47	5	172	32.45
47	5	181	23.41
47	5	198	41.86
47	5	206	51.14
47	5	216	18.61
47	5	219	25.18
47	5	221	33.48
47	5	230	67.54
47	5	233	60.48
47	5	236	50.77
47	5	237	52.70
47	5	238	75.59
47	5	271	48.87
47	5	273	20.86
47	5	275	53.85
47	5	279	64.56
47	5	285	24.00
47	5	286	21.10
47	5	287	19.28
47	5	288	18.77
47	5	289	40.70
47	5	291	47.82
47	5	292	58.69
47	5	293	19.73
47	5	295	55.87
47	5	337	17.37
47	5	341	28.96
47	5	360	54.93
47	5	363	22.21
47	5	366	20.68
47	5	369	20.65
47	5	371	25.23
47	5	375	48.17
47	5	379	17.37
47	5	380	53.21
47	5	384	26.00
47	5	389	41.24
47	5	391	52.58
47	5	402	18.85
47	5	410	19.23
47	5	413	38.06
47	5	417	18.10
47	5	425	31.00
47	5	432	23.65
47	5	433	25.32
47	5	440	44.85
47	5	447	20.35
47	5	453	54.34
47	5	454	62.59
47	5	459	21.37
47	5	475	15.04
47	5	478	54.66
47	5	490	57.87
47	5	519	66.82
47	5	539	36.93
47	5,12	80	67.99
47	5,12	128	73.52
47	5,12	237	68.82
47	5,12	271	69.07
47	5,12	291	67.77
47	5,12	375	63.68
47	5,12	389	56.83
47	5,12	391	71.30
47	5,12	490	76.20
47	5,12	539	53.01
47	5,15	4	37.27
47	5,15	15	51.87
47	5,15	46	25.63
47	5,15	77	36.86
47	5,15	80	59.63
47	5,15	86	28.99
47	5,15	93	38.35
47	5,15	101	52.90
47	5,15	103	30.66
47	5,15	114	30.77
47	5,15	117	34.93
47	5,15	128	65.52
47	5,15	146	30.34
47	5,15	148	43.06
47	5,15	159	27.65
47	5,15	163	32.69
47	5,15	172	46.75
47	5,15	181	33.31
47	5,15	198	50.39
47	5,15	206	60.38
47	5,15	216	28.39
47	5,15	219	37.14
47	5,15	221	45.01
47	5,15	237	61.75
47	5,15	271	59.03
47	5,15	273	30.20
47	5,15	287	28.21
47	5,15	288	27.97
47	5,15	289	50.25
47	5,15	291	57.99
47	5,15	293	30.07
47	5,15	295	65.24
47	5,15	337	26.45
47	5,15	341	37.97
47	5,15	363	31.54
47	5,15	366	29.97
47	5,15	369	31.03
47	5,15	371	34.54
47	5,15	375	56.86
47	5,15	379	26.44
47	5,15	384	37.42
47	5,15	389	50.13
47	5,15	391	61.96
47	5,15	402	28.55
47	5,15	410	28.63
47	5,15	417	27.63
47	5,15	425	48.44
47	5,15	432	31.32
47	5,15	433	35.37
47	5,15	447	29.70
47	5,15	475	25.31
47	5,15	490	67.08
47	5,15	539	45.79
47	6	34	34.08
47	6	68	17.14
47	6	73	16.62
47	6	91	22.96
47	6	104	19.66
47	6	111	20.96
47	6	113	38.70
47	6	125	16.86
47	6	136	21.51
47	6	182	20.87
47	6	214	44.20
47	6	218	15.73
47	6	239	51.28
47	6	253	53.54
47	6	256	19.00
47	6	265	16.75
47	6	266	49.13
47	6	278	26.68
47	6	282	19.87
47	6	300	51.63
47	6	303	54.30
47	6	322	19.68
47	6	332	36.89
47	6	340	25.79
47	6	343	20.65
47	6	352	42.70
47	6	400	52.93
47	6	419	31.65
47	6	420	21.61
47	6	435	38.85
47	6	449	19.54
47	6	455	30.80
47	6	470	18.13
47	6	502	20.04
47	6	508	19.46
47	6	535	21.17
47	6	542	16.51
47	6	550	19.13
47	6	551	21.17
47	6	553	19.27
47	6	558	46.23
47	6,30	73	42.32
47	6,30	104	39.15
47	6,30	113	69.32
47	6,30	125	43.01
47	6,30	182	47.23
47	6,30	218	37.51
47	6,30	253	78.01
47	6,30	265	41.38
47	6,30	266	71.18
47	6,30	282	44.30
47	6,30	343	46.83
47	6,30	352	67.90
47	6,30	400	78.80
47	6,30	419	58.65
47	6,30	470	48.37
47	7	2	18.97
47	7	5	15.70
47	7	19	16.23
47	7	25	48.41
47	7	42	17.48
47	7	43	17.38
47	7	53	58.46
47	7	64	36.87
47	7	75	38.65
47	7	76	33.83
47	7	92	37.89
47	7	98	18.69
47	7	133	31.03
47	7	138	30.58
47	7	171	18.61
47	7	175	53.86
47	7	209	35.38
47	7	220	37.08
47	7	225	36.37
47	7	234	19.27
47	7	240	29.99
47	7	242	18.72
47	7	250	18.31
47	7	257	13.89
47	7	262	39.24
47	7	267	36.21
47	7	283	19.62
47	7	304	21.35
47	7	335	23.39
47	7	339	36.49
47	7	347	37.66
47	7	350	15.66
47	7	353	20.54
47	7	354	15.69
47	7	356	18.32
47	7	374	15.65
47	7	392	23.10
47	7	393	20.76
47	7	404	24.89
47	7	423	19.30
47	7	428	18.97
47	7	434	34.61
47	7	441	17.21
47	7	443	40.80
47	7	446	18.48
47	7	448	18.72
47	7	456	18.31
47	7	457	30.70
47	7	465	32.17
47	7	466	17.72
47	7	467	45.80
47	7	472	17.85
47	7	497	19.92
47	7	507	16.48
47	7	516	16.86
47	7	517	16.31
47	7	522	18.92
47	7	526	19.49
47	7	527	18.48
47	7	528	40.31
47	7	534	18.83
47	7	538	16.90
47	7	544	17.83
47	7	545	41.68
47	7	549	17.92
47	7	559	18.04
47	7,14	2	32.94
47	7,14	5	30.06
47	7,14	19	29.63
47	7,14	25	64.96
47	7,14	42	30.96
47	7,14	43	31.79
47	7,14	64	58.90
47	7,14	75	55.82
47	7,14	76	50.31
47	7,14	92	54.01
47	7,14	98	33.07
47	7,14	133	48.58
47	7,14	138	47.73
47	7,14	171	33.34
47	7,14	175	71.01
47	7,14	209	52.52
47	7,14	220	54.65
47	7,14	225	53.49
47	7,14	234	34.17
47	7,14	240	47.63
47	7,14	242	33.11
47	7,14	250	33.23
47	7,14	257	27.35
47	7,14	283	34.27
47	7,14	304	37.10
47	7,14	335	39.52
47	7,14	347	53.93
47	7,14	350	29.58
47	7,14	353	36.92
47	7,14	354	29.04
47	7,14	356	33.69
47	7,14	374	29.77
47	7,14	392	38.28
47	7,14	393	36.01
47	7,14	404	40.38
47	7,14	428	34.51
47	7,14	434	52.62
47	7,14	441	32.03
47	7,14	443	59.76
47	7,14	446	32.90
47	7,14	448	33.14
47	7,14	457	49.07
47	7,14	465	50.55
47	7,14	466	32.14
47	7,14	467	62.96
47	7,14	472	32.27
47	7,14	497	35.28
47	7,14	507	30.90
47	7,14	516	30.49
47	7,14	517	30.73
47	7,14	522	33.34
47	7,14	526	34.04
47	7,14	527	32.90
47	7,14	528	58.77
47	7,14	534	33.25
47	7,14	538	31.32
47	7,14	544	32.25
47	7,14	545	60.06
47	7,14	549	32.34
47	7,22	25	67.20
47	7,22	43	37.85
47	7,22	75	58.80
47	7,22	220	57.94
47	7,22	234	39.58
47	7,22	240	50.80
47	7,22	242	37.79
47	7,22	257	32.39
47	7,22	304	43.34
47	7,22	350	34.21
47	7,22	354	33.54
47	7,22	374	35.58
47	7,22	393	41.90
47	7,22	443	63.56
47	7,22	467	65.54
47	7,22	516	34.94
47	8	27	43.46
47	8	56	14.79
47	8	61	36.77
47	8	63	41.24
47	8	78	35.63
47	8	132	48.25
47	8	135	30.85
47	8	152	13.48
47	8	167	34.79
47	8	178	28.61
47	8	203	16.31
47	8	237	42.49
47	8	268	30.85
47	8	276	33.21
47	8	301	16.97
47	8	305	16.70
47	8	319	60.59
47	8	338	17.92
47	8	418	22.17
47	8	426	21.48
47	8	439	14.85
47	8	529	57.17
47	8	530	17.54
47	8,23	27	55.79
47	8,23	61	54.73
47	8,23	78	51.04
47	8,23	152	34.35
47	8,23	178	41.51
47	8,23	237	61.75
47	8,23	268	42.18
47	8,23	301	38.48
47	8,23	305	28.11
47	8,23	338	31.13
47	8,23	439	29.58
47	8,23	530	28.93
47	9	1	36.68
47	9	14	21.77
47	9	23	22.38
47	9	38	37.79
47	9	52	51.10
47	9	60	40.83
47	9	67	45.24
47	9	69	45.85
47	9	72	39.07
47	9	85	47.90
47	9	94	44.24
47	9	105	41.97
47	9	123	67.62
47	9	187	42.34
47	9	213	39.97
47	9	215	39.32
47	9	222	42.08
47	9	224	52.69
47	9	231	36.10
47	9	302	52.03
47	9	405	34.56
47	9	483	18.89
47	10	17	21.20
47	10	28	28.92
47	10	32	49.03
47	10	33	37.72
47	10	65	18.42
47	10	97	51.99
47	10	112	58.86
47	10	118	42.21
47	10	129	38.20
47	10	141	19.94
47	10	142	40.49
47	10	151	30.32
47	10	173	41.65
47	10	183	20.13
47	10	194	54.46
47	10	223	52.97
47	10	243	47.55
47	10	246	38.63
47	10	254	40.18
47	10	308	34.38
47	10	310	22.63
47	10	344	49.24
47	10	346	52.10
47	10	358	36.55
47	10	368	22.96
47	10	387	23.20
47	10	411	44.70
47	10	412	33.80
47	10	427	16.70
47	10	429	28.46
47	10	444	50.55
47	10	469	37.13
47	10	484	21.00
47	10	487	50.07
47	10	491	32.20
47	10	492	17.61
47	10	496	20.51
47	10	498	20.70
47	10	514	17.63
47	10	518	22.66
47	10	520	18.63
47	10	546	22.62
47	10	547	20.17
47	10	548	22.68
47	10,17	17	33.77
47	10,17	28	40.24
47	10,17	32	60.42
47	10,17	33	48.65
47	10,17	65	29.10
47	10,17	97	64.35
47	10,17	112	71.28
47	10,17	141	30.94
47	10,17	142	52.24
47	10,17	151	40.89
47	10,17	173	54.18
47	10,17	183	32.15
47	10,17	223	65.45
47	10,17	243	59.70
47	10,17	246	50.79
47	10,17	254	51.54
47	10,17	308	46.85
47	10,17	310	35.75
47	10,17	358	48.30
47	10,17	368	36.00
47	10,17	387	37.55
47	10,17	427	28.00
47	10,17	429	39.73
47	10,17	444	62.30
47	10,17	469	49.21
47	10,17	484	33.03
47	10,17	491	44.28
47	10,17	492	29.37
47	10,17	496	32.20
47	10,17	498	32.73
47	10,17	514	29.41
47	10,17	518	34.69
47	10,17	520	30.66
47	10,17	546	34.68
47	10,17	547	32.20
47	10,17	548	34.70
47	11	9	34.10
47	11	11	51.49
47	11	21	46.14
47	11	37	24.59
47	11	49	21.30
47	11	55	40.06
47	11	70	49.32
47	11	89	16.55
47	11	96	13.96
47	11	107	18.00
47	11	109	51.06
47	11	134	29.61
47	11	156	15.20
47	11	158	44.92
47	11	166	42.35
47	11	185	15.79
47	11	188	35.25
47	11	189	22.87
47	11	190	26.97
47	11	192	36.51
47	11	210	57.23
47	11	232	51.14
47	11	235	28.00
47	11	247	21.30
47	11	263	46.38
47	11	306	45.04
47	11	307	28.66
47	11	311	18.97
47	11	316	38.34
47	11	317	19.28
47	11	323	24.59
47	11	345	40.48
47	11	382	25.28
47	11	383	20.76
47	11	385	34.44
47	11	390	16.93
47	11	397	32.44
47	11	406	43.20
47	11	407	29.46
47	11	414	29.49
47	11	421	17.20
47	11	422	24.79
47	11	431	20.27
47	11	436	23.70
47	11	438	41.94
47	11	450	16.31
47	11	452	20.77
47	11	458	15.49
47	11	471	33.51
47	11	477	38.77
47	11	504	31.15
47	11	533	44.11
47	11,24	37	36.45
47	11,24	49	35.28
47	11,24	96	25.41
47	11,24	107	33.45
47	11,24	134	42.45
47	11,24	156	26.68
47	11,24	185	27.48
47	11,24	189	34.55
47	11,24	190	40.44
47	11,24	192	52.97
47	11,24	235	41.44
47	11,24	247	34.41
47	11,24	307	42.82
47	11,24	311	31.18
47	11,24	316	49.80
47	11,24	323	41.06
47	11,24	345	54.08
47	11,24	382	38.82
47	11,24	385	48.44
47	11,24	390	32.92
47	11,24	397	44.07
47	11,24	406	57.44
47	11,24	407	42.27
47	11,24	414	42.03
47	11,24	421	30.80
47	11,24	422	37.35
47	11,24	431	34.76
47	11,24	436	37.39
47	11,24	450	31.46
47	11,24	452	33.89
47	11,24	471	46.20
47	11,24	477	52.03
47	11,24	504	45.70
47	12	78	50.80
47	12	80	58.51
47	12	95	28.96
47	12	128	63.11
47	12	131	68.83
47	12	230	75.30
47	12	233	68.70
47	12	237	58.37
47	12	238	84.80
47	12	268	50.89
47	12	271	59.38
47	12	279	76.18
47	12	291	58.07
47	12	375	53.55
47	12	380	58.54
47	12	389	46.38
47	12	391	60.17
47	12	453	63.13
47	12	454	68.75
47	12	478	60.37
47	12	490	66.28
47	12	519	76.27
47	12	539	42.62
47	12,13	78	62.44
47	12,13	80	68.04
47	12,13	128	73.99
47	12,13	237	70.45
47	12,13	268	64.18
47	12,13	271	70.75
47	12,13	291	69.32
47	12,13	375	63.79
47	12,13	389	58.46
47	12,13	391	73.17
47	12,13	490	75.93
47	12,13	539	53.37
47	13	4	23.94
47	13	15	36.35
47	13	29	42.86
47	13	36	20.34
47	13	46	12.30
47	13	78	34.99
47	13	80	45.92
47	13	86	14.69
47	13	93	24.27
47	13	101	37.72
47	13	117	22.13
47	13	128	50.10
47	13	131	53.63
47	13	146	14.77
47	13	148	27.27
47	13	159	13.77
47	13	163	18.20
47	13	172	33.75
47	13	198	39.96
47	13	206	46.94
47	13	212	17.48
47	13	219	19.44
47	13	230	60.94
47	13	233	48.82
47	13	237	45.90
47	13	238	70.48
47	13	268	37.11
47	13	271	44.55
47	13	273	14.46
47	13	275	47.61
47	13	276	30.65
47	13	279	57.38
47	13	287	13.65
47	13	288	14.49
47	13	289	36.82
47	13	291	43.55
47	13	293	16.13
47	13	305	14.11
47	13	325	31.00
47	13	337	13.11
47	13	341	23.62
47	13	363	18.75
47	13	365	33.06
47	13	369	16.77
47	13	375	40.61
47	13	377	27.73
47	13	379	11.94
47	13	380	46.48
47	13	384	18.68
47	13	389	33.92
47	13	391	46.42
47	13	402	15.30
47	13	410	14.65
47	13	413	34.96
47	13	417	14.58
47	13	425	35.49
47	13	432	18.73
47	13	433	17.11
47	13	440	40.58
47	13	447	16.65
47	13	453	49.38
47	13	454	55.79
47	13	475	11.94
47	13	478	49.17
47	13	490	52.52
47	13	519	62.59
47	13	539	28.86
47	14	2	20.63
47	14	5	16.66
47	14	19	18.20
47	14	25	52.97
47	14	42	20.13
47	14	43	17.92
47	14	53	62.97
47	14	64	46.18
47	14	75	41.06
47	14	76	36.80
47	14	81	20.24
47	14	88	58.75
47	14	92	40.80
47	14	98	19.49
47	14	133	37.38
47	14	138	36.76
47	14	143	22.18
47	14	144	33.03
47	14	153	46.31
47	14	157	26.75
47	14	162	49.56
47	14	171	18.41
47	14	175	59.30
47	14	201	35.38
47	14	209	36.55
47	14	220	40.32
47	14	225	41.68
47	14	229	18.92
47	14	234	19.80
47	14	240	32.30
47	14	242	19.49
47	14	250	18.97
47	14	255	38.08
47	14	257	17.00
47	14	261	46.92
47	14	262	41.13
47	14	283	20.31
47	14	304	22.11
47	14	313	22.66
47	14	335	23.83
47	14	339	39.97
47	14	347	40.54
47	14	350	17.44
47	14	353	22.77
47	14	354	16.32
47	14	356	20.35
47	14	374	15.77
47	14	392	23.58
47	14	393	21.61
47	14	404	26.49
47	14	415	29.41
47	14	428	19.48
47	14	434	37.13
47	14	441	23.18
47	14	443	43.82
47	14	446	19.10
47	14	448	19.04
47	14	457	36.70
47	14	463	31.79
47	14	465	33.03
47	14	466	17.80
47	14	467	52.03
47	14	472	18.31
47	14	485	50.08
47	14	497	20.06
47	14	507	22.39
47	14	510	34.49
47	14	511	22.54
47	14	516	17.72
47	14	517	17.99
47	14	521	21.18
47	14	522	19.41
47	14	524	20.86
47	14	526	19.61
47	14	527	19.10
47	14	528	41.61
47	14	534	19.49
47	14	537	21.73
47	14	538	22.92
47	14	544	18.30
47	14	545	44.17
47	14	549	18.39
47	14	552	33.11
47	14,26	2	35.75
47	14,26	5	32.54
47	14,26	19	32.86
47	14,26	25	67.34
47	14,26	43	34.28
47	14,26	75	56.17
47	14,26	81	35.03
47	14,26	98	35.44
47	14,26	143	38.10
47	14,26	153	61.87
47	14,26	157	45.38
47	14,26	171	35.39
47	14,26	229	33.97
47	14,26	234	36.34
47	14,26	242	35.13
47	14,26	250	35.34
47	14,26	255	55.39
47	14,26	257	31.90
47	14,26	261	56.11
47	14,26	283	36.54
47	14,26	304	39.93
47	14,26	313	39.24
47	14,26	335	43.03
47	14,26	350	32.58
47	14,26	354	30.83
47	14,26	374	31.73
47	14,26	392	41.58
47	14,26	393	38.75
47	14,26	404	44.70
47	14,26	415	47.65
47	14,26	428	36.70
47	14,26	434	53.18
47	14,26	443	60.86
47	14,26	446	35.25
47	14,26	448	35.20
47	14,26	463	51.80
47	14,26	465	49.45
47	14,26	466	33.96
47	14,26	467	67.04
47	14,26	472	34.46
47	14,26	497	37.96
47	14,26	510	53.66
47	14,26	511	38.69
47	14,26	516	32.48
47	14,26	517	34.14
47	14,26	521	39.08
47	14,26	522	35.56
47	14,26	524	38.76
47	14,26	526	35.92
47	14,26	527	35.25
47	14,26	528	58.13
47	14,26	534	35.65
47	14,26	537	37.89
47	14,26	544	34.45
47	14,26	545	60.59
47	14,26	549	34.55
47	14,26	552	51.38
47	15	4	22.20
47	15	15	36.55
47	15	29	45.70
47	15	46	9.82
47	15	77	23.00
47	15	80	46.94
47	15	86	14.49
47	15	93	22.38
47	15	101	39.62
47	15	103	14.44
47	15	114	14.49
47	15	117	20.61
47	15	128	51.63
47	15	131	52.45
47	15	146	13.63
47	15	148	27.04
47	15	159	12.39
47	15	163	17.89
47	15	172	32.68
47	15	181	17.10
47	15	198	40.13
47	15	206	45.69
47	15	216	14.75
47	15	219	19.92
47	15	221	30.37
47	15	230	62.37
47	15	233	57.42
47	15	236	45.76
47	15	237	47.61
47	15	238	71.13
47	15	271	44.15
47	15	273	14.49
47	15	275	48.34
47	15	279	58.18
47	15	287	14.21
47	15	288	13.21
47	15	289	37.42
47	15	291	43.25
47	15	292	54.75
47	15	293	14.03
47	15	295	49.68
47	15	314	32.08
47	15	333	14.27
47	15	337	11.45
47	15	341	23.35
47	15	360	49.79
47	15	363	17.44
47	15	366	14.24
47	15	369	14.35
47	15	371	21.62
47	15	375	43.41
47	15	379	11.83
47	15	380	48.25
47	15	384	21.06
47	15	389	35.99
47	15	391	46.61
47	15	402	13.46
47	15	410	12.56
47	15	413	34.86
47	15	417	13.04
47	15	425	28.49
47	15	432	20.28
47	15	433	17.10
47	15	440	39.31
47	15	447	15.10
47	15	453	50.15
47	15	454	58.62
47	15	475	10.04
47	15	478	50.34
47	15	490	53.55
47	15	519	62.62
47	15	539	31.69
47	16	6	40.27
47	16	26	18.20
47	16	30	55.87
47	16	31	16.49
47	16	44	63.68
47	16	47	37.41
47	16	82	17.38
47	16	87	20.01
47	16	119	46.70
47	16	121	23.34
47	16	126	31.77
47	16	137	27.52
47	16	150	43.51
47	16	155	19.80
47	16	191	37.62
47	16	217	41.80
47	16	226	54.86
47	16	228	52.30
47	16	244	21.01
47	16	251	30.37
47	16	270	38.89
47	16	281	24.25
47	16	290	20.07
47	16	299	34.38
47	16	309	49.59
47	16	315	33.03
47	16	318	41.75
47	16	321	35.87
47	16	324	39.54
47	16	326	47.31
47	16	349	18.65
47	16	351	34.86
47	16	381	24.07
47	16	409	43.93
47	16	473	42.08
47	16	488	32.59
47	16	499	65.11
47	16	500	18.48
47	16	540	47.49
47	16,29	26	34.99
47	16,29	31	31.59
47	16,29	119	64.31
47	16,29	121	43.51
47	16,29	137	44.31
47	16,29	244	37.49
47	16,29	251	46.28
47	16,29	281	41.99
47	16,29	290	37.49
47	16,29	299	51.85
47	16,29	309	67.25
47	16,29	318	57.83
47	16,29	321	53.25
47	16,29	351	51.20
47	16,29	381	42.99
47	16,29	473	59.07
47	17	17	14.69
47	17	28	22.99
47	17	32	43.25
47	17	33	31.73
47	17	65	13.24
47	17	97	45.66
47	17	112	52.61
47	17	118	36.14
47	17	129	32.34
47	17	141	14.10
47	17	142	37.01
47	17	151	24.90
47	17	173	36.03
47	17	183	14.27
47	17	194	48.07
47	17	223	46.06
47	17	243	41.68
47	17	246	31.80
47	17	254	34.58
47	17	308	26.82
47	17	310	14.96
47	17	344	43.21
47	17	346	46.61
47	17	358	30.93
47	17	368	15.25
47	17	387	16.52
47	17	411	37.94
47	17	412	27.10
47	17	427	10.38
47	17	429	21.76
47	17	444	44.39
47	17	469	30.59
47	17	484	14.45
47	17	487	44.46
47	17	491	27.24
47	17	492	10.79
47	17	496	14.35
47	17	498	14.15
47	17	514	10.83
47	17	518	16.11
47	17	520	12.08
47	17	546	16.08
47	17	547	13.62
47	17	548	16.13
47	18	43	22.76
47	18	45	41.48
47	18	75	42.03
47	18	79	42.28
47	18	81	18.44
47	18	144	35.00
47	18	162	43.30
47	18	179	42.48
47	18	182	17.55
47	18	201	38.68
47	18	209	35.66
47	18	214	41.85
47	18	234	20.77
47	18	239	51.28
47	18	242	18.94
47	18	253	53.01
47	18	255	33.30
47	18	257	20.17
47	18	261	42.96
47	18	280	26.34
47	18	297	43.20
47	18	300	45.83
47	18	304	23.41
47	18	313	21.31
47	18	343	19.79
47	18	347	35.04
47	18	354	18.83
47	18	374	21.42
47	18	393	23.18
47	18	430	23.55
47	18	443	35.79
47	18	467	47.79
47	18	486	22.62
47	18	516	18.07
47	18,20	45	49.97
47	18,20	75	50.30
47	18,20	79	55.75
47	18,20	81	26.89
47	18,20	144	43.01
47	18,20	162	52.04
47	18,20	179	51.07
47	18,20	182	26.35
47	18,20	201	46.94
47	18,20	234	30.11
47	18,20	242	28.04
47	18,20	253	63.86
47	18,20	255	41.99
47	18,20	261	56.27
47	18,20	280	35.01
47	18,20	297	56.72
47	18,20	313	30.46
47	18,20	343	28.49
47	18,20	354	26.99
47	18,20	443	44.79
47	18,20	486	31.34
47	18,20	516	26.52
47	19	7	19.31
47	19	10	23.27
47	19	20	40.68
47	19	40	40.54
47	19	48	49.63
47	19	54	31.77
47	19	66	22.17
47	19	95	20.04
47	19	110	21.37
47	19	120	52.42
47	19	128	49.97
47	19	199	25.55
47	19	205	62.10
47	19	211	41.80
47	19	227	37.20
47	19	271	56.51
47	19	272	25.13
47	19	296	23.76
47	19	328	21.70
47	19	336	51.61
47	19	391	59.87
47	19	451	16.92
47	19	454	58.76
47	19	474	48.54
47	19	481	58.11
47	19	490	64.83
47	19	506	35.31
47	19	523	34.69
47	19,21	7	27.96
47	19,21	10	31.85
47	19,21	20	48.92
47	19,21	40	48.00
47	19,21	66	30.66
47	19,21	95	28.42
47	19,21	110	29.25
47	19,21	120	60.15
47	19,21	128	57.46
47	19,21	227	45.83
47	19,21	272	33.68
47	19,21	296	32.87
47	19,21	328	29.89
47	19,21	336	59.80
47	19,21	451	25.04
47	19,21	474	56.86
47	19,21	506	43.61
47	19,21	523	43.31
47	20	45	37.65
47	20	58	17.18
47	20	59	36.35
47	20	68	17.20
47	20	75	38.52
47	20	79	38.00
47	20	81	15.49
47	20	104	16.41
47	20	113	38.99
47	20	136	13.76
47	20	143	12.61
47	20	144	31.37
47	20	153	43.49
47	20	162	40.85
47	20	179	39.59
47	20	182	12.73
47	20	201	34.54
47	20	214	38.68
47	20	229	14.58
47	20	234	17.10
47	20	239	47.28
47	20	242	15.86
47	20	250	17.07
47	20	253	47.10
47	20	255	29.80
47	20	261	43.61
47	20	280	21.28
47	20	283	16.51
47	20	297	39.14
47	20	300	47.00
47	20	313	17.41
47	20	322	16.13
47	20	332	35.89
47	20	339	39.99
47	20	340	25.20
47	20	343	15.15
47	20	352	42.24
47	20	354	15.90
47	20	419	31.65
47	20	420	17.35
47	20	428	18.10
47	20	434	34.94
47	20	443	30.56
47	20	448	16.14
47	20	449	14.06
47	20	465	30.00
47	20	466	16.45
47	20	485	39.23
47	20	486	18.01
47	20	502	15.03
47	20	508	16.34
47	20	516	15.18
47	20	522	16.69
47	20	526	17.59
47	20	528	37.55
47	20	534	15.20
47	20	535	14.65
47	20	537	17.10
47	20	541	24.75
47	20	544	17.15
47	20	545	41.25
47	20	549	17.07
47	20	553	16.68
47	20	554	30.44
47	20	558	45.55
47	21	3	18.83
47	21	7	17.08
47	21	10	20.55
47	21	20	38.55
47	21	36	25.87
47	21	40	38.20
47	21	41	18.21
47	21	48	43.55
47	21	66	19.54
47	21	71	14.85
47	21	95	18.58
47	21	99	42.93
47	21	106	38.54
47	21	108	22.79
47	21	110	17.61
47	21	116	37.30
47	21	120	49.62
47	21	122	39.00
47	21	127	42.15
47	21	128	46.73
47	21	147	40.54
47	21	154	17.75
47	21	161	36.01
47	21	169	42.63
47	21	170	33.49
47	21	177	35.32
47	21	180	22.73
47	21	184	17.00
47	21	195	18.25
47	21	205	58.73
47	21	207	21.94
47	21	211	39.87
47	21	227	34.62
47	21	258	23.46
47	21	269	21.99
47	21	272	21.94
47	21	296	21.06
47	21	328	18.99
47	21	336	50.63
47	21	355	30.62
47	21	357	31.92
47	21	364	36.46
47	21	373	19.31
47	21	395	40.83
47	21	396	16.90
47	21	398	45.66
47	21	408	21.14
47	21	416	30.97
47	21	451	14.15
47	21	461	27.62
47	21	474	45.03
47	21	481	55.52
47	21	503	21.31
47	21	506	32.49
47	21	512	16.20
47	21	523	31.69
47	21	555	18.62
47	22	25	54.59
47	22	43	23.56
47	22	75	46.34
47	22	81	21.07
47	22	88	59.13
47	22	157	29.21
47	22	220	42.00
47	22	234	22.85
47	22	240	34.77
47	22	242	20.79
47	22	255	38.23
47	22	257	22.82
47	22	261	48.23
47	22	304	23.86
47	22	313	24.01
47	22	350	21.62
47	22	354	19.03
47	22	374	22.94
47	22	393	23.46
47	22	443	46.44
47	22	467	52.35
47	22	516	19.00
47	22,30	255	55.42
47	22,30	261	73.56
47	23	15	39.28
47	23	27	45.66
47	23	29	43.86
47	23	61	40.97
47	23	78	37.45
47	23	131	60.35
47	23	132	50.06
47	23	152	17.89
47	23	165	50.30
47	23	174	43.69
47	23	178	29.06
47	23	206	55.31
47	23	212	20.37
47	23	233	59.39
47	23	237	46.56
47	23	268	29.34
47	23	273	20.97
47	23	276	33.79
47	23	279	69.82
47	23	287	18.73
47	23	301	19.63
47	23	305	17.17
47	23	319	62.54
47	23	338	18.20
47	23	375	45.77
47	23	377	36.20
47	23	389	34.89
47	23	391	49.92
47	23	432	34.52
47	23	433	24.54
47	23	439	14.39
47	23	454	61.79
47	23	478	51.73
47	23	479	19.94
47	23	529	60.25
47	23	530	17.68
47	24	11	55.79
47	24	21	42.44
47	24	22	17.20
47	24	37	23.20
47	24	49	17.68
47	24	55	40.97
47	24	70	42.41
47	24	96	17.31
47	24	107	21.86
47	24	109	55.04
47	24	134	26.31
47	24	156	19.52
47	24	166	39.15
47	24	185	20.31
47	24	189	21.83
47	24	190	21.25
47	24	192	27.85
47	24	204	16.15
47	24	210	52.34
47	24	232	48.20
47	24	235	25.97
47	24	247	18.37
47	24	263	49.46
47	24	284	16.90
47	24	294	23.92
47	24	306	45.73
47	24	307	22.10
47	24	311	13.15
47	24	316	43.18
47	24	323	24.90
47	24	345	38.56
47	24	361	17.35
47	24	382	23.00
47	24	385	33.15
47	24	388	18.23
47	24	390	22.75
47	24	397	31.28
47	24	406	38.24
47	24	407	23.77
47	24	414	23.18
47	24	421	17.80
47	24	422	21.56
47	24	431	19.85
47	24	436	27.61
47	24	438	38.97
47	24	450	21.79
47	24	452	17.63
47	24	471	32.45
47	24	476	18.92
47	24	477	43.48
47	24	504	28.30
47	24	531	26.54
47	24,25	22	28.51
47	24,25	96	28.17
47	24,25	134	41.34
47	24,25	189	34.07
47	24,25	190	35.73
47	24,25	204	32.48
47	24,25	294	36.79
47	24,25	307	38.94
47	24,25	311	26.34
47	24,25	316	51.54
47	24,25	323	34.94
47	24,25	385	48.63
47	24,25	388	33.24
47	24,25	390	36.70
47	24,25	397	44.10
47	24,25	407	37.52
47	24,25	421	30.61
47	24,25	422	36.15
47	24,25	431	28.34
47	24,25	450	34.86
47	24,25	476	32.00
47	24,25	477	54.31
47	24,25	531	38.68
47	25	11	52.41
47	25	16	47.52
47	25	21	41.39
47	25	22	15.93
47	25	35	32.80
47	25	55	36.82
47	25	70	47.23
47	25	96	15.32
47	25	109	51.49
47	25	124	49.13
47	25	134	28.14
47	25	140	29.66
47	25	189	22.11
47	25	190	21.94
47	25	204	18.24
47	25	210	52.70
47	25	232	49.69
47	25	245	20.66
47	25	263	47.21
47	25	294	23.01
47	25	306	45.34
47	25	307	25.25
47	25	311	13.82
47	25	316	39.79
47	25	323	18.00
47	25	385	34.25
47	25	388	17.85
47	25	390	20.28
47	25	397	32.18
47	25	407	24.37
47	25	421	16.62
47	25	422	23.24
47	25	431	13.42
47	25	438	40.56
47	25	450	19.28
47	25	462	16.21
47	25	476	17.08
47	25	477	40.70
47	25	513	18.94
47	25	531	25.21
47	25	543	18.13
47	26	2	18.20
47	26	5	20.18
47	26	19	18.04
47	26	25	51.58
47	26	43	20.44
47	26	75	43.58
47	26	81	15.18
47	26	88	54.28
47	26	98	17.68
47	26	100	19.24
47	26	113	47.97
47	26	136	19.92
47	26	143	19.10
47	26	153	43.32
47	26	157	23.83
47	26	171	19.65
47	26	182	22.49
47	26	214	38.44
47	26	229	16.51
47	26	234	18.03
47	26	239	56.23
47	26	242	16.10
47	26	250	17.96
47	26	253	50.04
47	26	255	32.76
47	26	257	20.01
47	26	261	32.59
47	26	262	43.49
47	26	283	16.86
47	26	300	52.90
47	26	304	18.55
47	26	312	18.46
47	26	313	17.23
47	26	322	20.87
47	26	330	18.99
47	26	332	43.00
47	26	335	20.11
47	26	339	41.08
47	26	350	18.99
47	26	352	46.69
47	26	354	16.69
47	26	374	19.93
47	26	378	41.31
47	26	392	22.06
47	26	393	18.77
47	26	404	29.54
47	26	415	27.17
47	26	419	36.17
47	26	420	22.00
47	26	428	19.04
47	26	434	34.79
47	26	443	40.52
47	26	446	17.72
47	26	448	17.66
47	26	449	20.37
47	26	460	20.08
47	26	463	30.32
47	26	465	29.48
47	26	466	18.58
47	26	467	48.48
47	26	472	18.18
47	26	485	48.83
47	26	497	20.11
47	26	502	18.48
47	26	510	25.87
47	26	511	19.80
47	26	516	15.83
47	26	517	21.13
47	26	521	19.72
47	26	522	17.68
47	26	524	19.39
47	26	525	32.17
47	26	526	20.35
47	26	527	17.73
47	26	528	37.73
47	26	534	18.80
47	26	537	16.54
47	26	544	18.14
47	26	545	41.11
47	26	549	18.04
47	26	552	34.68
47	26	553	20.66
47	26	558	50.51
47	27	6	39.46
47	27	13	22.38
47	27	24	30.73
47	27	26	17.23
47	27	30	55.49
47	27	31	15.06
47	27	39	18.10
47	27	44	61.46
47	27	47	37.11
47	27	57	15.94
47	27	82	13.61
47	27	83	33.85
47	27	87	15.56
47	27	90	40.99
47	27	119	45.97
47	27	121	22.10
47	27	137	22.90
47	27	139	30.00
47	27	145	16.93
47	27	149	63.86
47	27	150	50.23
47	27	155	15.56
47	27	164	37.80
47	27	168	15.32
47	27	176	18.38
47	27	186	18.65
47	27	191	50.63
47	27	193	13.76
47	27	196	46.42
47	27	197	49.63
47	27	208	16.49
47	27	217	34.77
47	27	226	53.70
47	27	241	22.35
47	27	251	26.58
47	27	259	15.75
47	27	260	20.72
47	27	264	20.21
47	27	290	19.34
47	27	298	19.18
47	27	299	34.08
47	27	309	38.55
47	27	318	43.21
47	27	320	17.92
47	27	324	33.45
47	27	326	46.41
47	27	327	17.14
47	27	329	20.86
47	27	348	23.65
47	27	349	14.52
47	27	359	61.76
47	27	362	19.08
47	27	367	25.24
47	27	370	22.37
47	27	376	20.85
47	27	386	41.03
47	27	401	32.85
47	27	403	26.41
47	27	424	26.72
47	27	437	16.11
47	27	442	35.31
47	27	445	15.89
47	27	464	20.17
47	27	468	28.48
47	27	473	40.90
47	27	480	27.52
47	27	482	41.04
47	27	488	40.21
47	27	489	17.70
47	27	493	20.89
47	27	494	22.93
47	27	495	39.13
47	27	500	15.96
47	27	501	18.03
47	27	505	21.30
47	27	509	16.52
47	27	515	25.07
47	27	532	20.06
47	27	536	20.90
47	27	540	45.01
47	27	556	30.34
47	27	557	27.06
47	27,28	13	38.55
47	27,28	24	47.24
47	27,28	26	32.18
47	27,28	31	29.30
47	27,28	39	32.61
47	27,28	57	30.45
47	27,28	82	28.51
47	27,28	83	50.90
47	27,28	87	31.63
47	27,28	90	58.55
47	27,28	119	63.21
47	27,28	121	37.45
47	27,28	137	34.48
47	27,28	139	45.51
47	27,28	145	32.06
47	27,28	150	66.89
47	27,28	155	31.15
47	27,28	164	54.68
47	27,28	168	30.68
47	27,28	176	33.85
47	27,28	186	34.44
47	27,28	193	28.75
47	27,28	208	32.23
47	27,28	217	49.68
47	27,28	241	38.51
47	27,28	251	35.65
47	27,28	259	31.52
47	27,28	260	36.41
47	27,28	264	34.99
47	27,28	290	34.69
47	27,28	298	34.15
47	27,28	299	51.49
47	27,28	309	54.65
47	27,28	318	58.52
47	27,28	320	32.46
47	27,28	324	52.31
47	27,28	326	63.65
47	27,28	327	33.73
47	27,28	329	36.66
47	27,28	348	40.37
47	27,28	349	29.94
47	27,28	362	34.90
47	27,28	367	42.59
47	27,28	370	37.31
47	27,28	376	36.68
47	27,28	386	57.99
47	27,28	401	49.73
47	27,28	403	39.93
47	27,28	424	44.61
47	27,28	437	32.82
47	27,28	445	30.55
47	27,28	464	35.62
47	27,28	468	44.28
47	27,28	473	57.32
47	27,28	480	45.96
47	27,28	482	59.24
47	27,28	488	58.80
47	27,28	489	33.46
47	27,28	493	36.65
47	27,28	494	38.69
47	27,28	495	57.94
47	27,28	500	30.94
47	27,28	501	33.79
47	27,28	505	37.06
47	27,28	509	32.28
47	27,28	515	40.83
47	27,28	532	35.82
47	27,28	536	36.66
47	27,28	540	61.44
47	27,28	556	48.99
47	27,28	557	45.20
47	28	6	37.70
47	28	13	20.23
47	28	24	28.96
47	28	26	15.76
47	28	30	53.89
47	28	31	14.07
47	28	39	16.54
47	28	44	59.89
47	28	47	35.45
47	28	57	14.89
47	28	82	12.68
47	28	83	32.44
47	28	87	14.31
47	28	90	39.49
47	28	119	44.14
47	28	121	20.27
47	28	137	21.90
47	28	139	28.39
47	28	145	15.65
47	28	149	61.97
47	28	150	48.46
47	28	155	14.31
47	28	164	36.07
47	28	168	14.25
47	28	176	16.83
47	28	186	17.06
47	28	191	49.27
47	28	193	12.82
47	28	196	44.61
47	28	197	47.90
47	28	208	15.25
47	28	217	38.85
47	28	226	52.18
47	28	241	20.28
47	28	251	24.52
47	28	259	14.54
47	28	260	19.00
47	28	264	18.75
47	28	290	17.51
47	28	298	17.51
47	28	299	32.80
47	28	309	41.56
47	28	318	41.62
47	28	320	16.32
47	28	324	35.04
47	28	326	44.58
47	28	327	15.58
47	28	329	18.87
47	28	348	21.34
47	28	349	13.42
47	28	359	60.10
47	28	362	17.32
47	28	367	22.76
47	28	370	20.66
47	28	376	18.82
47	28	386	39.62
47	28	401	31.01
47	28	403	24.14
47	28	424	23.72
47	28	437	14.52
47	28	442	33.59
47	28	445	14.75
47	28	464	18.30
47	28	468	26.79
47	28	473	39.18
47	28	480	24.54
47	28	482	39.04
47	28	488	35.37
47	28	489	16.17
47	28	493	19.61
47	28	494	20.93
47	28	495	37.75
47	28	500	14.80
47	28	501	16.42
47	28	505	19.30
47	28	509	15.21
47	28	515	23.27
47	28	532	18.06
47	28	536	18.90
47	28	540	43.30
47	28	556	28.82
47	28	557	25.06
47	29	12	29.44
47	29	26	23.83
47	29	30	61.70
47	29	31	21.87
47	29	47	40.25
47	29	62	31.82
47	29	74	33.23
47	29	84	25.59
47	29	90	54.17
47	29	102	25.99
47	29	119	47.69
47	29	121	27.51
47	29	137	37.62
47	29	139	38.61
47	29	149	72.56
47	29	244	20.97
47	29	251	39.31
47	29	277	27.10
47	29	281	26.56
47	29	290	24.51
47	29	299	44.56
47	29	309	60.21
47	29	318	48.51
47	29	320	22.77
47	29	321	45.52
47	29	342	27.06
47	29	351	36.73
47	29	381	25.85
47	29	394	27.51
47	29	464	25.41
47	29	473	44.55
47	29	499	75.82
47	30	45	50.35
47	30	73	23.13
47	30	104	28.89
47	30	113	49.31
47	30	125	24.82
47	30	182	26.59
47	30	214	48.96
47	30	218	22.31
47	30	239	60.54
47	30	253	58.44
47	30	255	37.76
47	30	261	52.90
47	30	265	24.35
47	30	266	53.72
47	30	282	27.48
47	30	300	57.55
47	30	343	28.66
47	30	352	50.34
47	30	400	60.35
47	30	419	33.63
47	30	470	27.46
