Task=105 Orders=51 Vehicles=447 Scores=2183
105	1	9	80.55
105	1	23	36.68
105	1	37	64.24
105	1	56	50.58
105	1	57	55.14
105	1	71	50.92
105	1	94	38.65
105	1	98	68.25
105	1	99	66.68
105	1	158	39.18
105	1	263	45.13
105	1	410	46.79
105	1,16	99	91.00
105	1,27	9	104.30
105	1,27	23	56.27
105	1,27	37	85.76
105	1,27	56	72.76
105	1,27	57	76.66
105	1,27	71	70.94
105	1,27	94	61.93
105	1,27	99	89.06
105	1,27	158	61.10
105	1,27	263	67.46
105	1,51	23	51.73
105	1,51	56	68.65
105	1,51	57	70.99
105	1,51	99	90.34
105	1,51	158	57.00
105	2	11	12.90
105	2	19	26.92
105	2	24	46.58
105	2	34	22.46
105	2	58	38.01
105	2	65	32.24
105	2	75	46.49
105	2	113	28.14
105	2	138	21.27
105	2	144	44.15
105	2	148	17.15
105	2	179	37.58
105	2	192	17.61
105	2	209	19.41
105	2	212	41.65
105	2	216	19.42
105	2	227	54.46
105	2	261	34.52
105	2	272	29.28
105	2	278	33.94
105	2	279	46.37
105	2	284	20.10
105	2	285	20.21
105	2	291	17.65
105	2	315	17.37
105	2	323	59.45
105	2	334	39.39
105	2	350	43.27
105	2	356	28.39
105	2	377	33.61
105	2	388	48.75
105	2	390	25.54
105	2	395	16.96
105	2	428	22.77
105	2,49	11	24.69
105	2,49	24	58.83
105	2,49	58	47.65
105	2,49	65	43.96
105	2,49	75	58.69
105	2,49	113	38.69
105	2,49	138	36.15
105	2,49	144	56.03
105	2,49	148	28.58
105	2,49	179	48.10
105	2,49	192	25.80
105	2,49	209	31.32
105	2,49	212	56.86
105	2,49	216	33.96
105	2,49	261	46.35
105	2,49	272	39.69
105	2,49	278	48.68
105	2,49	279	57.69
105	2,49	284	33.72
105	2,49	285	28.99
105	2,49	291	27.17
105	2,49	315	28.72
105	2,49	334	48.03
105	2,49	350	55.56
105	2,49	356	44.08
105	2,49	377	42.94
105	2,49	395	25.25
105	2,49	428	36.45
105	3	1	47.52
105	3	7	19.08
105	3	8	39.37
105	3	15	80.32
105	3	29	22.66
105	3	36	20.07
105	3	52	18.15
105	3	68	46.54
105	3	79	18.97
105	3	104	23.82
105	3	110	38.32
105	3	114	67.77
105	3	130	48.82
105	3	157	25.90
105	3	175	36.23
105	3	177	20.94
105	3	180	48.80
105	3	186	49.15
105	3	188	48.17
105	3	241	40.82
105	3	243	23.65
105	3	246	50.96
105	3	260	37.55
105	3	302	20.89
105	3	326	20.54
105	3	331	21.73
105	3	416	22.10
105	3,10	7	24.93
105	3,10	36	26.01
105	3,10	52	24.25
105	3,10	79	24.56
105	3,10	110	45.87
105	3,10	130	55.20
105	3,10	175	42.14
105	3,10	177	26.44
105	3,10	188	54.93
105	3,10	243	30.59
105	3,10	302	26.73
105	3,10	326	26.15
105	3,10	331	28.10
105	3,39	7	38.55
105	3,39	29	42.14
105	3,39	36	40.52
105	3,39	52	36.68
105	3,39	68	71.99
105	3,39	79	36.45
105	3,39	104	43.38
105	3,39	130	77.38
105	3,39	157	47.55
105	3,39	175	61.65
105	3,39	177	40.92
105	3,39	186	77.35
105	3,39	188	68.31
105	3,39	241	65.21
105	3,39	243	45.06
105	3,39	302	40.61
105	3,39	326	40.35
105	3,39	331	41.41
105	3,39	416	40.59
105	4	23	32.20
105	4	45	42.25
105	4	56	49.62
105	4	81	59.68
105	4	98	59.01
105	4	99	62.82
105	4	107	50.54
105	4	112	38.42
105	4	146	43.76
105	4	176	30.77
105	4	259	61.31
105	4	275	22.59
105	4	336	33.73
105	4	366	61.35
105	4	410	46.75
105	4,28	99	74.59
105	4,28	146	68.96
105	4,28	176	52.76
105	4,36	23	44.77
105	4,36	56	66.15
105	4,36	146	62.06
105	4,36	176	43.07
105	5	27	12.83
105	5	30	30.08
105	5	38	33.54
105	5	39	16.48
105	5	47	12.10
105	5	48	48.44
105	5	54	13.45
105	5	63	37.76
105	5	73	27.00
105	5	77	18.24
105	5	85	50.10
105	5	86	13.66
105	5	90	33.83
105	5	92	16.01
105	5	129	30.31
105	5	140	14.65
105	5	145	53.31
105	5	152	13.65
105	5	154	32.82
105	5	156	18.77
105	5	163	21.17
105	5	169	32.65
105	5	200	58.34
105	5	202	14.63
105	5	206	13.99
105	5	217	20.63
105	5	229	23.96
105	5	233	18.99
105	5	236	27.58
105	5	237	22.97
105	5	240	41.83
105	5	250	14.96
105	5	254	13.63
105	5	258	39.82
105	5	286	35.59
105	5	305	13.85
105	5	309	17.01
105	5	341	13.85
105	5	348	30.04
105	5	375	35.92
105	5	391	33.87
105	5	402	14.07
105	5	411	12.37
105	5	421	22.44
105	5,40	27	22.34
105	5,40	30	41.18
105	5,40	39	25.72
105	5,40	47	21.65
105	5,40	48	58.31
105	5,40	54	23.37
105	5,40	63	49.39
105	5,40	73	39.31
105	5,40	77	27.20
105	5,40	86	24.32
105	5,40	90	42.87
105	5,40	92	27.01
105	5,40	140	23.58
105	5,40	152	23.28
105	5,40	154	42.21
105	5,40	163	35.31
105	5,40	169	43.23
105	5,40	202	25.59
105	5,40	206	23.56
105	5,40	217	34.65
105	5,40	229	35.73
105	5,40	233	29.07
105	5,40	236	40.99
105	5,40	237	36.59
105	5,40	250	25.03
105	5,40	254	23.17
105	5,40	258	52.06
105	5,40	286	45.69
105	5,40	305	23.94
105	5,40	309	26.51
105	5,40	341	23.80
105	5,40	348	39.79
105	5,40	375	47.76
105	5,40	391	45.85
105	5,40	402	23.39
105	5,40	411	22.20
105	5,40	421	32.55
105	6	24	47.94
105	6	32	50.44
105	6	44	46.61
105	6	58	33.70
105	6	59	42.30
105	6	60	23.08
105	6	78	26.38
105	6	87	29.76
105	6	106	30.79
105	6	113	27.39
105	6	118	19.10
105	6	122	53.44
105	6	123	16.62
105	6	137	21.54
105	6	142	13.92
105	6	143	23.30
105	6	144	39.87
105	6	179	33.03
105	6	184	40.28
105	6	192	16.58
105	6	194	27.89
105	6	209	15.13
105	6	226	14.54
105	6	227	44.37
105	6	228	26.94
105	6	230	42.70
105	6	248	34.41
105	6	261	29.76
105	6	270	37.90
105	6	272	29.61
105	6	278	37.37
105	6	279	39.18
105	6	280	17.41
105	6	285	15.30
105	6	291	15.51
105	6	310	49.35
105	6	314	29.25
105	6	318	55.61
105	6	323	54.83
105	6	324	22.14
105	6	339	14.07
105	6	346	13.52
105	6	350	35.11
105	6	356	28.92
105	6	373	23.14
105	6	381	14.63
105	6	385	15.63
105	6	388	51.56
105	6	394	28.17
105	6	395	16.11
105	6	398	13.61
105	6	404	24.13
105	6	405	24.83
105	6	415	28.31
105	6	419	14.06
105	6	422	36.80
105	6	423	12.27
105	6	430	21.34
105	6	432	13.08
105	6	436	14.32
105	6	443	14.93
105	6	444	43.32
105	6	446	28.76
105	6,18	24	62.94
105	6,18	58	49.51
105	6,18	60	43.82
105	6,18	122	69.15
105	6,18	144	58.13
105	6,18	179	46.48
105	6,18	192	38.20
105	6,18	228	44.14
105	6,18	230	62.17
105	6,18	248	50.46
105	6,18	279	57.06
105	6,18	285	40.04
105	6,18	291	39.96
105	6,18	310	66.44
105	6,18	318	71.76
105	6,18	356	51.46
105	6,18	395	40.18
105	6,18	405	48.06
105	7	21	31.41
105	7	50	32.17
105	7	60	21.31
105	7	70	47.97
105	7	82	36.58
105	7	97	25.13
105	7	112	28.76
105	7	119	38.44
105	7	167	45.94
105	7	174	63.75
105	7	276	55.72
105	7	367	32.77
105	7,30	21	41.63
105	7,30	50	41.79
105	7,30	60	31.30
105	7,30	70	58.23
105	7,30	82	46.80
105	7,30	97	33.96
105	7,30	112	42.07
105	7,30	119	48.49
105	7,30	367	43.90
105	7,35	21	48.38
105	7,35	50	49.17
105	7,35	60	38.39
105	7,35	70	66.87
105	7,35	82	54.85
105	7,35	97	40.59
105	7,35	112	49.77
105	7,35	119	55.97
105	7,35	367	52.10
105	7,41	21	44.79
105	7,41	50	47.14
105	7,41	60	34.65
105	7,41	70	63.56
105	7,41	82	52.70
105	7,41	97	38.13
105	7,41	119	53.86
105	7,41	367	47.72
105	7,46	21	38.65
105	7,46	50	38.13
105	7,46	60	26.86
105	7,46	70	54.24
105	7,46	82	45.46
105	7,46	97	30.24
105	7,46	112	38.96
105	7,46	119	47.20
105	7,46	367	40.61
105	8	4	31.04
105	8	24	48.87
105	8	32	51.20
105	8	44	47.52
105	8	50	30.15
105	8	58	34.87
105	8	59	43.61
105	8	60	23.42
105	8	70	39.07
105	8	78	27.86
105	8	87	32.54
105	8	97	19.27
105	8	106	32.69
105	8	122	54.18
105	8	123	20.08
105	8	137	23.63
105	8	142	15.37
105	8	143	25.68
105	8	144	41.42
105	8	179	33.37
105	8	184	41.48
105	8	192	18.44
105	8	194	29.45
105	8	209	17.44
105	8	226	18.30
105	8	227	47.15
105	8	228	27.96
105	8	230	43.99
105	8	248	35.32
105	8	261	31.93
105	8	270	39.31
105	8	272	31.83
105	8	278	39.61
105	8	279	38.59
105	8	280	18.85
105	8	285	17.80
105	8	291	17.80
105	8	310	51.49
105	8	314	32.11
105	8	318	55.63
105	8	323	54.92
105	8	324	27.06
105	8	339	17.38
105	8	346	16.89
105	8	350	28.82
105	8	356	30.93
105	8	367	33.75
105	8	369	35.72
105	8	373	25.34
105	8	381	17.55
105	8	385	19.61
105	8	388	52.37
105	8	392	35.75
105	8	394	29.65
105	8	395	18.41
105	8	398	15.61
105	8	404	26.04
105	8	405	25.89
105	8	415	29.87
105	8	419	17.97
105	8	422	38.15
105	8	423	16.41
105	8	430	23.92
105	8	432	13.48
105	8	436	16.99
105	8	444	32.65
105	8	446	30.37
105	8,18	24	71.96
105	8,18	58	55.21
105	8,18	60	42.52
105	8,18	70	64.49
105	8,18	122	79.35
105	8,18	144	65.00
105	8,18	179	53.70
105	8,18	192	36.94
105	8,18	228	50.69
105	8,18	230	63.94
105	8,18	248	58.63
105	8,18	279	62.48
105	8,18	285	38.45
105	8,18	291	38.41
105	8,18	310	78.48
105	8,18	318	81.42
105	8,18	356	51.77
105	8,18	395	38.62
105	8,18	405	48.62
105	9	1	43.03
105	9	7	12.82
105	9	8	33.97
105	9	15	76.49
105	9	16	12.31
105	9	29	16.34
105	9	36	13.77
105	9	40	13.63
105	9	52	10.63
105	9	53	12.11
105	9	68	39.15
105	9	74	12.80
105	9	79	12.58
105	9	80	18.25
105	9	83	12.08
105	9	84	23.96
105	9	104	16.75
105	9	110	36.85
105	9	114	63.61
105	9	117	28.20
105	9	125	15.23
105	9	130	41.54
105	9	134	17.72
105	9	135	11.62
105	9	151	40.44
105	9	157	17.28
105	9	175	30.34
105	9	177	14.85
105	9	180	40.55
105	9	186	43.58
105	9	188	40.34
105	9	218	36.14
105	9	241	35.04
105	9	243	16.44
105	9	246	45.13
105	9	257	16.85
105	9	260	35.25
105	9	262	16.93
105	9	302	14.72
105	9	320	24.35
105	9	326	14.03
105	9	331	14.97
105	9	349	24.17
105	9	365	15.32
105	9	372	42.21
105	9	378	18.14
105	9	386	13.49
105	9	397	26.45
105	9	403	13.46
105	9	407	15.94
105	9	416	14.66
105	9,45	7	22.23
105	9,45	16	21.86
105	9,45	29	25.77
105	9,45	36	23.37
105	9,45	40	23.46
105	9,45	52	20.28
105	9,45	53	22.66
105	9,45	68	50.54
105	9,45	74	22.76
105	9,45	79	21.46
105	9,45	80	27.85
105	9,45	83	22.41
105	9,45	84	33.06
105	9,45	104	26.87
105	9,45	117	41.61
105	9,45	125	24.49
105	9,45	130	51.92
105	9,45	134	27.18
105	9,45	135	21.49
105	9,45	151	51.18
105	9,45	157	27.90
105	9,45	175	40.04
105	9,45	177	23.99
105	9,45	186	54.30
105	9,45	188	50.86
105	9,45	218	45.80
105	9,45	241	44.52
105	9,45	243	26.93
105	9,45	257	26.54
105	9,45	262	27.80
105	9,45	302	24.15
105	9,45	320	34.01
105	9,45	326	23.28
105	9,45	331	24.73
105	9,45	365	25.38
105	9,45	378	33.07
105	9,45	386	23.35
105	9,45	397	36.15
105	9,45	403	23.32
105	9,45	407	26.38
105	9,45	416	24.15
105	10	7	13.25
105	10	8	29.96
105	10	16	15.65
105	10	36	14.15
105	10	40	16.68
105	10	46	19.89
105	10	52	15.44
105	10	53	18.10
105	10	61	52.69
105	10	74	16.46
105	10	79	15.73
105	10	83	17.70
105	10	110	33.51
105	10	130	45.37
105	10	135	17.01
105	10	161	38.87
105	10	175	25.59
105	10	177	11.23
105	10	188	45.72
105	10	218	31.89
105	10	221	16.70
105	10	243	20.04
105	10	246	44.06
105	10	265	15.20
105	10	289	39.61
105	10	302	14.28
105	10	320	21.83
105	10	326	15.49
105	10	327	40.23
105	10	331	18.37
105	10	337	15.55
105	10	349	14.92
105	10	372	41.56
105	10	378	28.73
105	10	386	15.23
105	10	397	30.14
105	10	401	20.41
105	10	403	15.10
105	11	2	34.27
105	11	22	43.23
105	11	25	56.63
105	11	41	21.59
105	11	43	49.73
105	11	66	18.13
105	11	88	49.15
105	11	91	58.21
105	11	164	25.54
105	11	172	42.42
105	11	181	28.32
105	11	205	42.10
105	11	208	47.70
105	11	222	37.42
105	11	225	41.89
105	11	256	22.15
105	11	264	43.21
105	11	295	51.68
105	11	335	33.94
105	11	357	58.03
105	11	361	41.15
105	11	389	41.76
105	11	393	50.08
105	11	435	43.11
105	11	447	46.96
105	11,21	2	48.83
105	11,21	22	57.44
105	11,21	25	71.31
105	11,21	41	36.23
105	11,21	43	64.49
105	11,21	66	31.86
105	11,21	88	63.75
105	11,21	164	42.66
105	11,21	172	56.17
105	11,21	181	43.06
105	11,21	208	62.86
105	11,21	222	51.99
105	11,21	225	56.65
105	11,21	256	36.37
105	11,21	264	58.38
105	11,21	335	48.23
105	11,21	361	56.17
105	11,21	393	63.68
105	11,21	435	57.85
105	11,21	447	61.11
105	11,24	222	54.21
105	11,43	2	53.62
105	11,43	66	34.69
105	11,43	88	64.83
105	11,43	164	52.18
105	11,43	208	67.63
105	11,43	222	57.46
105	11,43	264	63.32
105	11,43	361	55.69
105	11,43	435	66.21
105	12	13	26.20
105	12	21	35.27
105	12	45	37.56
105	12	49	17.63
105	12	82	30.97
105	12	98	56.24
105	12	112	35.61
105	12	119	33.18
105	12	167	53.77
105	12	174	62.72
105	12	234	46.11
105	12	275	31.21
105	12	276	54.49
105	12	281	53.27
105	12	307	40.85
105	12	358	52.90
105	12	380	31.82
105	12	400	44.38
105	12	442	41.06
105	12,13	275	48.30
105	12,31	112	54.06
105	12,31	275	46.68
105	13	23	30.68
105	13	31	44.58
105	13	45	44.59
105	13	93	37.79
105	13	96	35.06
105	13	98	57.87
105	13	99	59.55
105	13	128	41.56
105	13	146	49.85
105	13	166	71.97
105	13	176	28.80
105	13	190	29.70
105	13	275	33.18
105	13	298	39.65
105	13	366	60.75
105	13,16	31	70.61
105	13,16	93	52.97
105	13,16	96	61.80
105	13,16	99	73.72
105	13,16	128	55.89
105	13,16	146	64.69
105	13,16	176	57.75
105	13,16	190	47.87
105	13,16	298	53.25
105	13,28	31	58.03
105	13,28	93	49.25
105	13,28	96	49.75
105	13,28	99	70.23
105	13,28	128	52.37
105	13,28	146	61.23
105	13,28	176	58.31
105	13,28	190	44.61
105	13,28	298	49.58
105	13,36	23	55.82
105	13,36	31	69.41
105	13,36	93	58.69
105	13,36	146	67.85
105	13,36	176	58.37
105	13,36	190	58.06
105	14	23	33.37
105	14	31	47.68
105	14	56	53.79
105	14	57	57.10
105	14	93	40.04
105	14	96	41.79
105	14	98	65.13
105	14	99	63.55
105	14	121	25.28
105	14	128	46.41
105	14	146	46.69
105	14	166	76.61
105	14	176	41.49
105	14	190	43.83
105	14	197	54.44
105	14	275	37.87
105	14	298	45.51
105	14	366	66.54
105	14	410	52.20
105	14,27	23	59.80
105	14,27	56	67.46
105	14,27	57	69.34
105	14,27	99	94.08
105	14,36	23	54.24
105	14,36	31	68.27
105	14,36	56	77.62
105	14,36	57	80.20
105	14,36	93	64.06
105	14,36	121	46.86
105	14,36	146	74.94
105	14,36	176	60.46
105	14,36	190	72.18
105	14,38	23	41.49
105	14,38	56	62.37
105	14,38	57	65.54
105	14,38	93	49.00
105	14,38	96	49.66
105	14,38	99	72.23
105	14,38	121	33.49
105	14,38	128	55.11
105	14,38	146	55.65
105	14,38	176	52.41
105	14,38	190	59.66
105	14,38	298	54.62
105	15	4	28.65
105	15	24	48.49
105	15	32	49.58
105	15	44	46.92
105	15	50	28.06
105	15	59	41.55
105	15	60	21.41
105	15	70	38.79
105	15	78	27.25
105	15	87	32.21
105	15	97	17.39
105	15	106	25.04
105	15	122	53.58
105	15	123	19.82
105	15	137	21.34
105	15	142	13.56
105	15	143	25.35
105	15	144	37.90
105	15	179	31.46
105	15	184	39.42
105	15	192	18.08
105	15	194	29.08
105	15	209	17.10
105	15	226	16.00
105	15	227	46.70
105	15	228	27.35
105	15	230	40.58
105	15	248	34.07
105	15	261	31.61
105	15	270	38.72
105	15	272	31.55
105	15	279	28.01
105	15	280	16.61
105	15	285	17.51
105	15	291	17.48
105	15	310	51.24
105	15	314	31.82
105	15	318	53.30
105	15	323	52.77
105	15	324	26.83
105	15	339	16.79
105	15	346	16.28
105	15	350	36.68
105	15	356	30.14
105	15	367	31.66
105	15	369	27.99
105	15	373	22.59
105	15	381	16.87
105	15	385	16.59
105	15	388	51.97
105	15	392	33.37
105	15	394	27.49
105	15	398	13.44
105	15	404	23.30
105	15	405	23.97
105	15	415	27.48
105	15	419	16.69
105	15	422	36.01
105	15	423	16.32
105	15	430	18.42
105	15	432	13.58
105	15	436	14.59
105	15	441	18.75
105	15	444	41.06
105	15	446	28.21
105	15,18	24	59.21
105	15,18	60	33.58
105	15,18	70	50.28
105	15,18	122	65.23
105	15,18	144	62.07
105	15,18	179	43.23
105	15,18	192	28.28
105	15,18	228	40.56
105	15,18	230	53.83
105	15,18	248	46.75
105	15,18	279	53.58
105	15,18	285	28.15
105	15,18	291	28.52
105	15,18	310	62.10
105	15,18	318	67.85
105	15,18	356	42.07
105	15,18	405	37.45
105	16	31	49.54
105	16	93	39.76
105	16	96	41.38
105	16	99	60.62
105	16	121	22.38
105	16	128	43.14
105	16	146	52.11
105	16	166	71.38
105	16	176	39.80
105	16	190	41.00
105	16	197	56.86
105	16	223	27.56
105	16	273	46.77
105	16	298	39.30
105	16	366	62.14
105	16,28	31	63.10
105	16,28	93	54.61
105	16,28	96	55.31
105	16,28	99	75.13
105	16,28	121	36.30
105	16,28	128	57.41
105	16,28	146	66.48
105	16,28	176	65.75
105	16,28	190	56.54
105	16,28	223	42.06
105	16,28	273	61.28
105	16,28	298	54.59
105	17	2	32.38
105	17	3	46.77
105	17	22	44.31
105	17	25	56.63
105	17	41	22.25
105	17	64	25.61
105	17	66	22.15
105	17	88	49.08
105	17	91	57.18
105	17	103	71.97
105	17	120	60.68
105	17	131	58.17
105	17	164	25.34
105	17	172	41.00
105	17	181	26.23
105	17	185	34.99
105	17	193	45.51
105	17	205	42.65
105	17	208	49.01
105	17	210	56.63
105	17	224	37.10
105	17	225	39.99
105	17	252	29.23
105	17	256	22.87
105	17	271	22.48
105	17	282	53.24
105	17	290	24.70
105	17	295	56.41
105	17	301	43.59
105	17	312	26.99
105	17	328	29.23
105	17	330	25.45
105	17	335	37.90
105	17	360	53.01
105	17	363	26.99
105	17	364	33.86
105	17	368	22.75
105	17	389	45.90
105	17	393	38.99
105	17	399	46.18
105	17	429	50.25
105	17	435	39.92
105	17	445	23.97
105	17	447	47.37
105	17,21	2	49.76
105	17,21	22	61.34
105	17,21	25	74.15
105	17,21	41	37.45
105	17,21	64	42.17
105	17,21	66	36.46
105	17,21	88	66.48
105	17,21	120	79.46
105	17,21	164	42.97
105	17,21	172	57.27
105	17,21	181	41.51
105	17,21	208	67.20
105	17,21	224	53.46
105	17,21	225	57.56
105	17,21	252	46.55
105	17,21	256	37.68
105	17,21	290	42.18
105	17,21	301	61.83
105	17,21	328	47.07
105	17,21	335	54.76
105	17,21	364	53.96
105	17,21	368	38.34
105	17,21	393	65.03
105	17,21	435	57.52
105	17,21	445	39.56
105	17,21	447	64.13
105	18	24	54.28
105	18	32	56.00
105	18	44	53.24
105	18	58	41.18
105	18	60	28.54
105	18	70	44.79
105	18	122	59.56
105	18	144	48.82
105	18	179	38.10
105	18	192	22.52
105	18	228	35.03
105	18	230	43.62
105	18	248	41.62
105	18	270	46.56
105	18	279	47.41
105	18	285	22.85
105	18	291	23.08
105	18	310	57.24
105	18	318	61.51
105	18	323	59.63
105	18	334	30.76
105	18	356	36.45
105	18	388	53.97
105	18	395	23.06
105	18	405	31.92
105	19	6	37.27
105	19	64	20.90
105	19	81	44.46
105	19	88	40.93
105	19	107	44.59
105	19	108	50.66
105	19	109	34.25
105	19	112	37.58
105	19	131	58.90
105	19	132	42.17
105	19	133	41.46
105	19	136	65.21
105	19	160	49.46
105	19	182	20.99
105	19	187	40.48
105	19	207	16.90
105	19	215	35.99
105	19	231	48.24
105	19	235	49.85
105	19	245	38.07
105	19	259	57.35
105	19	292	46.34
105	19	303	17.65
105	19	304	17.25
105	19	317	48.68
105	19	319	25.83
105	19	332	29.58
105	19	336	30.82
105	19	340	49.01
105	19	351	45.87
105	19	359	49.00
105	19	370	32.58
105	19	383	40.31
105	19	384	30.94
105	19	387	41.94
105	19	433	54.31
105	19	437	18.44
105	19,33	107	55.73
105	19,33	112	47.76
105	19,33	133	63.58
105	19,33	207	27.49
105	19,33	215	46.83
105	19,33	231	59.90
105	19,33	235	60.14
105	19,33	245	48.41
105	19,33	259	65.15
105	19,33	292	67.77
105	19,33	304	27.90
105	19,33	319	37.48
105	19,33	332	52.15
105	19,33	336	48.83
105	19,33	340	57.18
105	19,33	351	67.56
105	19,33	370	42.86
105	19,33	383	62.92
105	19,33	384	53.52
105	19,33	387	52.68
105	19,33	437	29.13
105	20	69	41.18
105	20	196	28.03
105	20	204	41.46
105	20	232	47.94
105	20	242	23.17
105	20	255	40.10
105	20	277	66.99
105	20	287	45.41
105	20	288	35.93
105	20	313	44.70
105	20	406	14.89
105	20	409	41.79
105	20	417	35.63
105	20	426	16.24
105	20	431	35.13
105	20,26	69	67.27
105	20,26	196	52.92
105	20,26	204	71.68
105	20,26	232	72.82
105	20,26	242	48.92
105	20,26	255	67.10
105	20,26	287	72.42
105	20,26	288	65.70
105	20,26	313	74.49
105	20,26	417	60.55
105	20,26	431	61.79
105	21	2	35.45
105	21	22	44.04
105	21	25	57.99
105	21	41	22.94
105	21	43	50.87
105	21	64	26.07
105	21	66	19.52
105	21	88	49.96
105	21	91	58.97
105	21	120	60.20
105	21	131	54.79
105	21	164	24.94
105	21	172	43.96
105	21	178	49.96
105	21	181	29.34
105	21	205	41.51
105	21	208	49.48
105	21	219	24.48
105	21	222	38.61
105	21	224	36.62
105	21	225	42.85
105	21	252	31.28
105	21	256	23.75
105	21	264	44.99
105	21	267	23.13
105	21	290	22.79
105	21	294	23.10
105	21	295	56.93
105	21	301	42.34
105	21	328	29.39
105	21	329	55.76
105	21	335	35.24
105	21	357	59.18
105	21	360	54.63
105	21	361	43.24
105	21	364	37.69
105	21	368	25.92
105	21	389	42.34
105	21	393	49.94
105	21	435	44.72
105	21	445	27.13
105	21	447	48.01
105	21,43	2	50.11
105	21,43	66	31.54
105	21,43	88	61.31
105	21,43	164	42.97
105	21,43	208	63.62
105	21,43	222	52.80
105	21,43	264	59.34
105	21,43	361	52.77
105	21,43	435	58.89
105	22	28	20.10
105	22	33	59.23
105	22	153	43.48
105	22	195	34.37
105	22	196	35.24
105	22	199	37.58
105	22	203	49.49
105	22	238	31.23
105	22	242	40.59
105	22	293	51.58
105	22	306	36.94
105	22	325	54.61
105	22	345	55.89
105	22	408	24.32
105	22	412	27.10
105	22,26	196	66.87
105	22,26	242	50.21
105	22,50	28	39.92
105	22,50	153	74.63
105	22,50	196	63.44
105	22,50	203	79.01
105	22,50	242	62.04
105	23	27	10.32
105	23	30	28.87
105	23	39	24.87
105	23	47	12.48
105	23	48	43.97
105	23	54	13.66
105	23	63	36.49
105	23	73	24.03
105	23	85	48.89
105	23	86	14.14
105	23	90	26.48
105	23	92	15.65
105	23	129	26.80
105	23	140	10.72
105	23	145	53.80
105	23	152	13.92
105	23	154	28.63
105	23	156	13.25
105	23	168	32.83
105	23	169	27.59
105	23	173	22.63
105	23	200	54.93
105	23	202	15.06
105	23	206	14.15
105	23	217	22.69
105	23	229	23.52
105	23	237	21.66
105	23	240	37.55
105	23	250	11.94
105	23	254	10.24
105	23	258	38.58
105	23	286	30.94
105	23	305	14.24
105	23	309	16.62
105	23	341	12.68
105	23	375	34.15
105	23	391	29.54
105	23	402	14.21
105	23	411	12.83
105	23	418	15.04
105	23	421	21.85
105	23,34	27	27.08
105	23,34	30	35.63
105	23,34	39	29.69
105	23,34	47	20.08
105	23,34	48	61.17
105	23,34	54	21.86
105	23,34	63	43.55
105	23,34	73	39.48
105	23,34	86	23.08
105	23,34	90	41.77
105	23,34	92	23.80
105	23,34	140	26.15
105	23,34	152	22.21
105	23,34	154	44.61
105	23,34	169	46.92
105	23,34	202	24.44
105	23,34	206	22.25
105	23,34	217	29.54
105	23,34	229	31.30
105	23,34	237	31.63
105	23,34	250	29.00
105	23,34	254	27.97
105	23,34	258	46.28
105	23,34	286	48.34
105	23,34	305	22.80
105	23,34	309	25.00
105	23,34	341	21.44
105	23,34	375	43.44
105	23,34	391	39.31
105	23,34	402	22.00
105	23,34	411	20.76
105	23,34	421	29.23
105	24	6	38.85
105	24	21	37.08
105	24	50	32.24
105	24	70	50.77
105	24	82	40.42
105	24	97	28.18
105	24	107	48.48
105	24	108	47.97
105	24	112	36.10
105	24	119	43.11
105	24	133	52.41
105	24	136	76.92
105	24	167	59.66
105	24	174	64.34
105	24	222	42.15
105	24	231	52.58
105	24	235	51.77
105	24	251	74.37
105	24	276	56.38
105	24	357	61.59
105	24	359	52.37
105	24	367	39.38
105	24,31	107	67.41
105	24,31	112	54.24
105	24,31	133	79.32
105	24,31	231	71.39
105	24,32	107	53.46
105	24,32	112	41.69
105	24,32	133	62.85
105	24,32	222	47.61
105	24,32	231	58.20
105	24,32	235	57.52
105	24,32	251	79.86
105	24,33	107	64.03
105	24,33	112	51.10
105	24,33	133	75.66
105	24,33	231	68.11
105	24,33	235	68.34
105	24,35	21	46.75
105	24,35	50	47.39
105	24,35	70	62.97
105	24,35	82	52.90
105	24,35	97	38.99
105	24,35	112	47.90
105	24,35	119	54.15
105	24,35	367	50.13
105	24,43	222	60.20
105	24,43	235	72.21
105	24,43	251	105.46
105	25	5	24.01
105	25	14	21.08
105	25	17	21.76
105	25	18	17.03
105	25	26	53.45
105	25	55	50.17
105	25	72	44.89
105	25	89	52.70
105	25	100	44.79
105	25	116	23.58
105	25	126	44.94
105	25	127	42.00
105	25	139	24.85
105	25	149	42.49
105	25	155	28.13
105	25	189	41.66
105	25	198	12.04
105	25	211	30.03
105	25	214	21.65
105	25	220	14.38
105	25	244	14.90
105	25	266	12.90
105	25	269	40.00
105	25	296	32.76
105	25	300	23.14
105	25	308	12.70
105	25	311	27.37
105	25	316	27.93
105	25	322	54.15
105	25	333	17.99
105	25	343	14.52
105	25	352	17.83
105	25	374	28.83
105	25	379	13.38
105	25	413	14.03
105	25	420	34.85
105	25	425	13.37
105	25	434	12.46
105	25	438	14.44
105	25	439	30.99
105	25,44	5	35.49
105	25,44	14	32.45
105	25,44	17	34.94
105	25,44	26	64.51
105	25,44	72	55.41
105	25,44	89	59.44
105	25,44	100	52.04
105	25,44	127	50.37
105	25,44	139	34.31
105	25,44	155	37.07
105	25,44	198	20.90
105	25,44	211	41.15
105	25,44	214	33.79
105	25,44	220	26.41
105	25,44	244	26.08
105	25,44	266	19.80
105	25,44	296	39.58
105	25,44	308	22.89
105	25,44	311	34.89
105	25,44	316	43.66
105	25,44	343	25.38
105	25,44	374	37.93
105	25,44	379	20.45
105	25,44	413	24.79
105	25,44	425	20.70
105	25,44	434	25.10
105	25,44	438	21.63
105	26	69	56.28
105	26	141	42.10
105	26	196	38.63
105	26	204	52.13
105	26	232	43.10
105	26	242	32.38
105	26	255	49.85
105	26	277	78.10
105	26	287	56.97
105	26	288	48.31
105	26	313	55.55
105	26	417	45.77
105	26	431	31.03
105	26,50	69	83.90
105	26,50	141	68.87
105	26,50	196	67.89
105	26,50	204	74.76
105	26,50	242	52.28
105	26,50	255	70.62
105	26,50	288	81.93
105	26,50	313	91.21
105	26,50	417	66.20
105	26,50	431	68.27
105	27	9	78.82
105	27	23	36.80
105	27	37	65.76
105	27	56	51.97
105	27	57	54.17
105	27	71	50.10
105	27	94	38.11
105	27	98	67.39
105	27	99	67.89
105	27	158	40.86
105	27	263	43.69
105	27	366	67.20
105	27	410	48.45
105	27,29	9	88.58
105	27,29	23	50.31
105	27,29	37	80.66
105	27,29	56	65.58
105	27,29	57	70.35
105	27,29	71	65.62
105	27,29	99	81.66
105	27,29	158	54.23
105	27,29	263	61.13
105	28	31	50.00
105	28	93	40.32
105	28	96	41.89
105	28	99	61.46
105	28	121	23.39
105	28	128	43.69
105	28	146	53.00
105	28	166	72.69
105	28	176	37.51
105	28	190	38.59
105	28	197	57.44
105	28	223	28.79
105	28	273	47.35
105	28	298	40.49
105	28	366	62.66
105	29	9	70.13
105	29	12	36.55
105	29	23	28.14
105	29	37	56.06
105	29	56	40.13
105	29	57	45.72
105	29	71	42.85
105	29	76	45.58
105	29	98	59.15
105	29	99	55.97
105	29	102	25.52
105	29	124	35.89
105	29	146	44.07
105	29	158	29.10
105	29	190	35.35
105	29	201	37.01
105	29	247	47.49
105	29	253	49.49
105	29	263	35.58
105	29	283	19.54
105	29	297	50.21
105	29	321	20.96
105	29	342	32.48
105	29	344	21.00
105	29	362	38.44
105	29	366	58.11
105	29	396	40.08
105	29	410	36.86
105	29	442	34.07
105	30	21	31.03
105	30	50	30.72
105	30	60	20.92
105	30	70	46.30
105	30	82	35.01
105	30	97	24.03
105	30	112	30.54
105	30	119	37.20
105	30	167	41.17
105	30	174	62.13
105	30	234	42.21
105	30	276	54.18
105	30	281	53.62
105	30	307	37.25
105	30	319	26.34
105	30	358	47.82
105	30	367	31.94
105	30	369	39.49
105	30	380	31.86
105	30	392	38.13
105	30	400	35.83
105	30	441	18.82
105	30,41	21	40.82
105	30,41	50	41.75
105	30,41	60	30.39
105	30,41	70	57.90
105	30,41	82	46.61
105	30,41	97	34.07
105	30,41	119	48.41
105	30,41	234	53.89
105	30,41	307	49.00
105	30,41	367	42.56
105	30,41	369	51.14
105	30,41	380	44.38
105	30,41	392	49.13
105	30,41	400	57.34
105	30,41	441	29.31
105	30,46	21	38.86
105	30,46	50	38.24
105	30,46	60	26.51
105	30,46	70	54.11
105	30,46	82	45.45
105	30,46	97	30.03
105	30,46	112	39.00
105	30,46	119	47.28
105	30,46	234	51.54
105	30,46	307	46.92
105	30,46	319	35.80
105	30,46	367	40.58
105	30,46	369	48.03
105	30,46	380	42.10
105	30,46	392	46.11
105	30,46	400	46.85
105	30,46	441	26.32
105	31	6	42.23
105	31	45	44.87
105	31	81	59.24
105	31	98	62.06
105	31	107	49.55
105	31	112	39.61
105	31	133	51.90
105	31	136	75.65
105	31	174	67.24
105	31	207	20.96
105	31	231	55.70
105	31	259	59.30
105	31	275	28.10
105	31	336	35.92
105	31	359	55.99
105	31,33	107	61.25
105	31,33	112	51.35
105	31,33	133	63.75
105	31,33	207	32.14
105	31,33	231	67.72
105	31,33	259	72.77
105	31,33	275	43.18
105	31,33	336	46.10
105	31,35	112	52.65
105	32	6	30.92
105	32	10	37.85
105	32	13	22.68
105	32	64	14.45
105	32	81	47.24
105	32	88	34.17
105	32	107	37.07
105	32	108	36.55
105	32	109	29.18
105	32	112	31.69
105	32	131	52.58
105	32	133	37.52
105	32	136	66.10
105	32	160	46.01
105	32	171	12.21
105	32	174	58.45
105	32	182	17.54
105	32	187	38.51
105	32	207	13.69
105	32	215	27.42
105	32	222	33.14
105	32	231	44.10
105	32	235	45.17
105	32	245	29.21
105	32	251	62.73
105	32	259	49.14
105	32	267	12.00
105	32	292	46.17
105	32	295	49.06
105	32	304	11.72
105	32	307	29.00
105	32	317	51.42
105	32	319	16.07
105	32	332	29.37
105	32	340	43.61
105	32	351	45.87
105	32	358	48.13
105	32	359	41.96
105	32	370	30.37
105	32	383	37.61
105	32	384	22.79
105	32	387	38.59
105	32	433	47.54
105	32	437	12.68
105	32,35	112	42.23
105	33	6	39.30
105	33	13	29.21
105	33	45	44.72
105	33	81	48.24
105	33	107	47.17
105	33	108	52.27
105	33	112	38.73
105	33	133	45.82
105	33	136	71.14
105	33	174	63.48
105	33	187	44.06
105	33	207	17.13
105	33	215	37.77
105	33	231	50.79
105	33	235	50.79
105	33	245	39.42
105	33	259	54.59
105	33	275	29.11
105	33	292	49.21
105	33	304	16.38
105	33	317	57.75
105	33	319	27.45
105	33	332	33.79
105	33	336	33.30
105	33	340	48.10
105	33	351	48.83
105	33	358	55.34
105	33	359	51.21
105	33	370	33.65
105	33	383	44.72
105	33	384	35.25
105	33	387	43.93
105	33	433	56.65
105	33	437	17.11
105	34	27	13.87
105	34	30	28.58
105	34	38	33.41
105	34	39	24.17
105	34	47	12.55
105	34	48	48.42
105	34	54	13.97
105	34	63	36.27
105	34	73	26.77
105	34	77	18.27
105	34	85	48.58
105	34	86	14.62
105	34	90	34.20
105	34	92	14.56
105	34	140	15.17
105	34	145	55.07
105	34	152	14.14
105	34	154	33.21
105	34	163	19.73
105	34	169	33.11
105	34	200	57.23
105	34	202	15.75
105	34	206	14.85
105	34	217	21.56
105	34	229	24.03
105	34	233	17.52
105	34	236	28.04
105	34	237	23.51
105	34	240	42.18
105	34	250	15.34
105	34	254	14.97
105	34	258	38.34
105	34	286	36.15
105	34	305	14.96
105	34	309	17.25
105	34	341	13.48
105	34	348	31.18
105	34	375	35.85
105	34	391	31.03
105	34	402	14.27
105	34	411	13.03
105	34	421	21.00
105	34,40	27	24.83
105	34,40	30	39.76
105	34,40	39	32.69
105	34,40	47	23.21
105	34,40	48	60.94
105	34,40	54	25.30
105	34,40	63	47.96
105	34,40	73	37.89
105	34,40	77	28.55
105	34,40	86	27.24
105	34,40	90	45.07
105	34,40	92	27.56
105	34,40	140	26.06
105	34,40	152	25.04
105	34,40	154	44.48
105	34,40	163	33.87
105	34,40	169	46.51
105	34,40	202	28.21
105	34,40	206	25.97
105	34,40	217	33.23
105	34,40	229	34.31
105	34,40	233	29.38
105	34,40	236	39.54
105	34,40	237	35.14
105	34,40	250	26.99
105	34,40	254	26.13
105	34,40	258	50.63
105	34,40	286	48.28
105	34,40	305	26.59
105	34,40	309	28.30
105	34,40	341	24.86
105	34,40	348	43.10
105	34,40	375	46.34
105	34,40	391	47.92
105	34,40	402	25.18
105	34,40	411	24.54
105	34,40	421	33.31
105	35	21	36.38
105	35	50	36.55
105	35	60	26.54
105	35	70	53.11
105	35	82	41.38
105	35	97	29.27
105	35	112	36.66
105	35	119	43.13
105	35	167	57.20
105	35	174	68.63
105	35	276	60.32
105	35	367	38.44
105	35,42	21	50.72
105	35,42	50	50.93
105	35,42	60	39.68
105	35,42	70	68.99
105	35,42	82	59.31
105	35,42	97	42.10
105	35,42	112	52.56
105	35,42	119	60.18
105	35,42	367	54.79
105	35,46	21	44.21
105	35,46	50	44.08
105	35,46	60	32.35
105	35,46	70	60.94
105	35,46	82	51.82
105	35,46	97	35.49
105	35,46	112	45.14
105	35,46	119	53.21
105	35,46	367	47.07
105	36	23	33.77
105	36	31	46.14
105	36	56	53.86
105	36	57	55.68
105	36	71	52.66
105	36	93	38.42
105	36	121	24.10
105	36	146	46.17
105	36	158	39.35
105	36	176	35.03
105	36	190	39.79
105	36	366	65.13
105	36	410	50.52
105	36,38	23	44.58
105	36,38	56	68.39
105	36,38	57	70.97
105	36,38	93	54.31
105	36,38	121	37.77
105	36,38	146	67.30
105	36,38	176	52.63
105	36,38	190	53.49
105	37	2	24.66
105	37	22	37.65
105	37	43	46.31
105	37	64	18.10
105	37	88	45.39
105	37	91	53.65
105	37	95	43.56
105	37	101	16.86
105	37	109	26.97
105	37	111	17.42
105	37	131	54.65
105	37	132	39.51
105	37	150	26.04
105	37	159	14.35
105	37	160	44.85
105	37	164	20.61
105	37	170	19.21
105	37	172	32.85
105	37	181	17.61
105	37	205	38.89
105	37	208	45.28
105	37	224	34.23
105	37	225	32.65
105	37	249	17.97
105	37	252	30.24
105	37	267	17.89
105	37	271	14.51
105	37	290	20.03
105	37	295	51.56
105	37	299	17.62
105	37	301	40.23
105	37	312	16.63
105	37	335	34.76
105	37	353	46.99
105	37	354	19.68
105	37	363	17.28
105	37	364	19.77
105	37	368	15.18
105	37	389	41.35
105	37	393	49.07
105	37	429	46.63
105	37	435	40.66
105	37	440	16.44
105	37	445	15.24
105	37	447	41.17
105	37,43	2	48.97
105	37,43	88	62.13
105	37,43	164	44.72
105	37,43	208	64.62
105	37,43	435	57.56
105	38	23	27.21
105	38	56	48.85
105	38	57	51.97
105	38	93	34.49
105	38	96	36.97
105	38	98	60.10
105	38	99	55.37
105	38	121	19.89
105	38	128	42.38
105	38	146	45.45
105	38	166	69.48
105	38	176	41.10
105	38	190	37.51
105	38	197	45.72
105	38	223	28.25
105	38	298	39.80
105	38	366	60.38
105	38	410	47.85
105	39	1	48.76
105	39	7	19.56
105	39	8	40.62
105	39	15	81.30
105	39	29	22.13
105	39	36	20.79
105	39	52	17.56
105	39	68	47.52
105	39	79	18.08
105	39	104	23.30
105	39	114	68.97
105	39	130	49.41
105	39	157	25.30
105	39	165	40.20
105	39	175	37.25
105	39	177	21.85
105	39	180	53.39
105	39	186	50.37
105	39	188	46.68
105	39	241	41.03
105	39	243	22.62
105	39	246	51.73
105	39	260	31.87
105	39	302	21.52
105	39	326	21.01
105	39	331	20.83
105	39	416	20.45
105	39,48	7	30.14
105	39,48	36	31.70
105	39,48	52	28.37
105	39,48	79	28.28
105	39,48	130	61.25
105	39,48	165	50.27
105	39,48	175	54.42
105	39,48	177	32.30
105	39,48	188	58.73
105	39,48	243	35.08
105	39,48	302	32.14
105	39,48	326	31.58
105	39,48	331	32.28
105	40	27	13.86
105	40	30	29.35
105	40	38	32.65
105	40	39	19.77
105	40	47	11.58
105	40	48	48.79
105	40	54	13.01
105	40	63	36.85
105	40	73	26.66
105	40	77	17.17
105	40	85	49.39
105	40	86	13.17
105	40	90	34.31
105	40	92	14.62
105	40	140	15.23
105	40	145	56.55
105	40	152	12.21
105	40	154	33.21
105	40	163	19.86
105	40	169	32.93
105	40	200	57.48
105	40	202	13.46
105	40	206	13.23
105	40	217	21.08
105	40	229	22.87
105	40	233	17.90
105	40	236	26.51
105	40	237	22.20
105	40	240	41.46
105	40	250	14.76
105	40	254	14.51
105	40	258	38.96
105	40	286	35.93
105	40	305	12.65
105	40	309	15.75
105	40	341	14.30
105	40	348	31.00
105	40	375	35.00
105	40	391	35.75
105	40	402	12.65
105	40	411	12.00
105	40	414	20.37
105	40	421	20.70
105	41	4	31.56
105	41	21	31.93
105	41	50	33.58
105	41	60	21.90
105	41	70	48.66
105	41	82	39.92
105	41	97	25.97
105	41	119	41.90
105	41	137	32.24
105	41	167	44.39
105	41	174	64.96
105	41	234	47.30
105	41	251	67.06
105	41	276	56.77
105	41	281	59.03
105	41	307	42.61
105	41	358	50.28
105	41	367	32.97
105	41	369	41.66
105	41	376	21.25
105	41	380	37.87
105	41	392	39.65
105	41	400	37.00
105	41	441	20.01
105	42	21	33.20
105	42	50	32.42
105	42	60	22.10
105	42	70	48.58
105	42	82	39.55
105	42	97	25.35
105	42	112	33.32
105	42	119	41.37
105	42	167	54.17
105	42	174	63.90
105	42	235	50.66
105	42	251	68.48
105	42	276	55.80
105	42	367	34.70
105	43	2	36.85
105	43	66	19.07
105	43	88	48.04
105	43	164	31.35
105	43	205	44.42
105	43	208	49.85
105	43	222	41.27
105	43	235	50.37
105	43	251	70.86
105	43	264	45.54
105	43	295	49.42
105	43	357	39.48
105	43	361	38.99
105	43	389	39.08
105	43	435	43.31
105	44	5	26.39
105	44	14	23.52
105	44	17	24.76
105	44	26	54.82
105	44	67	28.35
105	44	72	44.55
105	44	89	50.44
105	44	100	42.51
105	44	126	48.34
105	44	127	41.44
105	44	139	24.99
105	44	149	44.89
105	44	155	27.38
105	44	183	19.94
105	44	189	44.77
105	44	198	11.62
105	44	211	32.39
105	44	214	24.42
105	44	220	15.55
105	44	239	15.89
105	44	244	16.48
105	44	266	10.45
105	44	296	30.56
105	44	308	14.01
105	44	311	24.73
105	44	316	29.32
105	44	322	54.04
105	44	338	14.51
105	44	343	15.73
105	44	374	28.28
105	44	379	11.10
105	44	413	15.28
105	44	420	37.20
105	44	424	55.21
105	44	425	11.59
105	44	434	15.59
105	44	438	12.52
105	45	1	44.54
105	45	7	14.32
105	45	8	35.49
105	45	15	77.03
105	45	16	13.28
105	45	29	16.54
105	45	36	15.25
105	45	40	15.35
105	45	52	12.37
105	45	53	13.76
105	45	68	42.21
105	45	74	13.82
105	45	79	13.00
105	45	80	18.76
105	45	83	13.46
105	45	84	24.37
105	45	104	17.86
105	45	114	64.23
105	45	117	30.66
105	45	125	15.52
105	45	130	43.20
105	45	134	17.92
105	45	135	13.04
105	45	151	42.11
105	45	157	18.93
105	45	165	28.86
105	45	175	31.83
105	45	177	16.32
105	45	180	41.14
105	45	186	45.00
105	45	188	40.68
105	45	218	37.63
105	45	241	36.55
105	45	243	16.35
105	45	246	46.68
105	45	257	17.73
105	45	260	36.30
105	45	262	16.41
105	45	302	16.23
105	45	320	25.83
105	45	326	15.51
105	45	331	15.11
105	45	365	16.30
105	45	372	43.93
105	45	378	23.61
105	45	386	14.72
105	45	397	26.48
105	45	403	14.68
105	45	407	16.89
105	45	416	14.83
105	46	4	22.11
105	46	10	30.79
105	46	21	25.87
105	46	50	24.68
105	46	60	14.42
105	46	70	39.52
105	46	82	31.10
105	46	97	18.39
105	46	112	24.97
105	46	119	33.51
105	46	137	22.87
105	46	167	41.23
105	46	174	55.27
105	46	234	36.62
105	46	235	40.83
105	46	251	57.58
105	46	276	47.65
105	46	281	48.56
105	46	307	32.23
105	46	319	19.14
105	46	358	40.66
105	46	367	26.01
105	46	369	33.34
105	46	376	12.97
105	46	380	26.07
105	46	392	31.42
105	46	400	31.55
105	46	441	12.66
105	47	12	35.51
105	47	23	25.39
105	47	31	40.24
105	47	35	55.73
105	47	49	15.25
105	47	56	44.59
105	47	57	48.28
105	47	62	34.99
105	47	76	42.94
105	47	93	30.96
105	47	96	33.92
105	47	98	56.75
105	47	99	54.34
105	47	115	48.62
105	47	121	17.31
105	47	128	37.82
105	47	146	44.63
105	47	166	68.92
105	47	176	33.92
105	47	190	36.34
105	47	197	45.42
105	47	213	47.27
105	47	247	46.92
105	47	253	50.35
105	47	268	36.46
105	47	274	24.82
105	47	275	30.76
105	47	283	14.24
105	47	298	35.18
105	47	321	15.63
105	47	342	31.06
105	47	344	16.69
105	47	362	43.51
105	47	366	58.31
105	47	396	46.14
105	47	410	43.00
105	47	442	36.17
105	47,51	23	43.54
105	47,51	31	52.45
105	47,51	56	59.10
105	47,51	57	61.18
105	47,51	93	52.03
105	47,51	99	75.46
105	47,51	146	54.46
105	47,51	176	58.03
105	47,51	190	45.27
105	47,51	275	42.10
105	47,51	298	58.15
105	48	1	39.39
105	48	7	15.77
105	48	8	29.27
105	48	16	16.37
105	48	20	45.63
105	48	36	14.49
105	48	42	50.00
105	48	51	44.34
105	48	52	16.24
105	48	53	18.80
105	48	61	53.28
105	48	74	17.18
105	48	79	15.93
105	48	83	18.65
105	48	105	27.49
105	48	130	47.65
105	48	135	17.68
105	48	147	32.28
105	48	161	39.10
105	48	162	20.63
105	48	165	38.44
105	48	175	28.72
105	48	177	14.35
105	48	188	46.41
105	48	191	41.94
105	48	218	34.69
105	48	221	15.11
105	48	243	19.90
105	48	246	44.89
105	48	265	13.35
105	48	302	17.00
105	48	320	20.52
105	48	326	17.01
105	48	327	46.96
105	48	331	18.24
105	48	337	13.59
105	48	347	45.48
105	48	349	18.37
105	48	355	39.86
105	48	372	44.04
105	48	382	14.42
105	48	386	17.07
105	48	397	29.97
105	48	403	17.04
105	48	427	38.69
105	49	11	15.79
105	49	24	48.87
105	49	32	49.23
105	49	44	49.37
105	49	58	38.25
105	49	59	50.07
105	49	65	33.59
105	49	75	47.82
105	49	113	29.41
105	49	122	55.58
105	49	123	25.03
105	49	138	23.04
105	49	143	28.46
105	49	144	45.35
105	49	148	18.03
105	49	179	38.65
105	49	192	15.48
105	49	209	18.13
105	49	212	44.59
105	49	216	21.58
105	49	227	53.38
105	49	230	44.85
105	49	248	35.39
105	49	261	34.89
105	49	272	28.11
105	49	278	33.46
105	49	279	46.68
105	49	280	25.32
105	49	284	22.07
105	49	285	18.32
105	49	291	16.55
105	49	310	47.92
105	49	314	33.34
105	49	315	18.79
105	49	318	59.63
105	49	323	58.20
105	49	334	36.62
105	49	350	43.52
105	49	356	29.44
105	49	371	22.93
105	49	377	32.52
105	49	388	50.72
105	49	395	14.54
105	49	405	31.75
105	49	415	32.65
105	49	419	21.85
105	49	422	44.99
105	49	423	22.30
105	49	428	25.35
105	49	430	31.30
105	49	432	21.83
105	49	436	21.15
105	49	444	50.82
105	49	446	37.20
105	50	3	50.77
105	50	28	24.93
105	50	69	51.82
105	50	103	75.72
105	50	141	38.61
105	50	153	47.42
105	50	185	42.03
105	50	193	46.87
105	50	196	37.39
105	50	203	49.11
105	50	204	55.44
105	50	210	59.37
105	50	242	35.03
105	50	255	49.75
105	50	277	75.65
105	50	288	45.18
105	50	313	54.79
105	50	417	35.68
105	50	431	35.45
105	51	23	29.37
105	51	31	42.55
105	51	45	45.21
105	51	56	48.83
105	51	57	51.03
105	51	93	36.72
105	51	98	60.58
105	51	99	60.23
105	51	146	47.28
105	51	158	36.76
105	51	176	38.00
105	51	190	35.10
105	51	275	32.70
105	51	298	41.76
105	51	366	61.58
105	51	410	47.23
