Task=104 Orders=43 Vehicles=463 Scores=1990
104	1	20	46.90
104	1	88	38.59
104	1	94	30.69
104	1	112	33.11
104	1	119	62.08
104	1	122	29.75
104	1	147	51.18
104	1	159	47.58
104	1	168	41.51
104	1	169	31.25
104	1	171	47.92
104	1	191	39.59
104	1	202	37.46
104	1	251	68.27
104	1	278	31.62
104	1	317	49.52
104	1	328	45.39
104	1	331	52.48
104	1	347	30.23
104	1	359	74.80
104	1	375	50.00
104	1	383	56.76
104	1	385	62.69
104	1	388	27.01
104	1	413	25.75
104	1	416	41.25
104	1	452	69.99
104	1	454	46.46
104	1,10	94	49.34
104	1,10	168	59.03
104	1,22	20	59.77
104	1,22	88	51.08
104	1,22	94	42.77
104	1,22	112	45.49
104	1,22	119	74.48
104	1,22	122	57.59
104	1,22	147	63.25
104	1,22	159	60.11
104	1,22	168	61.03
104	1,22	169	43.48
104	1,22	171	60.52
104	1,22	191	52.14
104	1,22	202	48.10
104	1,22	251	80.96
104	1,22	278	44.99
104	1,22	317	70.34
104	1,22	328	54.86
104	1,22	347	42.49
104	1,22	375	67.30
104	1,22	383	69.17
104	1,22	385	75.08
104	1,22	388	39.32
104	1,22	413	37.96
104	1,22	416	53.62
104	1,22	452	90.17
104	1,27	20	69.44
104	1,27	88	60.58
104	1,27	94	51.62
104	1,27	112	56.10
104	1,27	119	83.04
104	1,27	122	57.06
104	1,27	147	71.11
104	1,27	159	68.75
104	1,27	168	61.18
104	1,27	169	52.38
104	1,27	171	71.35
104	1,27	191	61.00
104	1,27	202	58.68
104	1,27	251	90.41
104	1,27	278	55.77
104	1,27	317	72.54
104	1,27	328	63.92
104	1,27	347	52.49
104	1,27	375	67.48
104	1,27	383	77.85
104	1,27	385	83.77
104	1,27	388	48.28
104	1,27	413	45.96
104	1,27	416	62.17
104	1,27	452	90.10
104	2	6	37.89
104	2	30	26.27
104	2	35	46.59
104	2	53	36.48
104	2	61	48.10
104	2	81	54.75
104	2	90	44.08
104	2	109	33.61
104	2	145	29.31
104	2	176	54.08
104	2	210	44.42
104	2	249	43.79
104	2	288	35.17
104	2	293	20.32
104	2	311	28.38
104	2	400	51.63
104	2	434	47.11
104	2,3	6	50.24
104	2,3	30	37.56
104	2,3	61	60.45
104	2,3	81	67.56
104	2,3	90	57.18
104	2,3	145	41.76
104	2,3	293	34.03
104	2,3	400	63.54
104	2,20	30	41.10
104	2,20	61	66.32
104	2,20	81	75.55
104	2,20	145	46.87
104	2,20	210	60.82
104	2,20	249	59.59
104	2,20	400	68.08
104	2,21	6	56.10
104	2,21	30	40.15
104	2,21	61	65.18
104	2,21	81	73.58
104	2,21	90	63.20
104	2,21	145	44.70
104	2,21	210	59.97
104	2,21	249	58.68
104	2,21	400	67.14
104	2,35	6	53.27
104	2,35	61	63.48
104	2,35	90	59.54
104	2,35	109	48.44
104	2,35	288	51.49
104	2,35	293	33.77
104	2,35	311	40.04
104	3	6	41.66
104	3	15	24.35
104	3	30	27.58
104	3	42	34.70
104	3	45	39.54
104	3	61	46.31
104	3	69	48.30
104	3	80	47.54
104	3	81	56.56
104	3	83	53.41
104	3	90	46.69
104	3	104	39.82
104	3	110	29.51
104	3	115	51.70
104	3	127	23.44
104	3	131	36.27
104	3	145	31.38
104	3	155	22.92
104	3	166	49.08
104	3	214	44.00
104	3	240	69.52
104	3	263	30.89
104	3	273	36.59
104	3	283	41.83
104	3	293	21.96
104	3	320	24.66
104	3	333	40.42
104	3	373	53.06
104	3	380	49.34
104	3	400	51.08
104	3	418	25.63
104	3	434	44.93
104	3,21	6	60.96
104	3,21	30	41.59
104	3,21	61	66.59
104	3,21	69	67.32
104	3,21	80	65.14
104	3,21	81	76.07
104	3,21	90	68.07
104	3,21	110	58.31
104	3,21	145	46.06
104	3,21	400	68.56
104	3,35	6	55.31
104	3,35	61	69.07
104	3,35	90	58.56
104	3,35	104	54.00
104	3,35	127	37.72
104	3,35	214	59.99
104	3,35	293	32.92
104	4	14	41.99
104	4	16	25.15
104	4	24	41.25
104	4	26	37.24
104	4	31	39.56
104	4	46	55.30
104	4	49	20.96
104	4	54	32.46
104	4	62	29.59
104	4	67	18.76
104	4	71	34.25
104	4	96	40.80
104	4	99	30.17
104	4	137	19.79
104	4	142	36.79
104	4	164	22.21
104	4	167	44.42
104	4	174	42.52
104	4	180	17.58
104	4	228	34.72
104	4	233	16.35
104	4	244	35.93
104	4	258	41.63
104	4	260	19.86
104	4	266	21.80
104	4	268	48.13
104	4	282	27.83
104	4	292	36.77
104	4	300	37.30
104	4	309	22.13
104	4	315	19.51
104	4	318	21.99
104	4	335	39.66
104	4	345	34.70
104	4	346	18.32
104	4	355	39.14
104	4	402	42.24
104	4	404	18.13
104	4	419	20.49
104	4	424	16.31
104	4	425	34.69
104	4	429	41.58
104	4	435	16.42
104	4	436	17.89
104	4	444	20.76
104	4	448	15.21
104	4	459	21.01
104	4,31	14	53.04
104	4,31	16	44.03
104	4,31	31	52.99
104	4,31	49	42.55
104	4,31	54	48.86
104	4,31	62	40.86
104	4,31	67	37.35
104	4,31	96	56.72
104	4,31	142	56.72
104	4,31	167	60.87
104	4,31	174	63.72
104	4,31	180	38.73
104	4,31	228	51.59
104	4,31	233	39.87
104	4,31	244	46.73
104	4,31	258	56.94
104	4,31	266	45.20
104	4,31	282	46.55
104	4,31	292	50.39
104	4,31	300	57.35
104	4,31	309	44.27
104	4,31	318	39.68
104	4,31	335	58.63
104	4,31	345	54.30
104	4,31	346	38.79
104	4,31	402	53.01
104	4,31	419	38.00
104	4,31	424	36.27
104	4,31	425	52.65
104	4,31	435	39.10
104	4,31	448	35.82
104	4,31	459	38.94
104	4,36	14	50.42
104	4,36	16	37.21
104	4,36	31	55.56
104	4,36	49	32.70
104	4,36	54	43.54
104	4,36	62	41.52
104	4,36	67	29.54
104	4,36	71	45.55
104	4,36	96	51.49
104	4,36	99	41.38
104	4,36	137	30.89
104	4,36	142	48.00
104	4,36	164	33.94
104	4,36	167	55.00
104	4,36	174	53.18
104	4,36	180	28.35
104	4,36	228	45.49
104	4,36	233	26.59
104	4,36	244	47.14
104	4,36	258	59.51
104	4,36	260	31.34
104	4,36	266	39.73
104	4,36	268	59.65
104	4,36	282	40.54
104	4,36	292	47.28
104	4,36	300	48.49
104	4,36	309	34.30
104	4,36	315	31.04
104	4,36	318	33.87
104	4,36	335	50.20
104	4,36	345	45.20
104	4,36	346	28.94
104	4,36	355	50.31
104	4,36	402	53.38
104	4,36	404	28.86
104	4,36	419	32.15
104	4,36	424	26.87
104	4,36	425	45.32
104	4,36	429	63.85
104	4,36	435	27.03
104	4,36	436	28.62
104	4,36	444	32.65
104	4,36	448	25.72
104	4,36	459	32.59
104	5	4	16.20
104	5	27	22.44
104	5	51	22.35
104	5	74	30.72
104	5	100	60.28
104	5	172	23.46
104	5	178	21.69
104	5	182	38.75
104	5	226	51.93
104	5	230	44.42
104	5	236	46.34
104	5	239	48.10
104	5	261	49.89
104	5	280	26.03
104	5	298	49.77
104	5	303	59.42
104	5	374	39.14
104	5	379	40.25
104	5	395	30.85
104	5	410	31.79
104	5	415	45.25
104	5	463	47.20
104	5,37	4	36.11
104	5,37	74	45.63
104	5,37	172	49.77
104	5,37	236	66.45
104	5,37	261	67.20
104	5,37	280	42.80
104	5,37	303	73.15
104	5,37	395	45.21
104	6	14	50.30
104	6	21	54.70
104	6	23	45.49
104	6	26	44.96
104	6	28	34.70
104	6	36	52.73
104	6	46	65.20
104	6	87	23.66
104	6	165	41.65
104	6	174	55.30
104	6	184	47.08
104	6	216	45.54
104	6	228	43.18
104	6	258	44.30
104	6	292	47.77
104	6	294	50.63
104	6	325	69.15
104	6	345	43.96
104	6	402	45.93
104	6	420	46.13
104	6,16	21	68.49
104	6,16	23	60.06
104	6,16	28	50.24
104	6,16	87	36.28
104	6,16	165	57.34
104	6,16	184	60.59
104	6,16	216	61.34
104	6,16	292	62.44
104	6,16	345	57.13
104	6,17	14	67.06
104	6,17	21	72.49
104	6,17	23	54.14
104	6,17	28	54.93
104	6,17	36	62.72
104	6,17	165	51.32
104	6,17	174	63.04
104	6,17	216	56.46
104	6,17	228	51.45
104	6,17	258	53.62
104	6,17	292	66.35
104	6,17	294	68.66
104	6,17	345	52.82
104	6,17	402	63.58
104	6,17	420	63.54
104	6,31	14	63.61
104	6,31	21	73.37
104	6,31	28	52.69
104	6,31	36	66.30
104	6,31	174	76.14
104	6,31	228	64.15
104	6,31	258	67.38
104	6,31	292	61.41
104	6,31	294	71.15
104	6,31	345	65.70
104	6,31	402	64.39
104	6,31	420	64.35
104	7	38	48.49
104	7	40	58.82
104	7	52	50.42
104	7	56	41.00
104	7	64	44.66
104	7	70	34.80
104	7	79	49.37
104	7	86	42.41
104	7	108	44.37
104	7	124	47.94
104	7	153	39.58
104	7	157	53.63
104	7	161	36.69
104	7	188	54.52
104	7	243	37.62
104	7	274	46.77
104	7	303	46.72
104	7	364	40.18
104	7	395	31.41
104	7	401	29.23
104	7	414	27.63
104	7	426	55.92
104	7,29	38	72.03
104	7,29	52	75.63
104	7,29	56	64.51
104	7,29	64	65.65
104	7,29	70	57.15
104	7,29	86	63.45
104	7,29	124	68.00
104	7,29	153	62.80
104	7,29	161	60.51
104	7,29	243	57.97
104	7,29	274	66.01
104	7,29	364	59.32
104	7,29	414	48.62
104	7,42	38	66.79
104	7,42	52	77.01
104	7,42	56	65.77
104	7,42	64	66.69
104	7,42	70	58.34
104	7,42	86	61.35
104	7,42	124	66.45
104	7,42	153	60.20
104	7,42	161	61.89
104	7,42	243	62.34
104	7,42	274	64.94
104	7,42	364	64.80
104	8	30	26.39
104	8	61	52.28
104	8	69	54.63
104	8	81	59.80
104	8	102	51.34
104	8	110	45.77
104	8	145	31.44
104	8	175	38.63
104	8	190	66.92
104	8	210	45.35
104	8	237	59.08
104	8	249	45.24
104	8	336	48.34
104	8	400	53.86
104	8	434	52.56
104	8,13	30	37.65
104	8,13	61	62.73
104	8,13	69	64.46
104	8,13	81	71.83
104	8,13	102	62.03
104	8,13	110	58.08
104	8,13	145	42.86
104	8,13	210	55.96
104	8,13	237	69.20
104	8,13	249	55.17
104	8,13	400	64.52
104	8,20	30	47.77
104	8,20	61	73.89
104	8,20	69	75.94
104	8,20	81	83.17
104	8,20	102	74.42
104	8,20	110	60.30
104	8,20	145	54.44
104	8,20	210	68.30
104	8,20	237	80.68
104	8,20	249	66.25
104	8,20	400	75.17
104	8,32	30	34.77
104	8,32	61	59.89
104	8,32	69	62.37
104	8,32	81	67.83
104	8,32	102	59.25
104	8,32	110	50.63
104	8,32	145	39.15
104	8,32	175	46.55
104	8,32	210	53.24
104	8,32	237	66.77
104	8,32	249	53.23
104	8,32	400	61.28
104	9	11	42.92
104	9	12	18.65
104	9	39	22.37
104	9	41	32.76
104	9	65	19.77
104	9	85	24.07
104	9	101	37.00
104	9	103	31.99
104	9	114	34.54
104	9	116	42.20
104	9	130	45.85
104	9	150	37.45
104	9	163	52.03
104	9	173	40.37
104	9	183	45.14
104	9	193	25.32
104	9	204	32.46
104	9	209	55.55
104	9	213	47.17
104	9	218	50.27
104	9	242	55.82
104	9	247	66.59
104	9	259	33.93
104	9	265	42.42
104	9	279	41.75
104	9	281	20.94
104	9	296	64.08
104	9	304	47.89
104	9	313	20.68
104	9	319	57.80
104	9	321	38.96
104	9	327	58.55
104	9	348	29.70
104	9	349	23.15
104	9	353	43.38
104	9	368	57.48
104	9	369	23.17
104	9	387	42.51
104	9	392	27.38
104	9	393	20.85
104	9	442	53.65
104	9	461	54.92
104	9,12	11	54.14
104	9,12	12	29.31
104	9,12	39	33.59
104	9,12	41	42.45
104	9,12	85	36.14
104	9,12	101	46.94
104	9,12	114	44.93
104	9,12	116	52.54
104	9,12	130	56.32
104	9,12	150	47.96
104	9,12	163	61.92
104	9,12	204	40.45
104	9,12	209	73.13
104	9,12	259	44.06
104	9,12	279	53.46
104	9,12	281	31.56
104	9,12	304	61.11
104	9,12	313	31.85
104	9,12	321	49.75
104	9,12	348	39.94
104	9,12	353	54.17
104	9,12	369	33.48
104	9,12	387	52.01
104	9,12	442	63.56
104	9,26	11	55.45
104	9,26	12	33.35
104	9,26	41	44.27
104	9,26	65	31.32
104	9,26	85	33.15
104	9,26	103	43.85
104	9,26	116	54.92
104	9,26	163	64.99
104	9,26	173	49.92
104	9,26	183	57.77
104	9,26	193	35.56
104	9,26	204	56.32
104	9,26	218	63.79
104	9,26	247	78.24
104	9,26	259	46.10
104	9,26	265	54.92
104	9,26	279	56.21
104	9,26	304	64.41
104	9,26	313	35.80
104	9,26	321	52.89
104	9,26	353	57.69
104	9,26	369	32.86
104	9,26	387	52.25
104	9,26	392	39.83
104	9,26	393	31.69
104	10	4	22.51
104	10	27	27.13
104	10	51	27.18
104	10	74	39.66
104	10	94	31.18
104	10	100	65.23
104	10	168	41.14
104	10	172	27.97
104	10	178	27.07
104	10	182	43.08
104	10	226	58.03
104	10	230	48.38
104	10	236	51.04
104	10	239	52.15
104	10	261	54.68
104	10	280	31.58
104	10	298	55.54
104	10	374	45.61
104	10	379	40.55
104	10	391	50.52
104	10	410	36.76
104	10	415	50.63
104	10	463	50.94
104	10,14	4	32.17
104	10,14	51	36.82
104	10,14	74	51.18
104	10,14	172	39.04
104	10,14	178	37.32
104	10,14	182	52.34
104	10,14	226	67.30
104	10,14	230	57.65
104	10,14	236	60.90
104	10,14	239	61.39
104	10,14	261	65.34
104	10,14	280	41.80
104	10,14	298	65.18
104	10,14	374	54.13
104	10,14	410	46.65
104	10,25	4	31.23
104	10,25	27	35.49
104	10,25	51	35.85
104	10,25	74	52.86
104	10,25	94	40.01
104	10,25	168	49.93
104	10,25	172	37.59
104	10,25	178	36.24
104	10,25	182	51.54
104	10,25	226	66.59
104	10,25	230	56.77
104	10,25	236	59.94
104	10,25	239	61.18
104	10,25	261	64.39
104	10,25	280	40.55
104	10,25	298	64.70
104	10,25	374	54.51
104	10,25	410	45.70
104	10,40	4	34.80
104	10,40	51	39.63
104	10,40	74	56.10
104	10,40	172	43.72
104	10,40	178	40.56
104	10,40	182	54.46
104	10,40	226	71.15
104	10,40	230	60.08
104	10,40	236	63.52
104	10,40	239	64.79
104	10,40	261	68.00
104	10,40	280	45.75
104	10,40	298	68.69
104	10,40	374	57.11
104	10,40	410	49.37
104	11	3	51.52
104	11	7	53.86
104	11	8	30.97
104	11	33	49.76
104	11	48	39.79
104	11	50	44.14
104	11	57	25.46
104	11	76	26.70
104	11	118	26.79
104	11	134	56.63
104	11	156	47.63
104	11	170	33.10
104	11	186	61.06
104	11	189	61.61
104	11	196	63.07
104	11	197	48.77
104	11	208	25.89
104	11	272	68.75
104	11	287	23.31
104	11	329	45.06
104	11	351	47.21
104	11	360	24.31
104	11	365	33.87
104	11	382	36.39
104	11	405	32.03
104	11,19	48	47.82
104	11,23	33	62.52
104	11,23	196	70.77
104	11,23	351	58.69
104	11,23	360	50.15
104	12	10	23.49
104	12	11	42.61
104	12	12	19.15
104	12	22	18.39
104	12	29	18.52
104	12	37	29.27
104	12	39	18.03
104	12	41	30.20
104	12	68	43.69
104	12	85	23.66
104	12	89	21.80
104	12	92	19.45
104	12	98	62.11
104	12	101	36.00
104	12	111	25.15
104	12	113	50.85
104	12	114	34.48
104	12	116	42.27
104	12	117	21.93
104	12	130	44.54
104	12	132	25.08
104	12	133	36.25
104	12	148	22.77
104	12	150	36.97
104	12	151	21.93
104	12	163	51.00
104	12	179	16.89
104	12	192	36.61
104	12	201	23.14
104	12	204	30.82
104	12	209	50.39
104	12	212	47.89
104	12	231	21.24
104	12	242	51.87
104	12	246	39.94
104	12	253	21.08
104	12	254	45.11
104	12	259	33.65
104	12	267	26.49
104	12	269	21.14
104	12	275	23.01
104	12	276	16.51
104	12	279	41.70
104	12	281	21.04
104	12	290	22.65
104	12	296	63.28
104	12	304	47.73
104	12	305	27.73
104	12	306	41.52
104	12	313	17.82
104	12	319	56.55
104	12	321	37.93
104	12	326	20.92
104	12	334	20.73
104	12	340	51.15
104	12	348	28.68
104	12	353	42.37
104	12	368	56.72
104	12	369	22.73
104	12	370	26.38
104	12	372	30.83
104	12	376	20.86
104	12	387	41.68
104	12	403	38.28
104	12	438	49.20
104	12	442	52.56
104	12	455	21.54
104	12	461	50.89
104	12,26	10	39.73
104	12,26	11	54.85
104	12,26	12	32.69
104	12,26	22	32.32
104	12,26	29	32.55
104	12,26	37	43.44
104	12,26	41	43.77
104	12,26	68	59.25
104	12,26	85	32.41
104	12,26	89	32.82
104	12,26	111	45.31
104	12,26	116	54.42
104	12,26	132	38.37
104	12,26	133	47.96
104	12,26	148	38.01
104	12,26	151	37.20
104	12,26	163	64.38
104	12,26	179	27.41
104	12,26	192	44.07
104	12,26	201	40.54
104	12,26	204	52.18
104	12,26	212	64.65
104	12,26	231	37.54
104	12,26	253	29.90
104	12,26	259	45.51
104	12,26	267	42.70
104	12,26	269	28.59
104	12,26	275	36.38
104	12,26	276	31.10
104	12,26	279	55.32
104	12,26	290	34.68
104	12,26	304	63.92
104	12,26	313	34.99
104	12,26	321	52.28
104	12,26	326	30.11
104	12,26	334	35.42
104	12,26	353	57.00
104	12,26	369	32.14
104	12,26	376	36.10
104	12,26	387	51.86
104	12,26	403	54.92
104	13	15	11.34
104	13	30	16.24
104	13	42	20.80
104	13	61	38.21
104	13	63	33.03
104	13	69	40.06
104	13	80	40.30
104	13	81	46.72
104	13	83	41.42
104	13	90	37.01
104	13	97	36.07
104	13	102	37.39
104	13	110	26.52
104	13	131	30.55
104	13	145	18.25
104	13	149	13.76
104	13	210	31.48
104	13	214	37.14
104	13	237	44.83
104	13	249	32.87
104	13	250	34.92
104	13	263	18.48
104	13	273	28.92
104	13	283	30.51
104	13	308	37.27
104	13	320	16.92
104	13	333	34.80
104	13	336	34.37
104	13	363	12.37
104	13	373	38.34
104	13	380	34.68
104	13	381	13.28
104	13	396	41.18
104	13	400	41.68
104	13	418	11.17
104	13	422	28.25
104	13	434	36.75
104	14	4	14.35
104	14	9	32.45
104	14	32	35.11
104	14	51	19.35
104	14	73	22.14
104	14	74	36.55
104	14	100	57.83
104	14	172	19.15
104	14	178	18.56
104	14	182	36.32
104	14	187	45.17
104	14	226	47.66
104	14	230	41.73
104	14	234	18.89
104	14	236	43.49
104	14	238	30.96
104	14	239	42.52
104	14	261	45.97
104	14	280	22.06
104	14	298	45.51
104	14	303	56.59
104	14	324	19.23
104	14	339	28.32
104	14	366	28.38
104	14	367	34.49
104	14	374	36.31
104	14	378	33.49
104	14	379	34.17
104	14	394	32.70
104	14	395	28.32
104	14	410	27.80
104	14	415	41.93
104	14	463	44.44
104	15	6	39.14
104	15	20	39.85
104	15	35	45.44
104	15	53	37.17
104	15	90	42.58
104	15	109	36.55
104	15	121	33.04
104	15	147	52.68
104	15	176	54.80
104	15	251	62.77
104	15	288	32.58
104	15	293	21.07
104	15	311	34.14
104	15	331	46.58
104	15	390	43.30
104	15	416	41.94
104	15	441	54.93
104	15	454	52.80
104	15,21	6	61.06
104	15,21	90	75.55
104	16	21	50.68
104	16	23	37.86
104	16	26	37.13
104	16	28	24.01
104	16	44	19.72
104	16	46	60.30
104	16	47	20.45
104	16	48	36.52
104	16	55	47.10
104	16	58	17.14
104	16	59	23.00
104	16	60	42.37
104	16	72	21.93
104	16	82	19.59
104	16	87	15.54
104	16	91	16.35
104	16	123	19.48
104	16	138	33.24
104	16	143	21.87
104	16	146	22.20
104	16	160	52.20
104	16	165	31.68
104	16	184	42.39
104	16	185	21.35
104	16	199	44.45
104	16	216	46.83
104	16	262	47.76
104	16	268	36.92
104	16	286	20.45
104	16	289	48.32
104	16	292	41.04
104	16	295	19.21
104	16	337	40.06
104	16	345	38.63
104	16	361	34.41
104	16	423	20.03
104	16	428	21.06
104	16	430	22.00
104	16	433	31.00
104	16	443	16.30
104	16,30	21	60.75
104	16,30	23	50.70
104	16,30	28	44.08
104	16,30	87	28.70
104	16,30	91	26.10
104	16,30	143	31.35
104	16,30	160	66.31
104	16,30	165	47.38
104	16,30	184	51.70
104	16,30	216	52.80
104	16,30	286	45.68
104	16,30	292	53.55
104	16,30	337	48.03
104	16,30	345	49.01
104	16,30	361	45.07
104	16,30	423	35.07
104	16,30	443	31.28
104	17	14	41.45
104	17	21	47.35
104	17	23	37.52
104	17	26	38.39
104	17	28	31.51
104	17	36	46.56
104	17	46	57.45
104	17	62	24.85
104	17	66	43.01
104	17	67	20.03
104	17	91	18.63
104	17	96	42.28
104	17	107	36.10
104	17	143	20.34
104	17	160	52.49
104	17	165	36.65
104	17	167	43.48
104	17	174	47.07
104	17	216	45.46
104	17	228	34.97
104	17	235	43.92
104	17	244	32.18
104	17	245	20.21
104	17	258	42.03
104	17	286	34.70
104	17	292	38.41
104	17	294	42.92
104	17	295	21.75
104	17	318	20.82
104	17	325	62.70
104	17	337	33.79
104	17	343	19.42
104	17	345	38.21
104	17	346	21.11
104	17	361	30.82
104	17	362	16.32
104	17	402	38.44
104	17	419	20.79
104	17	420	38.41
104	17	423	23.08
104	17	424	19.69
104	17	425	35.92
104	17	430	22.77
104	17	443	20.41
104	18	10	18.32
104	18	11	37.34
104	18	12	13.35
104	18	22	12.54
104	18	29	12.24
104	18	37	23.58
104	18	39	11.55
104	18	68	38.04
104	18	85	17.73
104	18	89	15.79
104	18	92	13.30
104	18	98	56.97
104	18	101	31.27
104	18	111	17.07
104	18	113	45.68
104	18	114	29.37
104	18	116	37.48
104	18	130	38.65
104	18	133	27.23
104	18	148	16.04
104	18	150	32.63
104	18	151	14.87
104	18	163	45.49
104	18	179	12.13
104	18	192	31.06
104	18	201	17.45
104	18	204	28.03
104	18	209	48.56
104	18	212	42.04
104	18	231	13.79
104	18	242	47.14
104	18	246	32.44
104	18	253	15.37
104	18	254	40.08
104	18	267	20.11
104	18	269	15.61
104	18	275	16.56
104	18	276	11.11
104	18	279	34.59
104	18	281	15.07
104	18	290	15.99
104	18	296	57.85
104	18	305	19.46
104	18	306	35.85
104	18	313	11.11
104	18	319	50.56
104	18	321	32.46
104	18	326	15.46
104	18	334	13.87
104	18	340	44.28
104	18	348	23.28
104	18	353	36.32
104	18	369	17.82
104	18	370	17.38
104	18	372	22.01
104	18	376	13.86
104	18	403	32.01
104	18	438	43.65
104	18	442	46.69
104	18	455	15.59
104	18	461	45.61
104	18,26	10	38.03
104	18,26	11	52.46
104	18,26	12	29.72
104	18,26	22	29.34
104	18,26	29	29.15
104	18,26	37	44.56
104	18,26	68	58.34
104	18,26	85	29.10
104	18,26	89	29.51
104	18,26	111	42.38
104	18,26	116	56.97
104	18,26	133	47.41
104	18,26	148	39.44
104	18,26	151	33.51
104	18,26	163	66.28
104	18,26	179	24.89
104	18,26	192	41.01
104	18,26	201	38.48
104	18,26	204	51.11
104	18,26	212	62.48
104	18,26	231	38.92
104	18,26	253	26.79
104	18,26	267	43.70
104	18,26	269	25.52
104	18,26	275	32.93
104	18,26	276	31.56
104	18,26	279	52.25
104	18,26	290	31.00
104	18,26	313	34.44
104	18,26	321	53.39
104	18,26	326	27.15
104	18,26	334	31.85
104	18,26	353	58.14
104	18,26	369	29.39
104	18,26	376	32.44
104	18,26	403	53.75
104	19	21	46.87
104	19	23	33.21
104	19	26	32.77
104	19	28	25.90
104	19	36	43.66
104	19	44	15.65
104	19	46	55.45
104	19	47	15.96
104	19	48	31.85
104	19	58	13.51
104	19	60	36.80
104	19	66	42.06
104	19	82	15.30
104	19	87	11.61
104	19	91	9.65
104	19	138	29.07
104	19	143	14.63
104	19	160	46.49
104	19	165	26.39
104	19	184	37.28
104	19	199	38.56
104	19	216	34.87
104	19	262	42.68
104	19	286	26.82
104	19	289	43.27
104	19	292	35.89
104	19	294	40.77
104	19	295	16.06
104	19	337	33.44
104	19	345	34.49
104	19	361	30.13
104	19	423	16.61
104	19	430	18.03
104	19	433	25.32
104	19	443	12.70
104	20	15	19.01
104	20	30	23.42
104	20	42	29.52
104	20	61	45.82
104	20	69	48.03
104	20	80	47.83
104	20	81	54.48
104	20	83	48.80
104	20	97	44.80
104	20	102	46.27
104	20	110	28.73
104	20	126	37.83
104	20	145	26.30
104	20	149	21.97
104	20	190	62.76
104	20	210	40.32
104	20	214	47.24
104	20	237	52.80
104	20	249	41.03
104	20	250	43.61
104	20	263	28.87
104	20	273	36.23
104	20	283	38.41
104	20	299	33.01
104	20	308	46.39
104	20	320	26.23
104	20	336	42.48
104	20	363	21.44
104	20	373	47.35
104	20	380	43.90
104	20	381	22.45
104	20	400	49.08
104	20	418	21.41
104	20	422	37.14
104	20	434	45.86
104	20,21	30	37.66
104	20,21	61	61.56
104	20,21	69	63.01
104	20,21	80	61.69
104	20,21	81	70.72
104	20,21	102	62.28
104	20,21	110	58.55
104	20,21	145	41.42
104	20,21	210	56.24
104	20,21	237	67.76
104	20,21	249	56.21
104	20,21	400	64.11
104	20,32	30	38.23
104	20,32	61	68.82
104	20,32	69	70.87
104	20,32	81	78.10
104	20,32	102	69.35
104	20,32	110	54.58
104	20,32	145	49.37
104	20,32	210	63.24
104	20,32	237	75.62
104	20,32	249	61.41
104	20,32	400	70.17
104	21	6	45.25
104	21	30	27.49
104	21	61	50.80
104	21	69	51.54
104	21	80	50.72
104	21	81	59.79
104	21	90	52.27
104	21	102	51.45
104	21	110	34.77
104	21	145	30.21
104	21	210	45.46
104	21	237	56.31
104	21	249	45.10
104	21	336	48.51
104	21	400	53.63
104	21	434	51.08
104	22	20	40.99
104	22	73	24.11
104	22	75	36.00
104	22	84	34.03
104	22	88	33.03
104	22	94	26.48
104	22	112	27.66
104	22	119	55.97
104	22	122	34.93
104	22	139	43.37
104	22	147	47.58
104	22	159	42.80
104	22	168	37.80
104	22	169	28.46
104	22	171	42.80
104	22	191	35.00
104	22	194	24.79
104	22	202	35.65
104	22	232	41.72
104	22	251	61.96
104	22	270	49.96
104	22	271	50.03
104	22	278	25.73
104	22	317	44.97
104	22	328	41.07
104	22	331	47.45
104	22	344	22.35
104	22	347	24.52
104	22	356	23.30
104	22	359	69.45
104	22	371	33.63
104	22	375	46.11
104	22	383	52.20
104	22	385	58.51
104	22	388	22.70
104	22	399	31.24
104	22	406	46.45
104	22	408	38.11
104	22	411	32.87
104	22	412	50.44
104	22	413	22.11
104	22	416	36.62
104	22	417	26.65
104	22	447	24.35
104	22	452	64.52
104	22	454	50.21
104	22	460	30.06
104	22	462	17.46
104	22,27	20	64.27
104	22,27	88	55.41
104	22,27	94	47.49
104	22,27	112	50.89
104	22,27	119	77.99
104	22,27	122	59.23
104	22,27	147	72.58
104	22,27	159	64.34
104	22,27	168	57.76
104	22,27	169	48.69
104	22,27	171	66.10
104	22,27	191	56.51
104	22,27	202	54.52
104	22,27	251	85.13
104	22,27	278	50.24
104	22,27	317	71.69
104	22,27	328	62.14
104	22,27	347	47.24
104	22,27	375	68.96
104	22,27	383	73.56
104	22,27	385	85.18
104	22,27	388	43.94
104	22,27	413	42.28
104	22,27	416	57.90
104	22,27	452	85.85
104	23	3	49.80
104	23	33	37.38
104	23	189	59.66
104	23	196	51.63
104	23	252	47.54
104	23	272	69.25
104	23	277	37.25
104	23	350	58.30
104	23	351	37.31
104	23	352	51.93
104	23	360	24.90
104	23,33	196	60.63
104	23,33	277	45.70
104	23,33	351	45.25
104	23,33	360	34.51
104	24	1	40.15
104	24	5	63.42
104	24	19	39.44
104	24	77	28.46
104	24	152	43.56
104	24	198	49.14
104	24	205	54.06
104	24	207	41.66
104	24	211	48.58
104	24	215	26.94
104	24	220	46.99
104	24	229	62.83
104	24	248	55.56
104	24	256	40.32
104	24	264	41.21
104	24	284	37.99
104	24	291	40.70
104	24	310	63.34
104	24	312	30.86
104	24	316	38.35
104	24	322	47.90
104	24	357	50.89
104	24	427	27.10
104	24	432	52.52
104	24	437	36.86
104	24	439	22.63
104	24	451	28.69
104	24,41	5	81.04
104	24,41	19	54.75
104	24,41	77	52.96
104	24,41	152	58.80
104	24,41	198	65.35
104	24,41	207	57.18
104	24,41	211	65.13
104	24,41	215	43.44
104	24,41	220	63.04
104	24,41	229	79.56
104	24,41	256	56.93
104	24,41	264	55.94
104	24,41	284	54.18
104	24,41	312	55.37
104	24,41	322	64.58
104	24,41	357	68.20
104	24,41	437	52.38
104	24,41	439	38.04
104	25	4	14.18
104	25	9	31.46
104	25	27	19.28
104	25	32	34.18
104	25	51	19.00
104	25	73	20.34
104	25	74	36.65
104	25	94	22.80
104	25	100	57.55
104	25	105	39.55
104	25	139	39.18
104	25	141	49.39
104	25	168	34.08
104	25	172	15.59
104	25	178	18.15
104	25	182	36.08
104	25	187	46.82
104	25	226	48.13
104	25	230	40.35
104	25	236	43.17
104	25	238	32.00
104	25	239	43.72
104	25	261	46.76
104	25	280	20.77
104	25	298	47.03
104	25	324	18.62
104	25	330	18.01
104	25	339	34.51
104	25	367	32.55
104	25	374	37.85
104	25	378	31.31
104	25	379	30.93
104	25	391	46.68
104	25	399	32.24
104	25	410	28.73
104	25	415	40.99
104	25	463	43.11
104	26	2	34.82
104	26	10	28.20
104	26	11	42.52
104	26	12	20.18
104	26	22	20.23
104	26	29	19.75
104	26	37	31.13
104	26	41	32.51
104	26	65	19.76
104	26	68	47.25
104	26	85	18.30
104	26	89	19.32
104	26	93	25.56
104	26	103	30.87
104	26	106	43.96
104	26	111	31.04
104	26	116	42.55
104	26	120	44.66
104	26	132	23.80
104	26	133	36.01
104	26	140	57.73
104	26	148	24.52
104	26	151	22.83
104	26	158	61.52
104	26	162	27.70
104	26	163	52.10
104	26	173	37.13
104	26	177	36.94
104	26	179	15.75
104	26	181	34.07
104	26	183	44.58
104	26	192	31.66
104	26	193	21.38
104	26	195	48.03
104	26	201	27.85
104	26	204	33.89
104	26	212	52.73
104	26	213	57.62
104	26	217	23.34
104	26	218	51.03
104	26	219	27.28
104	26	224	20.85
104	26	227	19.23
104	26	231	23.31
104	26	242	52.49
104	26	246	45.48
104	26	247	64.75
104	26	253	17.77
104	26	254	43.45
104	26	255	24.55
104	26	257	29.51
104	26	259	33.65
104	26	265	43.15
104	26	267	29.15
104	26	269	16.03
104	26	275	22.08
104	26	276	19.13
104	26	279	41.31
104	26	285	55.65
104	26	290	20.90
104	26	296	62.38
104	26	297	49.87
104	26	304	52.17
104	26	313	21.66
104	26	314	32.63
104	26	321	39.76
104	26	326	17.75
104	26	327	59.79
104	26	334	21.87
104	26	338	18.97
104	26	341	19.97
104	26	342	24.94
104	26	353	44.27
104	26	368	55.61
104	26	369	19.54
104	26	376	22.82
104	26	377	35.59
104	26	384	22.14
104	26	387	40.99
104	26	389	18.65
104	26	392	26.79
104	26	393	18.35
104	26	397	30.97
104	26	403	42.13
104	26	407	33.83
104	26	409	55.45
104	26	440	21.13
104	26	445	18.92
104	26	450	19.24
104	26	456	21.13
104	26	458	53.45
104	26	461	53.38
104	27	20	47.38
104	27	88	39.42
104	27	94	32.03
104	27	112	34.08
104	27	119	62.27
104	27	122	41.56
104	27	147	52.69
104	27	159	48.58
104	27	168	42.80
104	27	169	33.66
104	27	171	49.25
104	27	191	40.85
104	27	202	39.70
104	27	251	68.42
104	27	278	32.42
104	27	317	46.35
104	27	328	44.27
104	27	331	52.70
104	27	347	30.96
104	27	359	75.18
104	27	375	50.77
104	27	383	57.86
104	27	385	64.04
104	27	388	28.42
104	27	413	27.30
104	27	416	42.28
104	27	452	70.18
104	27	454	55.87
104	27,38	88	46.79
104	27,38	112	42.24
104	27,38	122	51.66
104	27,38	159	56.27
104	27,38	169	40.99
104	27,38	278	41.37
104	27,38	347	38.61
104	27,38	383	65.59
104	27,38	385	71.83
104	28	5	63.92
104	28	19	40.32
104	28	77	42.18
104	28	152	47.00
104	28	198	51.30
104	28	205	55.21
104	28	207	43.42
104	28	211	49.01
104	28	215	26.68
104	28	220	46.97
104	28	229	64.39
104	28	248	45.97
104	28	256	41.18
104	28	264	40.73
104	28	284	37.69
104	28	291	40.49
104	28	312	34.97
104	28	322	48.28
104	28	357	52.58
104	28	437	37.66
104	28	439	22.73
104	28,41	5	83.97
104	28,41	19	57.52
104	28,41	77	61.79
104	28,41	152	63.52
104	28,41	198	69.07
104	28,41	207	60.23
104	28,41	211	67.80
104	28,41	215	45.72
104	28,41	220	64.83
104	28,41	229	82.65
104	28,41	256	59.65
104	28,41	264	58.56
104	28,41	284	56.72
104	28,41	312	57.68
104	28,41	322	67.25
104	28,41	357	71.04
104	28,41	437	54.82
104	28,41	439	40.48
104	29	34	49.93
104	29	38	49.63
104	29	40	61.04
104	29	52	53.18
104	29	56	45.51
104	29	64	45.97
104	29	70	37.85
104	29	86	43.80
104	29	124	47.99
104	29	125	41.15
104	29	128	64.46
104	29	153	36.49
104	29	154	42.34
104	29	157	54.89
104	29	161	38.99
104	29	188	57.35
104	29	206	36.32
104	29	243	38.97
104	29	274	41.30
104	29	301	28.87
104	29	354	56.18
104	29	364	45.35
104	29	414	29.62
104	29	426	59.44
104	29	446	33.61
104	29,43	34	64.68
104	29,43	38	68.01
104	29,43	52	72.99
104	29,43	56	63.87
104	29,43	64	62.34
104	29,43	70	55.21
104	29,43	86	62.76
104	29,43	124	67.30
104	29,43	125	57.49
104	29,43	128	84.70
104	29,43	153	62.10
104	29,43	206	56.28
104	29,43	243	57.30
104	29,43	274	58.34
104	29,43	301	46.68
104	29,43	354	69.56
104	29,43	364	63.63
104	29,43	414	47.94
104	29,43	446	53.21
104	30	14	42.01
104	30	21	46.38
104	30	23	35.54
104	30	26	36.11
104	30	28	25.17
104	30	36	43.03
104	30	46	55.93
104	30	66	40.79
104	30	87	15.39
104	30	91	12.31
104	30	143	13.68
104	30	160	49.87
104	30	165	31.07
104	30	167	41.25
104	30	174	46.08
104	30	184	37.61
104	30	216	32.96
104	30	228	33.97
104	30	258	36.21
104	30	286	30.73
104	30	292	38.28
104	30	294	41.93
104	30	325	61.35
104	30	337	32.69
104	30	343	16.44
104	30	345	35.24
104	30	361	29.80
104	30	402	36.23
104	30	420	37.42
104	30	423	20.44
104	30	425	34.90
104	30	443	16.00
104	31	14	38.31
104	31	16	24.72
104	31	17	48.23
104	31	21	46.54
104	31	24	41.10
104	31	26	39.66
104	31	28	40.94
104	31	31	39.01
104	31	36	48.34
104	31	49	25.01
104	31	54	34.69
104	31	62	25.63
104	31	66	41.72
104	31	67	20.25
104	31	78	37.52
104	31	96	41.35
104	31	107	37.24
104	31	142	40.89
104	31	143	24.79
104	31	167	44.79
104	31	174	47.72
104	31	180	21.97
104	31	225	45.42
104	31	228	35.13
104	31	233	22.86
104	31	235	43.04
104	31	244	31.44
104	31	245	17.66
104	31	258	41.41
104	31	266	30.42
104	31	282	26.51
104	31	292	29.34
104	31	294	43.72
104	31	300	39.77
104	31	309	25.49
104	31	318	21.63
104	31	325	64.11
104	31	335	42.66
104	31	337	37.89
104	31	343	18.08
104	31	345	38.89
104	31	346	22.07
104	31	361	30.89
104	31	362	19.13
104	31	402	37.56
104	31	419	20.59
104	31	420	37.54
104	31	424	20.20
104	31	425	36.00
104	31	431	19.87
104	31	435	22.52
104	31	443	21.90
104	31	448	20.44
104	31	459	22.37
104	31,36	14	51.63
104	31,36	16	42.21
104	31,36	31	51.66
104	31,36	49	40.87
104	31,36	54	47.54
104	31,36	62	39.42
104	31,36	67	35.85
104	31,36	96	55.25
104	31,36	142	55.25
104	31,36	167	59.41
104	31,36	174	62.20
104	31,36	180	37.21
104	31,36	228	50.06
104	31,36	233	38.20
104	31,36	244	45.32
104	31,36	258	55.55
104	31,36	266	43.86
104	31,36	282	44.55
104	31,36	292	48.85
104	31,36	300	55.70
104	31,36	309	42.45
104	31,36	318	37.90
104	31,36	335	57.13
104	31,36	345	52.85
104	31,36	346	37.17
104	31,36	402	51.55
104	31,36	419	36.31
104	31,36	424	34.75
104	31,36	425	51.04
104	31,36	435	37.49
104	31,36	448	34.35
104	31,36	459	37.34
104	32	30	20.21
104	32	61	47.32
104	32	63	41.59
104	32	69	48.76
104	32	81	54.11
104	32	102	45.00
104	32	110	37.01
104	32	145	26.21
104	32	175	32.77
104	32	190	60.65
104	32	210	38.75
104	32	237	53.07
104	32	249	39.15
104	32	336	42.06
104	32	400	47.85
104	32	434	48.15
104	33	3	42.73
104	33	8	18.18
104	33	25	34.79
104	33	45	33.08
104	33	50	30.37
104	33	57	17.11
104	33	95	36.42
104	33	118	18.25
104	33	134	51.24
104	33	170	24.76
104	33	189	55.15
104	33	196	51.18
104	33	208	16.82
104	33	223	23.07
104	33	272	62.31
104	33	277	36.82
104	33	287	15.07
104	33	350	50.90
104	33	351	34.14
104	33	360	17.75
104	33	386	46.66
104	33	421	41.30
104	34	6	37.28
104	34	30	26.41
104	34	35	46.70
104	34	53	36.42
104	34	61	48.20
104	34	81	54.85
104	34	90	44.18
104	34	109	33.73
104	34	145	29.34
104	34	176	54.20
104	34	210	44.52
104	34	249	43.92
104	34	288	35.23
104	34	293	20.23
104	34	311	34.15
104	34	400	51.76
104	34	434	47.23
104	34,39	210	57.75
104	34,39	249	58.32
104	34,39	400	61.08
104	35	6	40.38
104	35	13	22.18
104	35	18	47.92
104	35	20	35.34
104	35	61	49.39
104	35	83	53.75
104	35	90	42.80
104	35	104	38.04
104	35	109	35.75
104	35	119	58.85
104	35	127	22.96
104	35	147	52.58
104	35	171	52.18
104	35	214	41.56
104	35	271	53.76
104	35	288	33.41
104	35	293	17.89
104	35	302	38.31
104	35	311	32.11
104	35	328	41.48
104	35	344	23.56
104	35	375	45.92
104	35	408	35.49
104	35	413	24.15
104	35	434	48.72
104	35	454	54.03
104	35	457	24.08
104	36	14	40.59
104	36	16	23.34
104	36	24	40.08
104	36	26	36.20
104	36	31	38.75
104	36	46	53.93
104	36	49	19.30
104	36	54	31.14
104	36	62	28.59
104	36	67	17.24
104	36	71	32.83
104	36	96	39.75
104	36	99	28.83
104	36	137	18.34
104	36	142	35.58
104	36	164	20.77
104	36	167	42.96
104	36	174	40.99
104	36	180	16.06
104	36	228	33.20
104	36	233	14.68
104	36	244	35.14
104	36	258	40.87
104	36	260	18.32
104	36	266	20.55
104	36	268	47.18
104	36	282	26.44
104	36	292	35.21
104	36	300	36.28
104	36	309	20.31
104	36	315	17.80
104	36	318	20.21
104	36	335	38.11
104	36	345	33.24
104	36	346	16.72
104	36	355	38.24
104	36	402	41.41
104	36	404	16.35
104	36	419	18.82
104	36	424	14.77
104	36	425	33.10
104	36	429	39.94
104	36	435	14.83
104	36	436	16.11
104	36	444	18.99
104	36	448	13.76
104	36	459	19.42
104	37	4	21.06
104	37	74	31.04
104	37	141	54.66
104	37	172	27.90
104	37	236	50.20
104	37	241	42.59
104	37	261	49.73
104	37	280	23.11
104	37	303	57.31
104	37	379	38.34
104	37	391	33.85
104	37	395	28.94
104	37	414	35.76
104	38	2	25.11
104	38	43	29.03
104	38	84	22.52
104	38	85	18.14
104	38	88	31.42
104	38	106	34.77
104	38	112	20.68
104	38	120	30.39
104	38	122	36.62
104	38	129	19.54
104	38	136	22.87
104	38	140	49.99
104	38	144	44.93
104	38	158	52.32
104	38	159	36.70
104	38	162	22.90
104	38	169	28.55
104	38	173	35.20
104	38	181	29.13
104	38	195	36.65
104	38	200	29.72
104	38	203	16.32
104	38	217	16.45
104	38	219	18.68
104	38	221	29.89
104	38	222	49.54
104	38	227	17.18
104	38	265	40.80
104	38	269	16.32
104	38	270	38.44
104	38	278	18.73
104	38	297	49.68
104	38	323	45.42
104	38	332	20.18
104	38	341	17.34
104	38	342	12.55
104	38	347	12.59
104	38	356	19.28
104	38	358	42.45
104	38	359	58.15
104	38	383	49.89
104	38	384	16.06
104	38	385	56.04
104	38	389	15.70
104	38	398	38.48
104	38	406	37.77
104	38	417	15.55
104	38	440	15.24
104	38	445	13.94
104	38	449	30.75
104	38	453	18.32
104	38	456	15.24
104	38	458	42.41
104	39	102	53.04
104	39	135	22.11
104	39	175	33.85
104	39	190	62.58
104	39	210	44.92
104	39	237	55.75
104	39	249	46.15
104	39	307	52.11
104	39	336	43.04
104	39	400	49.11
104	40	4	12.25
104	40	9	32.30
104	40	32	33.73
104	40	51	18.41
104	40	73	21.42
104	40	74	37.25
104	40	100	56.45
104	40	172	17.17
104	40	178	17.15
104	40	182	35.76
104	40	187	45.32
104	40	226	47.62
104	40	230	41.10
104	40	234	17.87
104	40	236	42.85
104	40	238	32.45
104	40	239	42.30
104	40	261	45.83
104	40	280	21.24
104	40	298	44.89
104	40	303	56.93
104	40	324	17.35
104	40	339	30.17
104	40	366	27.94
104	40	367	32.13
104	40	374	34.23
104	40	378	32.82
104	40	379	34.38
104	40	394	31.70
104	40	395	27.44
104	40	410	26.70
104	40	415	40.55
104	40	463	43.76
104	41	5	64.52
104	41	19	41.24
104	41	77	44.76
104	41	152	47.45
104	41	198	51.77
104	41	205	56.25
104	41	207	43.87
104	41	211	49.80
104	41	215	27.85
104	41	220	47.69
104	41	229	64.86
104	41	248	54.39
104	41	256	41.70
104	41	264	41.08
104	41	284	39.38
104	41	291	41.68
104	41	312	30.65
104	41	322	48.86
104	41	357	51.87
104	41	437	38.46
104	41	439	24.25
104	42	34	53.15
104	42	38	50.70
104	42	40	62.66
104	42	52	54.83
104	42	56	47.07
104	42	64	46.76
104	42	70	39.61
104	42	86	44.87
104	42	124	47.62
104	42	125	42.82
104	42	128	66.56
104	42	153	43.39
104	42	154	51.14
104	42	157	55.87
104	42	161	41.23
104	42	188	59.21
104	42	206	37.42
104	42	243	40.32
104	42	274	48.87
104	42	301	29.69
104	42	354	63.03
104	42	364	35.15
104	42	426	60.89
104	42	446	34.62
104	43	34	36.87
104	43	38	50.79
104	43	40	62.23
104	43	52	54.44
104	43	56	46.54
104	43	64	46.90
104	43	70	38.80
104	43	86	45.03
104	43	124	49.21
104	43	125	42.15
104	43	128	65.86
104	43	153	41.21
104	43	154	48.75
104	43	157	37.89
104	43	188	58.18
104	43	206	37.63
104	43	243	40.11
104	43	274	31.07
104	43	301	29.38
104	43	354	47.39
104	43	364	45.76
104	43	414	30.49
104	43	426	60.72
104	43	446	34.93
