Task=85 Orders=26 Vehicles=310 Scores=1218
85	1	7	39.38
85	1	11	53.59
85	1	13	42.83
85	1	22	37.08
85	1	30	30.86
85	1	47	51.99
85	1	51	14.06
85	1	62	47.72
85	1	72	15.18
85	1	84	21.90
85	1	124	49.94
85	1	136	48.31
85	1	142	40.04
85	1	154	43.17
85	1	163	42.44
85	1	198	27.93
85	1	202	18.89
85	1	209	28.25
85	1	212	21.35
85	1	215	21.68
85	1	233	45.06
85	1	238	21.99
85	1	248	40.58
85	1	282	17.46
85	1	306	14.45
85	1,19	22	65.01
85	1,19	30	56.85
85	1,19	47	81.23
85	1,19	51	41.28
85	1,19	72	43.83
85	1,19	124	79.25
85	1,19	154	73.00
85	2	8	49.39
85	2	33	45.85
85	2	50	37.80
85	2	67	65.73
85	2	81	55.17
85	2	91	42.73
85	2	97	68.21
85	2	120	30.52
85	2	133	64.27
85	2	151	51.82
85	2	172	40.28
85	2	190	52.68
85	2	218	34.39
85	2	219	50.23
85	2	240	49.04
85	2	249	54.11
85	2	265	60.46
85	2	281	66.90
85	2,3	133	73.01
85	2,3	151	61.11
85	2,3	218	41.89
85	2,3	219	57.35
85	2,3	240	55.62
85	2,4	33	62.44
85	2,4	50	55.10
85	2,4	120	47.52
85	2,4	133	80.73
85	2,4	151	62.18
85	2,4	218	44.63
85	2,4	219	68.86
85	2,4	240	63.94
85	2,9	8	59.11
85	2,9	33	54.72
85	2,9	50	47.24
85	2,9	81	64.20
85	2,9	120	46.10
85	2,9	133	73.92
85	2,9	151	61.04
85	2,9	172	49.94
85	2,9	190	62.08
85	2,9	218	43.35
85	2,9	219	63.34
85	2,9	240	57.56
85	2,9	249	62.70
85	2,17	8	57.24
85	2,17	33	52.87
85	2,17	50	46.59
85	2,17	81	62.06
85	2,17	120	39.30
85	2,17	133	73.25
85	2,17	151	58.44
85	2,17	172	49.27
85	2,17	190	60.07
85	2,17	219	63.18
85	2,17	240	56.90
85	2,17	249	61.83
85	2,21	8	62.31
85	2,21	33	61.76
85	2,21	50	50.79
85	2,21	81	67.70
85	2,21	120	52.49
85	2,21	133	77.89
85	2,21	151	65.25
85	2,21	172	53.73
85	2,21	190	68.59
85	2,21	219	67.44
85	2,21	240	61.14
85	2,21	249	65.85
85	3	12	35.13
85	3	25	44.79
85	3	36	40.55
85	3	42	32.82
85	3	74	43.65
85	3	83	58.46
85	3	91	37.34
85	3	107	19.06
85	3	115	25.45
85	3	123	29.56
85	3	133	48.06
85	3	151	46.48
85	3	153	33.75
85	3	157	13.37
85	3	165	15.17
85	3	177	14.00
85	3	183	17.79
85	3	196	36.48
85	3	201	25.72
85	3	218	28.86
85	3	219	44.38
85	3	240	33.32
85	3	251	23.45
85	3	265	42.89
85	3	275	17.31
85	3	284	34.23
85	3	286	22.38
85	3	310	27.72
85	4	12	41.42
85	4	25	47.39
85	4	33	42.65
85	4	36	40.65
85	4	42	39.85
85	4	50	30.76
85	4	83	62.79
85	4	91	37.69
85	4	107	21.24
85	4	115	33.17
85	4	120	31.07
85	4	123	34.21
85	4	133	56.10
85	4	151	49.58
85	4	153	41.68
85	4	165	21.00
85	4	177	17.20
85	4	183	22.92
85	4	185	49.25
85	4	196	37.27
85	4	218	29.73
85	4	219	46.97
85	4	235	45.77
85	4	240	41.93
85	4	251	27.58
85	4	253	57.65
85	4	265	53.06
85	4	269	38.80
85	4	275	20.35
85	4	284	37.04
85	4	286	29.65
85	4	310	35.56
85	5	23	32.63
85	5	27	54.14
85	5	34	26.65
85	5	52	22.01
85	5	58	35.69
85	5	59	14.41
85	5	64	47.18
85	5	93	25.23
85	5	102	29.04
85	5	105	22.13
85	5	108	17.44
85	5	109	25.35
85	5	112	15.62
85	5	130	32.87
85	5	139	15.27
85	5	147	30.15
85	5	152	12.00
85	5	158	25.25
85	5	160	45.61
85	5	161	13.39
85	5	167	14.86
85	5	171	19.56
85	5	184	11.69
85	5	193	12.85
85	5	214	14.55
85	5	216	14.80
85	5	231	16.23
85	5	247	32.76
85	5	250	32.51
85	5	254	37.03
85	5	266	16.89
85	5	271	36.72
85	5	292	13.48
85	5	293	16.92
85	5	298	37.82
85	5	302	28.92
85	5,7	23	43.94
85	5,7	34	38.44
85	5,7	52	32.28
85	5,7	58	44.04
85	5,7	59	27.73
85	5,7	64	57.59
85	5,7	93	37.39
85	5,7	102	39.51
85	5,7	105	33.85
85	5,7	109	35.10
85	5,7	112	28.68
85	5,7	139	26.80
85	5,7	147	42.69
85	5,7	152	23.86
85	5,7	158	35.24
85	5,7	160	56.85
85	5,7	161	24.44
85	5,7	167	22.90
85	5,7	184	23.58
85	5,7	193	23.17
85	5,7	214	24.18
85	5,7	216	24.37
85	5,7	231	26.89
85	5,7	247	41.73
85	5,7	250	41.73
85	5,7	254	46.55
85	5,7	266	27.90
85	5,7	271	49.52
85	5,7	292	23.62
85	5,7	293	25.97
85	5,7	298	50.94
85	5,7	302	39.66
85	6	1	60.01
85	6	3	39.87
85	6	15	40.39
85	6	19	42.54
85	6	21	58.82
85	6	36	46.21
85	6	42	46.75
85	6	46	47.44
85	6	49	35.93
85	6	79	47.04
85	6	83	69.89
85	6	91	43.15
85	6	96	22.06
85	6	116	27.08
85	6	125	22.03
85	6	177	21.51
85	6	218	37.97
85	6	219	44.39
85	6	225	22.96
85	6	235	53.66
85	6	265	60.66
85	6	277	60.44
85	6,10	3	57.68
85	6,10	36	57.66
85	6,10	49	59.69
85	6,10	96	36.49
85	6,10	116	46.20
85	6,10	177	40.41
85	6,23	3	53.00
85	6,23	15	44.89
85	6,23	19	57.44
85	6,23	21	73.93
85	6,23	46	58.58
85	6,23	79	60.73
85	6,23	125	32.76
85	6,23	225	36.48
85	7	23	36.66
85	7	27	56.54
85	7	34	30.38
85	7	52	24.13
85	7	58	36.01
85	7	59	19.59
85	7	64	50.37
85	7	93	28.99
85	7	99	37.46
85	7	102	32.06
85	7	105	26.06
85	7	109	27.56
85	7	112	20.80
85	7	130	36.62
85	7	139	18.35
85	7	147	33.66
85	7	152	16.32
85	7	158	27.92
85	7	160	48.70
85	7	161	16.06
85	7	162	49.10
85	7	167	14.97
85	7	184	16.54
85	7	193	15.56
85	7	214	16.25
85	7	216	16.66
85	7	231	18.23
85	7	247	33.55
85	7	250	31.25
85	7	254	39.01
85	7	266	20.18
85	7	271	41.58
85	7	285	46.30
85	7	292	15.92
85	7	293	18.25
85	7	298	42.89
85	7	302	31.86
85	7,18	23	46.79
85	7,18	34	47.52
85	7,18	52	37.94
85	7,18	58	51.34
85	7,18	59	36.08
85	7,18	64	60.13
85	7,18	93	46.55
85	7,18	99	54.66
85	7,18	102	48.00
85	7,18	105	43.32
85	7,18	109	43.51
85	7,18	112	37.54
85	7,18	139	35.11
85	7,18	147	51.39
85	7,18	152	30.68
85	7,18	158	41.89
85	7,18	160	59.76
85	7,18	161	31.00
85	7,18	162	68.96
85	7,18	167	31.01
85	7,18	184	31.04
85	7,18	193	29.87
85	7,18	214	31.63
85	7,18	216	32.18
85	7,18	231	35.44
85	7,18	247	50.44
85	7,18	250	48.25
85	7,18	254	53.79
85	7,18	266	34.52
85	7,18	271	52.65
85	7,18	292	30.56
85	7,18	293	32.73
85	7,18	298	54.51
85	7,18	302	48.72
85	8	35	37.27
85	8	95	46.32
85	8	101	55.48
85	8	132	60.48
85	8	145	69.03
85	8	150	43.42
85	8	155	78.83
85	8	156	62.00
85	8	163	51.28
85	8	202	20.82
85	8	205	27.28
85	8	206	53.61
85	8	211	51.68
85	8	233	46.46
85	8	234	48.87
85	8	243	40.48
85	8	287	41.15
85	8,24	35	63.86
85	8,24	95	67.54
85	8,24	150	67.85
85	8,24	163	77.56
85	8,24	202	46.87
85	8,24	205	51.04
85	8,24	206	80.66
85	8,24	211	82.37
85	8,24	233	74.61
85	8,24	234	73.51
85	8,24	243	66.23
85	8,25	35	53.27
85	8,25	95	65.34
85	8,25	163	67.30
85	8,25	202	38.86
85	8,25	211	74.86
85	8,25	233	65.46
85	9	8	45.45
85	9	25	47.97
85	9	33	41.13
85	9	44	53.11
85	9	50	34.42
85	9	67	62.42
85	9	81	50.63
85	9	91	40.28
85	9	97	64.73
85	9	107	19.25
85	9	115	36.54
85	9	120	29.80
85	9	133	60.44
85	9	151	46.25
85	9	172	36.63
85	9	185	46.11
85	9	190	48.41
85	9	196	41.69
85	9	218	31.20
85	9	219	49.27
85	9	236	30.61
85	9	240	45.63
85	9	249	50.93
85	9	262	31.77
85	9	265	56.93
85	9	269	45.03
85	9	281	62.14
85	9	286	32.46
85	9	288	24.44
85	9,17	8	52.51
85	9,17	33	47.70
85	9,17	44	59.54
85	9,17	50	41.31
85	9,17	81	56.83
85	9,17	107	26.17
85	9,17	115	43.46
85	9,17	120	42.34
85	9,17	133	67.38
85	9,17	151	52.20
85	9,17	172	43.65
85	9,17	185	52.13
85	9,17	190	55.08
85	9,17	196	48.14
85	9,17	219	57.13
85	9,17	236	36.86
85	9,17	240	51.59
85	9,17	249	57.15
85	9,17	262	38.23
85	9,17	269	51.48
85	9,17	288	32.89
85	9,20	8	57.07
85	9,20	33	52.18
85	9,20	44	64.08
85	9,20	50	46.11
85	9,20	81	61.90
85	9,20	107	31.75
85	9,20	115	47.99
85	9,20	120	44.58
85	9,20	133	72.76
85	9,20	151	58.41
85	9,20	172	48.77
85	9,20	185	57.59
85	9,20	190	59.89
85	9,20	196	53.49
85	9,20	219	61.90
85	9,20	236	42.37
85	9,20	240	56.44
85	9,20	249	61.37
85	9,20	262	44.21
85	9,20	269	56.83
85	9,20	288	37.38
85	10	1	50.14
85	10	3	34.58
85	10	17	44.59
85	10	25	53.93
85	10	26	35.66
85	10	28	25.03
85	10	29	35.18
85	10	36	45.85
85	10	42	38.77
85	10	48	22.41
85	10	49	34.97
85	10	83	66.20
85	10	96	14.28
85	10	98	19.45
85	10	116	19.00
85	10	123	29.75
85	10	153	44.28
85	10	165	17.39
85	10	177	16.80
85	10	196	40.21
85	10	217	47.13
85	10	240	41.83
85	10	251	29.80
85	10	275	20.18
85	10	284	34.24
85	10	286	32.34
85	10	296	18.52
85	10	310	33.49
85	11	10	36.04
85	11	14	44.08
85	11	24	36.17
85	11	31	52.51
85	11	43	44.93
85	11	63	46.46
85	11	67	59.59
85	11	70	37.54
85	11	89	52.87
85	11	113	60.65
85	11	119	34.86
85	11	127	46.23
85	11	146	30.28
85	11	157	18.97
85	11	170	31.23
85	11	191	21.07
85	11	195	35.82
85	11	239	59.86
85	11	295	40.90
85	11,12	10	59.73
85	11,12	14	64.73
85	11,12	24	58.73
85	11,12	31	71.54
85	11,12	43	66.52
85	11,12	63	66.13
85	11,12	70	59.68
85	11,12	89	75.68
85	11,12	113	85.68
85	11,12	119	57.27
85	11,12	146	50.32
85	11,12	157	39.70
85	11,12	170	53.48
85	11,12	191	41.55
85	11,12	195	59.89
85	11,12	295	63.00
85	12	8	43.20
85	12	10	37.11
85	12	14	44.24
85	12	24	37.00
85	12	31	53.17
85	12	43	45.97
85	12	63	39.87
85	12	65	46.25
85	12	67	61.11
85	12	70	39.56
85	12	89	53.89
85	12	113	61.85
85	12	119	35.86
85	12	127	46.79
85	12	146	31.38
85	12	157	20.80
85	12	170	31.75
85	12	191	21.99
85	12	195	35.87
85	12	203	38.30
85	12	239	60.32
85	12	276	35.44
85	12	295	42.51
85	13	6	62.41
85	13	8	42.72
85	13	16	42.45
85	13	33	41.68
85	13	44	53.32
85	13	50	35.00
85	13	65	40.25
85	13	67	62.52
85	13	70	40.54
85	13	81	47.48
85	13	86	17.25
85	13	97	65.30
85	13	107	19.39
85	13	113	61.03
85	13	115	37.11
85	13	120	43.14
85	13	133	61.00
85	13	151	42.17
85	13	172	37.21
85	13	185	44.21
85	13	190	38.87
85	13	203	36.90
85	13	213	45.42
85	13	224	30.79
85	13	236	30.32
85	13	246	42.35
85	13	249	48.46
85	13	263	23.63
85	13	276	35.46
85	13	281	58.77
85	13	308	37.48
85	13	309	43.70
85	13,14	6	75.79
85	13,14	8	57.34
85	13,14	16	59.75
85	13,14	33	56.63
85	13,14	44	66.94
85	13,14	50	50.62
85	13,14	65	53.00
85	13,14	70	52.90
85	13,14	81	61.45
85	13,14	86	32.23
85	13,14	107	36.41
85	13,14	113	77.25
85	13,14	115	52.32
85	13,14	120	59.01
85	13,14	133	77.58
85	13,14	151	59.07
85	13,14	172	53.48
85	13,14	185	57.56
85	13,14	190	60.69
85	13,14	203	52.54
85	13,14	213	62.08
85	13,14	224	45.46
85	13,14	236	46.46
85	13,14	246	55.94
85	13,14	249	67.44
85	13,14	263	36.07
85	13,14	276	51.65
85	13,14	308	51.23
85	13,14	309	57.28
85	13,21	8	60.42
85	13,21	33	56.23
85	13,21	44	64.75
85	13,21	50	46.80
85	13,21	81	65.44
85	13,21	107	32.61
85	13,21	115	48.70
85	13,21	120	57.90
85	13,21	133	73.39
85	13,21	151	62.18
85	13,21	172	49.45
85	13,21	185	57.97
85	13,21	190	61.37
85	13,21	236	43.04
85	13,21	246	61.63
85	13,21	249	64.92
85	14	6	66.18
85	14	8	46.52
85	14	16	48.94
85	14	33	46.65
85	14	40	22.61
85	14	44	56.96
85	14	50	40.03
85	14	65	43.31
85	14	67	66.58
85	14	70	43.21
85	14	81	51.30
85	14	86	21.68
85	14	97	70.51
85	14	107	25.61
85	14	113	66.44
85	14	115	41.83
85	14	120	45.30
85	14	133	66.73
85	14	151	48.62
85	14	172	42.66
85	14	185	47.35
85	14	190	40.51
85	14	203	42.28
85	14	213	51.18
85	14	224	35.14
85	14	236	36.14
85	14	246	45.58
85	14	249	54.42
85	14	263	26.23
85	14	276	33.83
85	14	308	40.90
85	14	309	46.89
85	14,21	8	55.52
85	14,21	33	60.70
85	14,21	44	65.07
85	14,21	50	47.76
85	14,21	81	59.54
85	14,21	107	33.72
85	14,21	115	49.59
85	14,21	120	62.80
85	14,21	133	74.46
85	14,21	151	56.94
85	14,21	172	50.48
85	14,21	185	55.55
85	14,21	190	62.92
85	14,21	236	44.10
85	14,21	246	53.90
85	14,21	249	62.30
85	15	2	17.80
85	15	7	33.46
85	15	35	30.62
85	15	54	18.20
85	15	95	39.58
85	15	101	49.62
85	15	132	54.04
85	15	145	62.69
85	15	150	33.59
85	15	155	72.55
85	15	156	54.65
85	15	163	45.35
85	15	174	16.85
85	15	189	29.82
85	15	202	12.10
85	15	205	20.52
85	15	206	47.58
85	15	209	28.70
85	15	210	15.07
85	15	211	42.46
85	15	233	39.73
85	15	234	42.31
85	15	237	21.90
85	15	243	34.73
85	15	260	32.49
85	15	272	16.90
85	15	274	41.72
85	15	278	17.06
85	15	287	46.77
85	15	289	20.04
85	15	301	20.25
85	15	303	23.07
85	15	305	14.01
85	15	306	16.79
85	15,24	35	52.35
85	15,24	95	58.44
85	15,24	150	61.76
85	15,24	163	67.51
85	15,24	202	35.85
85	15,24	205	42.28
85	15,24	206	70.42
85	15,24	211	70.13
85	15,24	233	63.35
85	15,24	234	66.86
85	15,24	243	56.52
85	16	8	46.03
85	16	25	46.56
85	16	33	40.41
85	16	50	33.27
85	16	67	62.63
85	16	81	51.62
85	16	83	63.34
85	16	91	38.23
85	16	97	63.54
85	16	107	18.28
85	16	115	35.41
85	16	120	32.69
85	16	133	59.55
85	16	151	45.89
85	16	172	34.94
85	16	185	45.41
85	16	190	49.13
85	16	196	39.94
85	16	218	28.46
85	16	219	48.96
85	16	236	29.82
85	16	240	44.72
85	16	249	51.52
85	16	262	28.93
85	16	265	55.68
85	16	269	44.10
85	16	281	62.51
85	16	286	31.00
85	16	288	23.28
85	16,17	8	51.99
85	16,17	33	47.07
85	16,17	50	40.66
85	16,17	81	56.20
85	16,17	107	25.30
85	16,17	115	42.87
85	16,17	120	48.45
85	16,17	133	66.58
85	16,17	151	51.31
85	16,17	172	42.90
85	16,17	185	51.38
85	16,17	190	54.49
85	16,17	196	47.34
85	16,17	219	56.28
85	16,17	236	36.07
85	16,17	240	50.92
85	16,17	249	56.66
85	16,17	262	37.25
85	16,17	269	50.68
85	16,17	288	33.10
85	16,20	8	54.34
85	16,20	33	48.89
85	16,20	50	42.92
85	16,20	81	58.73
85	16,20	107	27.62
85	16,20	115	44.90
85	16,20	120	48.37
85	16,20	133	69.46
85	16,20	151	54.23
85	16,20	172	44.92
85	16,20	185	53.55
85	16,20	190	56.94
85	16,20	196	49.51
85	16,20	219	59.25
85	16,20	236	38.17
85	16,20	240	53.46
85	16,20	249	58.96
85	16,20	262	38.80
85	16,20	269	53.59
85	16,20	288	33.56
85	17	8	38.51
85	17	25	43.63
85	17	33	34.14
85	17	44	46.04
85	17	50	27.10
85	17	67	57.45
85	17	81	43.03
85	17	91	33.87
85	17	97	57.21
85	17	107	10.94
85	17	115	29.54
85	17	120	27.15
85	17	133	52.37
85	17	151	37.27
85	17	172	28.89
85	17	185	37.89
85	17	190	43.31
85	17	196	33.68
85	17	219	41.77
85	17	236	22.42
85	17	240	38.25
85	17	246	37.23
85	17	249	44.35
85	17	262	22.96
85	17	265	49.37
85	17	269	37.01
85	17	281	54.20
85	17	288	17.92
85	17,20	8	50.69
85	17,20	33	45.82
85	17,20	44	57.68
85	17,20	50	39.42
85	17,20	81	54.96
85	17,20	107	24.17
85	17,20	115	41.62
85	17,20	120	41.85
85	17,20	133	65.44
85	17,20	151	50.20
85	17,20	172	41.70
85	17,20	185	50.18
85	17,20	190	53.23
85	17,20	196	46.18
85	17,20	219	55.14
85	17,20	236	34.90
85	17,20	240	49.69
85	17,20	246	49.79
85	17,20	249	55.35
85	17,20	262	36.18
85	17,20	269	49.52
85	17,20	288	31.55
85	17,21	8	52.51
85	17,21	33	47.69
85	17,21	44	59.52
85	17,21	50	41.31
85	17,21	81	56.82
85	17,21	107	26.15
85	17,21	115	43.45
85	17,21	120	46.21
85	17,21	133	67.37
85	17,21	151	52.18
85	17,21	172	43.63
85	17,21	185	52.11
85	17,21	190	55.07
85	17,21	196	48.11
85	17,21	219	57.11
85	17,21	236	36.85
85	17,21	240	51.58
85	17,21	246	51.73
85	17,21	249	57.17
85	17,21	262	38.20
85	17,21	269	51.45
85	17,21	288	32.86
85	18	23	33.56
85	18	27	54.85
85	18	34	28.06
85	18	52	23.11
85	18	58	34.52
85	18	59	15.56
85	18	64	48.37
85	18	93	26.58
85	18	99	35.62
85	18	102	28.99
85	18	105	23.32
85	18	109	25.55
85	18	112	16.86
85	18	130	33.83
85	18	139	13.62
85	18	147	31.48
85	18	152	12.89
85	18	158	26.56
85	18	160	46.49
85	18	161	12.48
85	18	162	49.45
85	18	167	13.14
85	18	184	12.70
85	18	193	11.92
85	18	214	13.73
85	18	216	13.70
85	18	231	13.35
85	18	247	32.80
85	18	250	33.48
85	18	254	38.89
85	18	266	17.70
85	18	271	37.75
85	18	292	12.08
85	18	293	15.97
85	18	298	39.52
85	18	302	29.59
85	19	11	60.25
85	19	13	48.66
85	19	18	36.34
85	19	22	46.06
85	19	30	45.06
85	19	37	58.68
85	19	47	58.41
85	19	51	27.23
85	19	71	54.34
85	19	72	27.66
85	19	73	39.65
85	19	103	37.55
85	19	114	47.31
85	19	122	55.18
85	19	124	58.61
85	19	136	61.51
85	19	142	49.54
85	19	154	52.08
85	19	188	49.35
85	19	290	51.15
85	20	8	44.25
85	20	25	47.18
85	20	33	39.68
85	20	44	52.20
85	20	50	33.54
85	20	67	63.28
85	20	81	49.39
85	20	91	38.93
85	20	97	63.85
85	20	107	17.77
85	20	115	35.65
85	20	120	30.28
85	20	133	59.54
85	20	151	44.75
85	20	172	35.76
85	20	185	41.77
85	20	190	47.17
85	20	196	40.79
85	20	219	49.20
85	20	236	28.75
85	20	240	44.75
85	20	246	44.42
85	20	249	50.01
85	20	262	30.28
85	20	265	56.04
85	20	269	44.13
85	20	281	60.87
85	20	288	24.63
85	21	8	44.72
85	21	25	48.39
85	21	33	38.21
85	21	44	52.69
85	21	50	34.06
85	21	67	63.75
85	21	81	49.92
85	21	91	39.85
85	21	97	64.38
85	21	107	19.23
85	21	115	36.14
85	21	120	34.99
85	21	133	60.13
85	21	151	45.54
85	21	172	36.31
85	21	185	45.39
85	21	190	41.18
85	21	196	41.37
85	21	219	49.80
85	21	236	30.30
85	21	240	45.27
85	21	246	45.01
85	21	249	50.46
85	21	262	31.73
85	21	265	56.59
85	21	269	44.70
85	21	281	61.42
85	21	288	26.13
85	22	4	29.56
85	22	5	12.77
85	22	9	35.68
85	22	20	34.79
85	22	32	34.92
85	22	39	31.79
85	22	45	16.90
85	22	53	15.03
85	22	55	22.44
85	22	56	42.56
85	22	60	31.07
85	22	61	12.85
85	22	66	10.55
85	22	69	24.01
85	22	75	31.56
85	22	76	26.54
85	22	78	31.14
85	22	85	22.06
85	22	87	44.10
85	22	90	12.96
85	22	92	36.37
85	22	100	14.96
85	22	106	29.93
85	22	111	26.31
85	22	117	34.44
85	22	118	21.55
85	22	126	20.34
85	22	128	10.45
85	22	129	22.41
85	22	135	11.69
85	22	137	12.77
85	22	138	30.08
85	22	140	18.79
85	22	143	14.86
85	22	148	32.41
85	22	149	13.00
85	22	159	35.89
85	22	164	31.35
85	22	166	16.92
85	22	168	12.59
85	22	169	10.75
85	22	178	13.65
85	22	180	34.18
85	22	181	11.94
85	22	187	44.08
85	22	192	25.62
85	22	194	42.51
85	22	197	13.70
85	22	199	31.99
85	22	207	40.01
85	22	208	42.01
85	22	220	12.61
85	22	221	15.56
85	22	226	12.13
85	22	227	28.54
85	22	232	36.52
85	22	241	40.37
85	22	242	15.30
85	22	245	17.17
85	22	252	48.01
85	22	256	14.59
85	22	257	16.97
85	22	258	27.90
85	22	259	34.62
85	22	261	16.65
85	22	264	14.37
85	22	267	11.15
85	22	270	42.27
85	22	273	12.28
85	22	280	15.23
85	22	291	14.46
85	22	297	20.52
85	22	300	13.93
85	22	304	11.18
85	22	307	47.00
85	22,26	4	40.94
85	22,26	5	24.97
85	22,26	9	52.39
85	22,26	32	51.37
85	22,26	39	41.17
85	22,26	45	26.44
85	22,26	53	26.10
85	22,26	55	32.15
85	22,26	56	53.72
85	22,26	61	22.08
85	22,26	66	22.44
85	22,26	69	33.65
85	22,26	75	45.76
85	22,26	76	44.77
85	22,26	78	41.82
85	22,26	85	38.90
85	22,26	90	26.82
85	22,26	92	52.13
85	22,26	100	30.46
85	22,26	117	48.87
85	22,26	128	23.49
85	22,26	129	38.93
85	22,26	135	24.32
85	22,26	137	23.72
85	22,26	140	30.25
85	22,26	143	25.15
85	22,26	149	28.49
85	22,26	164	47.54
85	22,26	166	28.17
85	22,26	168	26.70
85	22,26	169	24.87
85	22,26	178	27.11
85	22,26	181	27.31
85	22,26	192	43.93
85	22,26	194	52.45
85	22,26	197	22.87
85	22,26	199	40.90
85	22,26	220	27.27
85	22,26	221	26.69
85	22,26	226	22.37
85	22,26	241	51.37
85	22,26	256	23.41
85	22,26	259	44.72
85	22,26	261	26.54
85	22,26	264	24.15
85	22,26	270	51.96
85	22,26	273	23.17
85	22,26	291	24.30
85	22,26	300	23.72
85	22,26	304	26.15
85	23	3	42.45
85	23	15	31.32
85	23	19	46.65
85	23	21	50.10
85	23	46	34.89
85	23	57	23.14
85	23	79	48.65
85	23	125	16.23
85	23	131	43.48
85	23	144	22.96
85	23	173	39.51
85	23	176	23.45
85	23	186	19.01
85	23	225	19.52
85	23	228	40.03
85	23	235	54.66
85	23	277	62.73
85	23	294	19.86
85	24	35	39.66
85	24	95	46.54
85	24	101	57.77
85	24	132	61.97
85	24	145	71.54
85	24	150	41.87
85	24	155	81.30
85	24	156	64.27
85	24	163	53.61
85	24	202	23.58
85	24	205	29.68
85	24	206	55.99
85	24	211	55.30
85	24	233	49.00
85	24	234	51.45
85	24	243	42.73
85	24	287	48.48
85	25	7	41.28
85	25	11	56.66
85	25	22	40.04
85	25	30	34.30
85	25	35	31.14
85	25	47	54.90
85	25	51	18.08
85	25	54	28.80
85	25	62	49.76
85	25	95	50.37
85	25	101	54.70
85	25	132	57.69
85	25	142	42.38
85	25	155	77.03
85	25	163	45.37
85	25	174	22.55
85	25	198	28.21
85	25	202	21.93
85	25	204	48.46
85	25	209	30.90
85	25	211	54.00
85	25	230	21.14
85	25	233	46.96
85	25	278	27.59
85	25	282	21.00
85	25	289	30.70
85	25	301	32.14
85	25	306	18.27
85	26	4	32.70
85	26	5	17.01
85	26	9	41.21
85	26	20	33.42
85	26	32	39.86
85	26	38	48.34
85	26	39	33.27
85	26	41	38.94
85	26	45	18.39
85	26	53	16.85
85	26	55	24.17
85	26	56	45.99
85	26	61	14.37
85	26	66	14.94
85	26	68	20.18
85	26	69	25.75
85	26	75	37.30
85	26	76	32.72
85	26	77	54.82
85	26	78	33.68
85	26	80	52.30
85	26	82	22.39
85	26	85	27.25
85	26	88	39.32
85	26	90	18.38
85	26	92	41.25
85	26	94	45.89
85	26	100	21.77
85	26	104	18.89
85	26	110	21.69
85	26	117	38.52
85	26	121	38.30
85	26	128	15.49
85	26	129	26.59
85	26	134	19.32
85	26	135	16.77
85	26	137	15.34
85	26	138	34.42
85	26	140	21.18
85	26	141	16.01
85	26	143	16.52
85	26	149	20.24
85	26	164	35.58
85	26	166	18.99
85	26	168	18.49
85	26	169	17.06
85	26	175	17.61
85	26	178	17.87
85	26	179	39.37
85	26	181	18.04
85	26	182	38.87
85	26	187	45.37
85	26	192	31.77
85	26	194	44.72
85	26	197	14.87
85	26	199	33.25
85	26	200	53.85
85	26	220	19.17
85	26	221	18.66
85	26	222	24.06
85	26	223	22.24
85	26	226	14.27
85	26	229	18.30
85	26	241	43.31
85	26	244	28.61
85	26	252	50.62
85	26	255	26.90
85	26	256	15.32
85	26	259	36.56
85	26	261	18.14
85	26	264	15.76
85	26	268	18.69
85	26	270	44.11
85	26	273	15.30
85	26	279	18.92
85	26	283	36.54
85	26	285	41.90
85	26	291	15.90
85	26	299	32.63
85	26	300	15.32
85	26	304	18.07
