Task=38 Orders=48 Vehicles=473 Scores=2071
38	1	59	16.00
38	1	63	24.83
38	1	77	13.14
38	1	79	42.07
38	1	83	29.58
38	1	93	46.68
38	1	108	34.34
38	1	127	33.20
38	1	128	35.49
38	1	131	62.35
38	1	151	39.68
38	1	155	25.72
38	1	205	35.59
38	1	214	28.27
38	1	219	31.14
38	1	250	30.61
38	1	268	56.96
38	1	292	29.58
38	1	293	31.23
38	1	307	41.90
38	1	322	30.42
38	1	339	37.80
38	1	351	33.28
38	1	358	24.72
38	1	367	30.85
38	1	381	42.46
38	1	394	40.00
38	1	402	25.35
38	1	405	30.04
38	1	423	11.17
38	1	452	47.44
38	1	463	28.06
38	1,3	59	34.56
38	1,3	63	44.54
38	1,3	79	59.56
38	1,3	108	51.48
38	1,3	127	51.42
38	1,3	128	52.52
38	1,3	151	55.72
38	1,3	155	44.03
38	1,3	214	46.20
38	1,3	219	47.75
38	1,3	250	47.28
38	1,3	292	46.39
38	1,3	293	48.24
38	1,3	307	58.66
38	1,3	322	48.62
38	1,3	339	60.49
38	1,3	351	50.70
38	1,3	358	46.11
38	1,3	367	47.68
38	1,3	381	59.62
38	1,3	402	42.77
38	1,3	405	46.03
38	1,3	423	28.55
38	1,3	463	45.48
38	1,36	59	29.13
38	1,36	63	38.92
38	1,36	77	25.20
38	1,36	79	54.55
38	1,36	83	41.37
38	1,36	108	46.14
38	1,36	127	46.35
38	1,36	128	47.45
38	1,36	151	51.15
38	1,36	155	38.56
38	1,36	205	47.11
38	1,36	214	41.93
38	1,36	219	42.94
38	1,36	250	42.45
38	1,36	292	41.41
38	1,36	293	43.41
38	1,36	307	53.83
38	1,36	322	43.14
38	1,36	339	59.99
38	1,36	351	45.58
38	1,36	358	39.21
38	1,36	367	42.77
38	1,36	381	54.94
38	1,36	402	37.65
38	1,36	405	41.46
38	1,36	423	26.13
38	1,36	463	40.35
38	2	7	52.62
38	2	39	62.38
38	2	53	42.14
38	2	67	48.06
38	2	98	63.83
38	2	99	64.55
38	2	149	36.80
38	2	204	42.21
38	2	226	47.76
38	2	272	45.15
38	2	355	56.07
38	2	398	46.13
38	2	432	42.46
38	2,16	7	69.59
38	2,16	39	75.66
38	2,16	53	53.30
38	2,16	67	60.92
38	2,16	149	48.51
38	2,16	204	52.41
38	2,16	226	65.42
38	2,16	272	60.73
38	2,16	432	54.66
38	2,22	53	62.15
38	2,22	226	65.69
38	2,22	432	66.82
38	2,24	7	66.82
38	2,24	39	74.72
38	2,24	53	55.83
38	2,24	67	60.99
38	2,24	149	50.37
38	2,24	204	56.13
38	2,24	226	65.10
38	2,24	272	59.27
38	2,24	398	59.55
38	2,24	432	56.41
38	2,27	7	77.07
38	2,27	39	84.68
38	2,27	53	65.06
38	2,27	67	68.82
38	2,27	149	59.46
38	2,27	204	65.32
38	2,27	226	74.68
38	2,27	272	68.27
38	2,27	398	67.93
38	2,27	432	65.61
38	2,48	53	60.62
38	2,48	149	55.06
38	2,48	226	65.90
38	2,48	432	61.17
38	3	59	22.63
38	3	63	32.62
38	3	79	49.55
38	3	108	40.61
38	3	127	38.93
38	3	128	42.99
38	3	131	68.44
38	3	151	45.39
38	3	155	33.86
38	3	165	25.49
38	3	214	31.90
38	3	219	38.70
38	3	239	50.39
38	3	250	34.15
38	3	268	61.96
38	3	278	20.24
38	3	292	32.87
38	3	293	36.83
38	3	307	50.63
38	3	322	34.83
38	3	325	45.82
38	3	339	42.80
38	3	342	41.77
38	3	351	42.35
38	3	358	35.18
38	3	367	39.80
38	3	379	42.97
38	3	381	47.61
38	3	394	46.17
38	3	402	31.75
38	3	405	36.27
38	3	418	47.41
38	3	423	18.45
38	3	452	53.32
38	3	463	37.20
38	3,34	63	58.08
38	3,34	79	64.48
38	3,34	108	63.30
38	3,34	128	65.49
38	3,34	151	65.72
38	3,34	155	58.32
38	3,34	214	52.68
38	3,34	239	71.01
38	3,34	250	56.65
38	3,34	292	56.00
38	3,34	293	56.58
38	3,34	307	70.28
38	3,34	322	57.01
38	3,34	339	65.55
38	3,34	342	59.56
38	3,34	351	63.65
38	3,34	358	58.75
38	3,34	367	58.82
38	3,34	379	65.46
38	3,34	381	61.97
38	3,34	402	55.82
38	3,34	405	55.42
38	3,34	418	68.20
38	3,34	423	41.72
38	3,34	463	58.41
38	3,36	59	36.31
38	3,36	63	46.51
38	3,36	79	58.51
38	3,36	108	53.20
38	3,36	127	53.04
38	3,36	128	54.14
38	3,36	151	57.13
38	3,36	155	45.79
38	3,36	214	50.14
38	3,36	219	49.27
38	3,36	250	48.80
38	3,36	292	47.97
38	3,36	293	49.77
38	3,36	307	60.17
38	3,36	322	50.38
38	3,36	339	63.94
38	3,36	351	52.34
38	3,36	358	49.90
38	3,36	367	49.23
38	3,36	381	61.08
38	3,36	402	44.41
38	3,36	405	47.45
38	3,36	423	30.18
38	3,36	463	47.11
38	4	13	29.49
38	4	36	68.13
38	4	45	22.56
38	4	64	26.30
38	4	65	21.24
38	4	124	53.41
38	4	130	42.94
38	4	138	26.79
38	4	150	54.85
38	4	168	32.86
38	4	175	29.45
38	4	182	39.82
38	4	194	43.77
38	4	220	48.62
38	4	233	41.99
38	4	256	46.39
38	4	300	53.00
38	4	301	26.97
38	4	308	56.42
38	4	321	53.73
38	4	348	53.15
38	4	360	37.63
38	4	426	43.00
38	4,10	36	85.10
38	4,10	65	35.24
38	4,10	168	46.56
38	4,10	233	58.48
38	4,10	301	42.31
38	4,10	308	69.04
38	4,10	321	66.48
38	4,10	426	56.14
38	4,13	13	56.04
38	4,13	36	92.63
38	4,13	45	38.65
38	4,13	64	49.69
38	4,13	65	47.24
38	4,13	124	76.23
38	4,13	168	58.49
38	4,13	182	61.66
38	4,13	194	53.63
38	4,13	220	74.41
38	4,13	300	66.52
38	4,13	308	68.03
38	4,13	321	76.97
38	4,13	348	66.37
38	4,20	13	39.94
38	4,20	36	79.10
38	4,20	65	30.79
38	4,20	130	51.73
38	4,20	168	42.10
38	4,20	175	39.90
38	4,20	182	50.62
38	4,20	233	52.01
38	4,20	256	56.13
38	4,20	301	37.61
38	4,20	308	67.27
38	4,20	321	63.15
38	4,20	426	52.08
38	4,23	36	88.68
38	4,23	130	58.99
38	4,23	175	49.51
38	4,23	182	55.21
38	4,23	233	60.46
38	4,23	256	64.46
38	4,23	301	46.56
38	4,23	308	73.92
38	4,23	426	59.69
38	5	53	43.61
38	5	54	28.27
38	5	98	59.49
38	5	149	36.90
38	5	158	62.45
38	5	169	68.76
38	5	189	41.34
38	5	226	37.59
38	5	236	27.99
38	5	314	42.82
38	5	382	71.18
38	5	388	60.01
38	5	432	46.72
38	5,16	53	54.61
38	5,16	149	49.79
38	5,16	226	60.41
38	5,16	432	55.97
38	5,17	53	66.24
38	5,17	54	54.20
38	5,17	189	71.63
38	5,17	226	70.41
38	5,17	314	66.72
38	5,17	388	80.61
38	5,17	432	69.31
38	5,22	53	51.75
38	5,22	54	40.27
38	5,22	189	53.92
38	5,22	226	68.24
38	5,22	314	48.76
38	5,22	388	65.68
38	5,22	432	56.41
38	5,37	53	53.96
38	5,37	54	41.01
38	5,37	149	47.41
38	5,37	189	57.66
38	5,37	226	67.86
38	5,37	236	39.34
38	5,37	388	69.15
38	5,37	432	56.42
38	5,39	53	57.76
38	5,39	54	45.00
38	5,39	189	63.52
38	5,39	226	65.97
38	5,39	236	41.30
38	5,39	314	57.06
38	5,39	388	72.45
38	5,39	432	61.41
38	6	9	21.48
38	6	10	19.86
38	6	11	18.66
38	6	18	25.93
38	6	20	40.55
38	6	22	18.90
38	6	26	24.17
38	6	31	42.27
38	6	56	56.28
38	6	57	15.30
38	6	76	20.58
38	6	78	21.49
38	6	81	30.75
38	6	86	25.66
38	6	88	28.30
38	6	91	38.86
38	6	96	15.86
38	6	101	36.92
38	6	103	39.30
38	6	106	40.42
38	6	118	19.56
38	6	119	30.08
38	6	121	58.82
38	6	134	21.37
38	6	148	40.45
38	6	161	39.34
38	6	174	45.14
38	6	184	46.55
38	6	188	43.55
38	6	191	32.11
38	6	192	46.93
38	6	197	18.30
38	6	199	48.35
38	6	211	20.21
38	6	221	16.31
38	6	228	49.38
38	6	232	28.00
38	6	238	18.34
38	6	244	22.03
38	6	246	17.07
38	6	255	22.46
38	6	257	50.87
38	6	259	33.46
38	6	263	48.24
38	6	270	22.13
38	6	280	38.14
38	6	287	43.28
38	6	288	33.92
38	6	295	22.73
38	6	298	46.89
38	6	299	28.04
38	6	305	52.55
38	6	313	20.42
38	6	316	23.56
38	6	324	18.42
38	6	329	49.54
38	6	352	24.48
38	6	356	21.54
38	6	377	17.61
38	6	378	40.23
38	6	380	21.61
38	6	390	16.31
38	6	415	38.83
38	6	444	24.61
38	6	453	30.37
38	6	455	20.86
38	6	467	34.96
38	6,18	10	40.06
38	6,18	11	39.68
38	6,18	31	68.37
38	6,18	96	36.68
38	6,18	103	63.14
38	6,18	118	39.17
38	6,18	148	65.17
38	6,18	188	65.44
38	6,18	192	71.75
38	6,18	197	39.46
38	6,18	221	41.24
38	6,18	238	39.70
38	6,18	259	57.82
38	6,18	263	70.49
38	6,18	299	52.96
38	6,18	305	80.23
38	6,18	324	39.39
38	6,18	329	72.30
38	6,18	377	37.38
38	6,18	378	65.62
38	6,18	415	61.90
38	7	14	12.13
38	7	27	35.23
38	7	35	15.01
38	7	38	10.93
38	7	52	49.83
38	7	61	21.21
38	7	68	29.96
38	7	85	37.38
38	7	92	14.62
38	7	123	17.41
38	7	136	13.73
38	7	146	48.66
38	7	163	11.93
38	7	176	11.30
38	7	187	47.58
38	7	190	19.38
38	7	210	27.68
38	7	212	20.99
38	7	217	17.97
38	7	223	41.38
38	7	245	34.92
38	7	249	36.90
38	7	251	23.44
38	7	265	14.61
38	7	277	37.13
38	7	279	45.51
38	7	311	29.45
38	7	312	31.45
38	7	326	27.42
38	7	328	37.96
38	7	330	45.23
38	7	332	23.75
38	7	344	23.00
38	7	366	32.79
38	7	369	14.56
38	7	386	41.54
38	7	416	12.77
38	7	425	12.13
38	7	448	15.20
38	7	454	28.35
38	7,26	14	38.14
38	7,26	27	60.35
38	7,26	35	41.28
38	7,26	68	59.48
38	7,26	85	51.06
38	7,26	92	41.87
38	7,26	123	44.46
38	7,26	146	74.70
38	7,26	163	37.65
38	7,26	176	39.85
38	7,26	187	74.13
38	7,26	210	50.82
38	7,26	212	47.75
38	7,26	249	61.13
38	7,26	265	42.42
38	7,26	311	55.37
38	7,26	326	45.68
38	7,26	328	62.31
38	7,26	416	36.77
38	8	17	28.59
38	8	40	44.34
38	8	66	48.77
38	8	80	36.58
38	8	95	21.76
38	8	159	54.94
38	8	167	58.39
38	8	209	41.92
38	8	239	48.59
38	8	261	61.93
38	8	282	45.34
38	8	290	35.93
38	8	389	32.21
38	8	421	18.46
38	8,29	17	40.06
38	8,29	40	69.56
38	8,29	66	61.68
38	8,29	80	49.30
38	8,29	159	67.45
38	8,29	239	62.10
38	8,29	261	75.70
38	8,29	290	48.55
38	8,29	389	46.03
38	8,29	421	30.94
38	8,33	17	51.03
38	8,33	40	73.00
38	8,33	66	76.38
38	8,33	80	62.82
38	8,33	239	69.90
38	8,33	261	93.45
38	8,33	290	61.51
38	8,33	389	58.97
38	8,33	421	44.17
38	8,35	17	45.55
38	8,35	40	73.68
38	8,35	66	68.44
38	8,35	80	55.62
38	8,35	95	38.97
38	8,35	159	73.69
38	8,35	167	77.80
38	8,35	209	68.69
38	8,35	239	69.39
38	8,35	261	83.79
38	8,35	290	54.62
38	8,35	389	59.42
38	8,35	421	37.24
38	8,41	17	35.76
38	8,41	40	55.28
38	8,41	66	55.93
38	8,41	80	43.96
38	8,41	95	28.92
38	8,41	159	62.18
38	8,41	167	65.89
38	8,41	209	62.76
38	8,41	239	55.83
38	8,41	261	68.73
38	8,41	290	43.37
38	8,41	389	42.52
38	8,41	421	25.89
38	9	4	27.31
38	9	17	28.62
38	9	23	48.52
38	9	32	49.41
38	9	41	35.06
38	9	44	42.00
38	9	55	57.93
38	9	66	39.87
38	9	75	23.70
38	9	82	30.80
38	9	97	15.06
38	9	112	17.00
38	9	114	34.37
38	9	116	21.07
38	9	132	14.69
38	9	133	19.83
38	9	135	17.69
38	9	139	38.77
38	9	178	50.00
38	9	186	29.03
38	9	207	17.44
38	9	213	49.21
38	9	227	18.30
38	9	229	39.79
38	9	230	37.66
38	9	254	31.06
38	9	271	27.73
38	9	281	36.41
38	9	284	30.87
38	9	285	63.10
38	9	291	51.15
38	9	296	41.58
38	9	306	17.80
38	9	331	48.15
38	9	336	30.41
38	9	340	48.37
38	9	345	38.77
38	9	346	21.35
38	9	353	24.83
38	9	357	17.38
38	9	359	38.30
38	9	362	16.62
38	9	374	28.76
38	9	389	37.07
38	9	393	33.99
38	9	400	18.15
38	9	403	20.85
38	9	408	29.07
38	9	411	26.30
38	9	417	41.41
38	9	430	25.75
38	9	431	36.07
38	9	435	24.56
38	9	438	25.14
38	9	440	17.04
38	9	441	19.66
38	9	443	31.77
38	9	445	18.30
38	9	450	22.83
38	9	451	29.73
38	9	458	16.99
38	9	459	40.76
38	9	468	20.83
38	9	470	27.30
38	9	471	13.87
38	9,19	23	71.61
38	9,19	66	65.30
38	9,19	97	32.86
38	9,19	114	59.41
38	9,19	132	35.37
38	9,19	139	62.34
38	9,19	213	73.08
38	9,19	230	58.87
38	9,19	254	54.37
38	9,19	281	58.85
38	9,19	296	66.11
38	9,19	306	38.41
38	9,19	331	75.06
38	9,19	340	74.07
38	9,19	345	57.10
38	9,19	353	49.18
38	9,19	374	49.58
38	9,19	431	60.37
38	9,31	4	39.38
38	9,31	17	40.38
38	9,31	23	60.92
38	9,31	41	45.66
38	9,31	66	53.00
38	9,31	82	42.68
38	9,31	97	24.31
38	9,31	114	45.69
38	9,31	116	34.32
38	9,31	132	24.72
38	9,31	133	29.93
38	9,31	135	29.13
38	9,31	139	49.82
38	9,31	207	29.21
38	9,31	213	61.59
38	9,31	227	27.65
38	9,31	229	50.82
38	9,31	230	50.41
38	9,31	254	41.69
38	9,31	271	39.42
38	9,31	281	46.62
38	9,31	284	44.27
38	9,31	296	52.72
38	9,31	306	28.79
38	9,31	331	60.89
38	9,31	336	42.31
38	9,31	340	61.42
38	9,31	345	49.23
38	9,31	346	33.48
38	9,31	353	35.86
38	9,31	357	29.23
38	9,31	362	28.27
38	9,31	374	42.93
38	9,31	389	49.62
38	9,31	393	46.80
38	9,31	400	30.15
38	9,31	403	33.94
38	9,31	408	41.23
38	9,31	411	37.70
38	9,31	417	54.10
38	9,31	430	36.92
38	9,31	431	52.63
38	9,31	435	35.08
38	9,31	438	36.58
38	9,31	440	28.34
38	9,31	441	31.07
38	9,31	443	44.55
38	9,31	450	34.24
38	9,31	451	36.28
38	9,31	458	25.99
38	9,31	459	51.51
38	9,31	468	37.32
38	9,31	470	39.99
38	9,31	471	25.15
38	10	6	44.34
38	10	24	24.37
38	10	28	22.75
38	10	30	53.54
38	10	36	63.08
38	10	47	47.55
38	10	51	25.63
38	10	58	30.24
38	10	65	16.63
38	10	87	32.23
38	10	89	16.13
38	10	144	15.73
38	10	145	43.92
38	10	154	17.34
38	10	162	38.24
38	10	168	24.32
38	10	193	46.42
38	10	203	12.80
38	10	215	16.46
38	10	216	29.20
38	10	233	30.01
38	10	234	13.46
38	10	240	24.65
38	10	241	18.14
38	10	260	29.28
38	10	266	49.45
38	10	273	52.41
38	10	275	40.23
38	10	297	28.51
38	10	301	18.69
38	10	308	50.93
38	10	321	41.75
38	10	333	22.18
38	10	338	36.01
38	10	364	46.56
38	10	396	44.55
38	10	397	36.69
38	10	406	30.06
38	10	426	30.56
38	10	428	15.85
38	10	434	30.89
38	10	439	17.54
38	10	442	37.82
38	10	447	17.49
38	10	460	15.08
38	10	462	29.72
38	11	95	31.77
38	11	158	60.75
38	11	169	69.85
38	11	222	45.46
38	11	314	39.44
38	11	382	70.70
38	11	388	57.54
38	11,22	95	48.86
38	11,22	222	64.92
38	11,22	314	60.92
38	11,22	388	74.00
38	11,28	222	61.04
38	11,28	314	49.34
38	11,28	388	67.01
38	12	3	29.61
38	12	19	41.23
38	12	25	51.28
38	12	60	17.70
38	12	83	41.99
38	12	110	25.18
38	12	156	25.54
38	12	166	43.48
38	12	171	21.32
38	12	173	34.10
38	12	200	44.00
38	12	206	43.17
38	12	219	35.48
38	12	225	38.52
38	12	231	39.76
38	12	276	43.66
38	12	310	51.38
38	12	354	29.82
38	12	376	55.14
38	12	383	39.21
38	12	409	38.56
38	12	424	36.48
38	12	456	42.14
38	12	472	46.96
38	12,25	3	44.94
38	12,25	19	56.21
38	12,25	25	66.69
38	12,25	60	32.20
38	12,25	83	57.31
38	12,25	110	39.92
38	12,25	156	43.42
38	12,25	166	58.00
38	12,25	171	35.65
38	12,25	173	49.63
38	12,25	206	59.10
38	12,25	219	50.82
38	12,25	225	54.04
38	12,25	231	55.49
38	12,25	276	59.56
38	12,25	310	66.03
38	12,25	354	44.82
38	12,25	376	70.62
38	12,25	383	54.96
38	12,25	409	54.07
38	12,25	424	52.01
38	12,25	456	57.65
38	12,25	472	61.87
38	12,45	60	34.27
38	12,45	156	52.18
38	12,45	219	55.52
38	12,45	231	59.99
38	12,45	276	63.73
38	12,45	310	65.18
38	12,45	376	75.39
38	12,45	383	53.70
38	12,45	424	56.20
38	12,45	456	61.56
38	13	13	31.89
38	13	15	18.94
38	13	36	67.13
38	13	45	16.99
38	13	64	20.37
38	13	65	17.66
38	13	100	27.68
38	13	124	48.85
38	13	150	53.63
38	13	153	34.77
38	13	168	31.10
38	13	170	26.59
38	13	182	41.90
38	13	194	31.46
38	13	215	24.10
38	13	220	43.31
38	13	300	49.06
38	13	308	51.52
38	13	321	50.85
38	13	348	48.63
38	13	365	28.07
38	13	427	20.63
38	13	446	21.96
38	13	447	20.85
38	13,32	13	48.94
38	13,32	36	76.77
38	13,32	45	25.15
38	13,32	64	29.03
38	13,32	65	24.79
38	13,32	100	35.77
38	13,32	124	59.14
38	13,32	153	44.65
38	13,32	168	37.62
38	13,32	182	52.72
38	13,32	194	48.25
38	13,32	215	31.45
38	13,32	220	51.01
38	13,32	300	59.48
38	13,32	308	62.14
38	13,32	321	60.14
38	13,32	348	58.73
38	13,32	365	38.03
38	13,32	427	29.65
38	13,32	446	30.52
38	13,32	447	27.87
38	14	3	30.06
38	14	19	41.66
38	14	25	51.73
38	14	46	46.90
38	14	59	26.28
38	14	60	17.20
38	14	83	42.44
38	14	110	24.87
38	14	113	35.55
38	14	126	46.73
38	14	156	25.49
38	14	166	43.93
38	14	171	21.69
38	14	173	34.55
38	14	200	43.68
38	14	206	43.62
38	14	219	35.93
38	14	224	55.89
38	14	225	38.97
38	14	231	39.70
38	14	262	41.20
38	14	276	44.11
38	14	278	21.13
38	14	283	37.35
38	14	302	23.14
38	14	309	36.56
38	14	310	51.83
38	14	317	34.15
38	14	349	53.44
38	14	354	28.96
38	14	376	55.58
38	14	383	39.31
38	14	391	28.96
38	14	409	37.99
38	14	424	35.87
38	14	456	42.59
38	14	472	47.41
38	14,33	219	52.39
38	14,33	310	62.94
38	14,33	376	72.25
38	14,33	383	55.58
38	14,46	3	44.63
38	14,46	19	55.89
38	14,46	25	69.85
38	14,46	59	42.62
38	14,46	60	30.83
38	14,46	113	55.28
38	14,46	156	43.52
38	14,46	166	61.21
38	14,46	206	62.77
38	14,46	219	50.51
38	14,46	225	55.38
38	14,46	231	54.79
38	14,46	276	63.24
38	14,46	278	36.32
38	14,46	302	40.87
38	14,46	310	65.63
38	14,46	317	49.48
38	14,46	354	46.13
38	14,46	376	70.32
38	14,46	383	54.11
38	14,46	391	44.61
38	14,46	409	52.76
38	14,46	424	50.70
38	14,46	456	59.41
38	14,46	472	65.24
38	15	2	37.13
38	15	5	21.83
38	15	16	50.08
38	15	21	30.59
38	15	29	17.58
38	15	34	15.30
38	15	37	18.58
38	15	42	34.15
38	15	43	60.79
38	15	48	39.55
38	15	49	20.93
38	15	50	24.45
38	15	62	31.75
38	15	69	21.07
38	15	84	32.85
38	15	107	36.79
38	15	120	48.82
38	15	129	29.96
38	15	152	38.44
38	15	157	53.76
38	15	172	53.23
38	15	177	18.41
38	15	179	48.18
38	15	181	41.54
38	15	185	55.66
38	15	218	24.08
38	15	247	19.45
38	15	269	41.20
38	15	341	43.73
38	15	343	22.70
38	15	347	21.39
38	15	350	51.25
38	15	363	62.76
38	15	372	41.68
38	15	401	16.90
38	15	404	22.35
38	15	407	41.42
38	15	414	26.89
38	15	420	17.90
38	15	429	22.32
38	15	436	39.85
38	15,43	2	46.93
38	15,43	21	44.73
38	15,43	29	34.00
38	15,43	34	28.58
38	15,43	37	30.38
38	15,43	42	45.86
38	15,43	48	52.17
38	15,43	62	42.87
38	15,43	69	36.85
38	15,43	84	48.46
38	15,43	107	53.38
38	15,43	129	46.00
38	15,43	152	51.17
38	15,43	157	68.55
38	15,43	177	35.94
38	15,43	179	60.59
38	15,43	181	53.89
38	15,43	185	67.08
38	15,43	218	39.89
38	15,43	247	35.06
38	15,43	343	33.80
38	15,43	347	34.85
38	15,43	350	67.46
38	15,43	401	32.28
38	15,43	414	43.75
38	15,43	420	33.10
38	16	7	49.90
38	16	39	57.79
38	16	53	34.93
38	16	67	44.39
38	16	90	29.03
38	16	98	57.72
38	16	99	60.66
38	16	140	40.18
38	16	149	30.37
38	16	185	54.13
38	16	204	32.79
38	16	226	38.21
38	16	267	35.97
38	16	272	42.13
38	16	355	52.65
38	16	432	36.06
38	16,24	7	75.35
38	16,24	39	80.92
38	16,24	53	58.70
38	16,24	67	65.85
38	16,24	149	53.87
38	16,24	204	56.79
38	16,24	226	63.86
38	16,24	272	66.10
38	16,24	432	60.07
38	16,37	53	54.24
38	16,37	90	44.48
38	16,37	149	49.00
38	16,37	226	60.62
38	16,37	432	55.61
38	17	53	45.34
38	17	54	31.55
38	17	98	60.70
38	17	158	63.27
38	17	169	71.11
38	17	189	50.63
38	17	222	50.73
38	17	226	48.39
38	17	314	43.77
38	17	382	72.85
38	17	388	61.10
38	17	432	48.15
38	17,22	53	66.25
38	17,22	54	55.34
38	17,22	189	65.10
38	17,22	222	71.03
38	17,22	226	73.54
38	17,22	314	64.66
38	17,22	388	75.96
38	17,22	432	70.27
38	17,27	53	58.97
38	17,27	226	68.34
38	17,27	432	59.86
38	17,37	53	69.14
38	17,37	54	57.28
38	17,37	189	74.56
38	17,37	226	69.30
38	17,37	388	83.27
38	17,37	432	72.18
38	17,39	53	54.66
38	17,39	54	42.00
38	17,39	189	60.38
38	17,39	222	60.24
38	17,39	226	66.42
38	17,39	314	53.66
38	17,39	388	70.30
38	17,39	432	57.73
38	17,42	53	64.83
38	17,42	226	70.75
38	17,42	432	65.65
38	18	10	20.38
38	18	11	19.35
38	18	31	48.63
38	18	56	57.42
38	18	72	23.89
38	18	91	44.68
38	18	96	18.92
38	18	102	25.85
38	18	103	41.32
38	18	104	22.90
38	18	106	40.90
38	18	111	22.06
38	18	118	19.01
38	18	121	58.62
38	18	148	42.56
38	18	188	45.41
38	18	192	50.92
38	18	197	20.10
38	18	199	50.30
38	18	221	22.46
38	18	228	52.96
38	18	238	20.42
38	18	243	39.13
38	18	259	34.69
38	18	263	49.79
38	18	286	41.39
38	18	299	30.23
38	18	304	45.07
38	18	305	57.49
38	18	324	20.20
38	18	327	23.59
38	18	329	51.28
38	18	373	47.06
38	18	377	18.01
38	18	378	42.58
38	18	415	40.73
38	18	422	59.96
38	18	469	42.79
38	18,23	72	45.58
38	18,23	104	39.90
38	18,23	111	38.51
38	18,23	118	41.76
38	18,23	192	70.28
38	18,23	243	57.11
38	18,23	286	60.23
38	18,23	304	65.07
38	18,23	373	61.56
38	18,23	378	66.23
38	19	23	53.93
38	19	32	54.15
38	19	44	47.72
38	19	55	63.69
38	19	66	45.59
38	19	97	19.54
38	19	114	42.37
38	19	132	20.27
38	19	139	46.17
38	19	141	23.56
38	19	213	54.70
38	19	230	41.82
38	19	254	37.35
38	19	281	43.63
38	19	285	67.13
38	19	291	57.44
38	19	296	48.66
38	19	306	23.08
38	19	331	53.90
38	19	337	27.01
38	19	340	54.24
38	19	345	42.70
38	19	353	32.63
38	19	374	34.28
38	19	431	48.11
38	19,31	23	61.35
38	19,31	66	53.63
38	19,31	97	26.89
38	19,31	114	50.45
38	19,31	132	28.10
38	19,31	139	54.23
38	19,31	213	63.03
38	19,31	230	51.13
38	19,31	254	44.99
38	19,31	281	50.93
38	19,31	296	56.62
38	19,31	306	31.03
38	19,31	331	61.32
38	19,31	340	63.07
38	19,31	345	50.08
38	19,31	353	40.49
38	19,31	374	42.25
38	19,31	431	59.54
38	20	13	26.73
38	20	36	57.99
38	20	58	32.87
38	20	65	17.99
38	20	111	18.73
38	20	130	40.18
38	20	145	50.62
38	20	154	23.48
38	20	162	42.65
38	20	168	22.31
38	20	175	20.96
38	20	182	37.63
38	20	183	49.07
38	20	193	48.39
38	20	203	21.07
38	20	233	35.99
38	20	256	39.58
38	20	273	58.82
38	20	275	32.66
38	20	297	31.07
38	20	301	17.93
38	20	308	53.30
38	20	321	46.44
38	20	422	56.34
38	20	426	34.13
38	20	439	18.27
38	20	469	46.55
38	20,23	36	71.85
38	20,23	111	33.52
38	20,23	130	54.73
38	20,23	175	37.39
38	20,23	182	50.45
38	20,23	183	63.56
38	20,23	233	53.69
38	20,23	256	56.87
38	20,23	275	45.72
38	20,23	301	35.35
38	20,23	308	69.27
38	20,23	426	50.10
38	20,23	439	35.14
38	21	4	18.94
38	21	8	28.21
38	21	17	22.04
38	21	32	49.24
38	21	33	48.13
38	21	40	40.13
38	21	44	40.83
38	21	55	58.31
38	21	66	42.10
38	21	73	32.14
38	21	80	33.83
38	21	97	12.89
38	21	132	14.23
38	21	133	18.10
38	21	159	47.86
38	21	237	50.39
38	21	239	38.61
38	21	261	53.31
38	21	281	37.11
38	21	282	36.93
38	21	284	33.15
38	21	285	60.80
38	21	290	24.56
38	21	296	42.11
38	21	325	41.55
38	21	336	32.90
38	21	357	18.51
38	21	359	38.01
38	21	361	24.70
38	21	362	17.27
38	21	383	37.49
38	21	389	25.72
38	21	393	31.82
38	21	399	36.86
38	21	408	23.06
38	21	411	23.10
38	21	417	39.87
38	21	421	11.73
38	21	431	36.90
38	21	433	15.99
38	21	435	20.08
38	21	441	18.41
38	21	443	26.83
38	21	450	23.48
38	21	451	27.00
38	21	458	16.27
38	21	459	40.14
38	21	465	13.80
38	21	468	23.04
38	21	470	22.24
38	21	471	15.87
38	21	473	26.90
38	21,41	17	35.39
38	21,41	40	59.44
38	21,41	66	59.79
38	21,41	80	43.99
38	21,41	159	64.86
38	21,41	239	57.24
38	21,41	261	72.69
38	21,41	290	41.55
38	21,41	325	59.44
38	21,41	361	38.79
38	21,41	389	40.13
38	21,41	393	44.86
38	21,41	399	48.11
38	21,41	408	40.83
38	21,41	421	25.85
38	21,41	465	27.79
38	21,41	473	44.70
38	22	53	41.54
38	22	54	29.75
38	22	95	31.70
38	22	158	60.08
38	22	169	68.20
38	22	189	36.77
38	22	222	46.34
38	22	226	43.25
38	22	314	37.83
38	22	382	68.73
38	22	388	54.25
38	22	432	45.96
38	22,28	54	50.68
38	22,28	189	68.10
38	22,28	222	66.54
38	22,28	314	55.89
38	22,28	388	71.76
38	22,37	53	55.04
38	22,37	54	44.15
38	22,37	189	55.85
38	22,37	226	64.44
38	22,37	388	65.10
38	22,37	432	59.70
38	22,39	53	56.77
38	22,39	54	46.45
38	22,39	189	60.80
38	22,39	222	61.66
38	22,39	226	73.68
38	22,39	314	54.35
38	22,39	388	69.23
38	22,39	432	61.44
38	23	36	59.44
38	23	72	25.89
38	23	74	73.38
38	23	104	22.94
38	23	111	20.99
38	23	118	24.28
38	23	130	43.62
38	23	145	57.54
38	23	175	23.72
38	23	182	41.75
38	23	183	48.39
38	23	192	53.06
38	23	233	41.08
38	23	243	40.42
38	23	256	46.01
38	23	273	63.86
38	23	275	34.85
38	23	286	44.11
38	23	301	21.76
38	23	304	50.06
38	23	308	57.34
38	23	373	46.63
38	23	378	48.69
38	23	422	62.52
38	23	426	39.21
38	23	439	23.80
38	23	469	49.92
38	24	7	50.89
38	24	39	64.54
38	24	53	42.45
38	24	67	47.66
38	24	98	63.77
38	24	99	65.24
38	24	149	36.52
38	24	169	73.72
38	24	204	41.65
38	24	226	49.72
38	24	272	43.24
38	24	355	59.70
38	24	382	76.99
38	24	398	45.00
38	24	432	41.93
38	25	3	30.79
38	25	19	42.04
38	25	25	52.63
38	25	46	47.11
38	25	59	26.07
38	25	60	19.76
38	25	83	42.79
38	25	110	26.80
38	25	113	36.03
38	25	126	48.89
38	25	137	24.77
38	25	156	25.31
38	25	166	45.01
38	25	171	22.63
38	25	173	35.13
38	25	200	44.17
38	25	206	44.94
38	25	219	36.66
38	25	224	56.68
38	25	225	39.48
38	25	231	41.52
38	25	262	39.63
38	25	276	45.44
38	25	278	21.79
38	25	283	37.48
38	25	302	23.52
38	25	309	37.48
38	25	310	52.92
38	25	317	35.90
38	25	349	54.58
38	25	354	31.86
38	25	376	56.28
38	25	383	41.35
38	25	387	37.68
38	25	391	25.70
38	25	409	38.38
38	25	424	36.28
38	25	456	43.75
38	25	472	48.01
38	25,45	60	31.56
38	25,45	156	43.34
38	25,45	219	50.86
38	25,45	231	56.45
38	25,45	276	60.03
38	25,45	310	62.46
38	25,45	376	70.63
38	25,45	383	51.27
38	25,45	424	50.72
38	25,45	456	58.28
38	26	14	28.93
38	26	27	37.72
38	26	35	28.54
38	26	68	45.90
38	26	85	31.82
38	26	92	30.06
38	26	123	31.21
38	26	146	62.56
38	26	163	27.10
38	26	176	28.42
38	26	187	60.15
38	26	210	40.94
38	26	212	36.27
38	26	245	47.79
38	26	249	47.76
38	26	265	31.23
38	26	311	40.94
38	26	326	37.32
38	26	328	49.18
38	26	416	24.27
38	26,40	14	39.94
38	26,40	27	61.77
38	26,40	68	62.86
38	26,40	85	60.11
38	26,40	92	44.83
38	26,40	123	43.61
38	26,40	163	40.82
38	26,40	176	44.06
38	26,40	187	76.51
38	26,40	210	50.17
38	26,40	212	47.04
38	26,40	249	62.38
38	26,40	265	45.07
38	26,40	326	47.31
38	26,40	328	63.69
38	26,40	416	38.54
38	27	7	51.00
38	27	39	63.90
38	27	53	43.51
38	27	67	47.41
38	27	98	63.03
38	27	99	65.75
38	27	149	38.21
38	27	169	74.94
38	27	204	43.58
38	27	226	51.38
38	27	272	43.90
38	27	355	63.58
38	27	382	73.41
38	27	398	45.51
38	27	432	44.13
38	27,30	7	60.69
38	27,30	39	79.45
38	27,30	53	57.65
38	27,30	67	63.44
38	27,30	149	51.99
38	27,30	204	57.70
38	27,30	226	69.07
38	27,30	272	61.17
38	27,30	398	60.97
38	27,30	432	58.46
38	28	54	33.54
38	28	158	63.77
38	28	169	70.69
38	28	189	53.63
38	28	222	50.93
38	28	314	38.76
38	28	382	67.77
38	28	388	57.23
38	29	17	28.42
38	29	40	48.37
38	29	66	49.27
38	29	80	41.08
38	29	97	19.25
38	29	132	21.14
38	29	159	54.63
38	29	239	45.86
38	29	261	61.89
38	29	282	47.99
38	29	285	67.20
38	29	290	27.61
38	29	296	49.18
38	29	383	42.86
38	29	389	35.92
38	29	421	18.48
38	29,33	17	52.79
38	29,33	40	73.77
38	29,33	66	78.92
38	29,33	80	58.48
38	29,33	239	77.58
38	29,33	261	95.92
38	29,33	290	55.24
38	29,33	383	59.08
38	29,33	389	64.73
38	29,33	421	46.24
38	30	7	42.18
38	30	12	34.82
38	30	39	54.20
38	30	53	31.68
38	30	67	39.97
38	30	70	43.06
38	30	98	54.79
38	30	99	53.83
38	30	105	21.31
38	30	122	32.73
38	30	149	26.31
38	30	196	30.59
38	30	204	31.52
38	30	226	41.20
38	30	235	54.85
38	30	253	44.90
38	30	264	44.14
38	30	272	35.03
38	30	274	11.92
38	30	294	27.37
38	30	323	32.48
38	30	335	30.76
38	30	355	56.38
38	30	384	35.96
38	30	398	36.34
38	30	413	25.28
38	30	419	27.10
38	30	432	32.27
38	31	4	24.17
38	31	17	27.14
38	31	23	47.14
38	31	32	48.31
38	31	41	34.51
38	31	44	41.41
38	31	55	55.15
38	31	66	37.85
38	31	82	30.00
38	31	97	12.10
38	31	114	33.55
38	31	116	19.70
38	31	132	10.94
38	31	133	15.03
38	31	135	16.85
38	31	139	38.21
38	31	207	16.17
38	31	213	46.97
38	31	227	11.77
38	31	229	38.76
38	31	230	34.39
38	31	254	30.51
38	31	271	26.90
38	31	281	35.92
38	31	284	28.55
38	31	285	60.08
38	31	291	49.23
38	31	296	41.04
38	31	306	16.13
38	31	331	45.38
38	31	336	28.89
38	31	340	45.72
38	31	345	35.79
38	31	346	18.07
38	31	353	23.65
38	31	357	15.83
38	31	359	33.73
38	31	362	14.37
38	31	374	28.45
38	31	389	34.55
38	31	393	31.54
38	31	395	16.21
38	31	400	16.51
38	31	403	15.96
38	31	408	25.99
38	31	411	23.82
38	31	417	38.75
38	31	430	20.07
38	31	431	43.73
38	31	435	19.87
38	31	438	23.93
38	31	440	12.07
38	31	441	16.28
38	31	443	29.31
38	31	450	21.79
38	31	451	22.66
38	31	458	11.28
38	31	459	38.59
38	31	466	16.03
38	31	468	20.45
38	31	470	24.77
38	31	471	12.42
38	32	13	32.49
38	32	36	61.18
38	32	45	12.27
38	32	64	15.54
38	32	65	10.48
38	32	100	20.17
38	32	124	44.34
38	32	150	48.59
38	32	153	28.75
38	32	154	17.82
38	32	168	23.62
38	32	182	40.10
38	32	193	38.24
38	32	194	31.35
38	32	203	15.96
38	32	215	15.68
38	32	220	35.73
38	32	234	14.56
38	32	300	43.87
38	32	308	41.17
38	32	321	45.18
38	32	348	42.18
38	32	365	20.30
38	32	427	14.86
38	32	446	15.87
38	32	447	13.23
38	32	462	29.65
38	33	17	34.41
38	33	40	51.82
38	33	66	52.14
38	33	80	42.13
38	33	128	51.87
38	33	131	74.24
38	33	219	43.42
38	33	239	49.48
38	33	261	67.25
38	33	282	48.80
38	33	290	39.14
38	33	310	42.55
38	33	376	62.42
38	33	383	43.04
38	33	389	40.85
38	33	421	23.37
38	33,46	219	59.48
38	33,46	310	66.94
38	33,46	376	79.42
38	33,46	383	62.44
38	34	63	33.59
38	34	79	43.03
38	34	108	41.72
38	34	128	44.34
38	34	131	68.04
38	34	151	46.17
38	34	155	35.44
38	34	167	58.13
38	34	205	43.27
38	34	209	54.28
38	34	214	31.56
38	34	239	48.27
38	34	250	36.15
38	34	268	63.68
38	34	292	35.17
38	34	293	35.70
38	34	307	49.68
38	34	322	34.23
38	34	339	42.86
38	34	342	46.66
38	34	351	42.04
38	34	358	37.35
38	34	367	38.08
38	34	379	44.10
38	34	381	48.72
38	34	394	44.31
38	34	402	34.21
38	34	405	35.93
38	34	418	46.48
38	34	423	20.14
38	34	452	54.04
38	34	463	36.80
38	35	17	32.79
38	35	40	52.46
38	35	66	53.92
38	35	80	41.38
38	35	95	26.46
38	35	159	59.69
38	35	167	63.28
38	35	209	52.25
38	35	239	54.17
38	35	261	68.14
38	35	282	48.15
38	35	290	40.54
38	35	389	39.93
38	35	421	23.25
38	35,41	17	50.15
38	35,41	40	72.01
38	35,41	66	74.25
38	35,41	80	61.06
38	35,41	95	43.69
38	35,41	159	79.10
38	35,41	167	83.37
38	35,41	209	68.30
38	35,41	239	75.69
38	35,41	261	90.75
38	35,41	290	59.87
38	35,41	389	57.13
38	35,41	421	42.66
38	35,44	17	47.13
38	35,44	40	65.38
38	35,44	66	69.79
38	35,44	80	59.31
38	35,44	159	75.52
38	35,44	167	78.73
38	35,44	239	70.42
38	35,44	261	86.15
38	35,44	290	55.46
38	35,44	389	55.20
38	35,44	421	38.08
38	36	59	18.56
38	36	63	27.65
38	36	77	15.69
38	36	79	41.70
38	36	83	31.76
38	36	93	48.94
38	36	108	36.85
38	36	127	35.55
38	36	128	37.85
38	36	131	64.35
38	36	151	41.70
38	36	155	28.30
38	36	205	37.68
38	36	214	32.21
38	36	219	33.34
38	36	250	32.80
38	36	268	59.69
38	36	292	31.87
38	36	293	33.44
38	36	307	44.10
38	36	322	33.00
38	36	339	41.25
38	36	351	35.66
38	36	358	29.48
38	36	367	33.08
38	36	381	44.58
38	36	394	42.39
38	36	402	27.73
38	36	405	32.08
38	36	423	13.55
38	36	452	49.68
38	36	463	30.44
38	37	53	45.41
38	37	54	28.76
38	37	90	31.54
38	37	98	61.72
38	37	149	36.56
38	37	169	69.48
38	37	189	50.49
38	37	226	35.77
38	37	236	28.30
38	37	382	71.80
38	37	388	59.68
38	37	432	46.46
38	37,39	53	59.92
38	37,39	54	47.55
38	37,39	189	66.08
38	37,39	226	63.61
38	37,39	236	43.24
38	37,39	388	72.49
38	37,39	432	63.59
38	37,42	53	63.15
38	37,42	149	51.97
38	37,42	226	56.87
38	37,42	432	63.97
38	38	1	30.00
38	38	71	13.41
38	38	72	14.96
38	38	74	62.96
38	38	93	38.61
38	38	94	33.15
38	38	102	12.58
38	38	104	14.41
38	38	109	24.69
38	38	115	12.30
38	38	125	14.68
38	38	130	35.85
38	38	138	15.86
38	38	142	39.65
38	38	143	26.55
38	38	147	12.20
38	38	160	17.89
38	38	164	12.41
38	38	174	36.18
38	38	175	13.62
38	38	183	38.13
38	38	195	14.73
38	38	197	13.70
38	38	198	12.72
38	38	201	34.15
38	38	202	38.48
38	38	208	14.35
38	38	242	25.72
38	38	244	14.39
38	38	248	40.93
38	38	256	41.15
38	38	258	13.20
38	38	289	14.44
38	38	295	15.20
38	38	303	13.97
38	38	315	12.56
38	38	316	20.20
38	38	318	13.41
38	38	319	11.86
38	38	320	13.00
38	38	329	42.48
38	38	334	18.27
38	38	360	28.52
38	38	368	12.15
38	38	370	40.97
38	38	371	26.83
38	38	375	16.11
38	38	385	30.85
38	38	392	16.77
38	38	410	14.00
38	38	412	44.18
38	38	422	48.63
38	38	437	24.80
38	38	457	11.80
38	38	461	25.34
38	38	464	15.10
38	38	469	37.85
38	38,47	1	46.32
38	38,47	71	22.56
38	38,47	72	27.37
38	38,47	102	24.10
38	38,47	104	25.14
38	38,47	109	33.28
38	38,47	115	23.15
38	38,47	125	26.76
38	38,47	130	46.18
38	38,47	138	26.44
38	38,47	143	36.25
38	38,47	147	24.04
38	38,47	160	28.70
38	38,47	164	22.97
38	38,47	175	25.06
38	38,47	183	44.37
38	38,47	195	26.18
38	38,47	197	24.45
38	38,47	198	24.17
38	38,47	202	47.82
38	38,47	208	25.73
38	38,47	244	25.72
38	38,47	256	52.13
38	38,47	258	22.75
38	38,47	289	24.77
38	38,47	295	27.37
38	38,47	303	24.94
38	38,47	315	23.58
38	38,47	316	31.27
38	38,47	318	22.20
38	38,47	319	20.45
38	38,47	320	22.11
38	38,47	329	52.61
38	38,47	334	30.51
38	38,47	368	20.69
38	38,47	370	51.85
38	38,47	371	36.75
38	38,47	375	27.11
38	38,47	392	25.83
38	38,47	410	23.72
38	38,47	437	33.51
38	38,47	457	20.30
38	38,47	461	32.77
38	39	53	40.39
38	39	54	26.34
38	39	158	61.79
38	39	169	61.35
38	39	189	46.32
38	39	222	45.52
38	39	226	44.90
38	39	236	25.03
38	39	314	38.07
38	39	382	67.25
38	39	388	55.70
38	39	432	43.80
38	39,42	53	60.46
38	39,42	226	66.30
38	39,42	432	61.30
38	40	14	22.62
38	40	27	32.38
38	40	52	60.14
38	40	68	43.55
38	40	85	37.45
38	40	92	27.11
38	40	123	26.17
38	40	163	24.30
38	40	176	25.75
38	40	187	58.83
38	40	210	34.18
38	40	212	29.56
38	40	223	38.56
38	40	245	44.87
38	40	249	45.75
38	40	265	26.99
38	40	279	48.79
38	40	326	28.72
38	40	328	47.27
38	40	330	56.18
38	40	416	22.34
38	41	17	27.85
38	41	33	55.28
38	41	40	42.68
38	41	66	47.62
38	41	80	35.51
38	41	95	21.38
38	41	159	53.89
38	41	167	57.28
38	41	209	42.69
38	41	237	56.28
38	41	239	47.32
38	41	261	60.55
38	41	282	46.70
38	41	290	34.86
38	41	292	34.11
38	41	322	35.42
38	41	325	47.90
38	41	342	46.13
38	41	361	29.00
38	41	379	26.11
38	41	389	31.11
38	41	393	38.30
38	41	399	38.68
38	41	408	31.96
38	41	418	53.38
38	41	421	17.54
38	41	465	19.34
38	41	473	33.92
38	42	7	44.87
38	42	12	37.18
38	42	39	56.46
38	42	53	34.10
38	42	67	42.03
38	42	70	45.20
38	42	98	57.00
38	42	99	56.25
38	42	105	23.72
38	42	122	35.24
38	42	149	28.70
38	42	196	33.72
38	42	204	33.94
38	42	226	37.90
38	42	235	57.54
38	42	253	46.79
38	42	264	46.46
38	42	272	37.39
38	42	274	13.93
38	42	294	30.41
38	42	323	34.85
38	42	335	33.59
38	42	355	58.34
38	42	384	38.54
38	42	398	38.55
38	42	413	28.37
38	42	419	30.14
38	42	432	34.69
38	43	2	28.99
38	43	16	42.21
38	43	21	24.90
38	43	29	13.93
38	43	34	12.10
38	43	37	10.56
38	43	42	28.35
38	43	48	32.83
38	43	62	23.61
38	43	69	16.04
38	43	84	28.66
38	43	107	32.90
38	43	117	44.56
38	43	120	44.86
38	43	122	31.56
38	43	129	25.93
38	43	140	40.21
38	43	152	27.85
38	43	157	48.08
38	43	172	47.27
38	43	177	14.56
38	43	179	40.42
38	43	181	32.30
38	43	185	47.77
38	43	218	22.80
38	43	247	12.51
38	43	252	39.66
38	43	267	25.72
38	43	343	14.38
38	43	347	15.58
38	43	350	46.66
38	43	372	32.55
38	43	401	13.39
38	43	414	22.79
38	43	420	14.21
38	43	449	33.30
38	44	17	29.61
38	44	40	40.37
38	44	66	49.38
38	44	80	39.55
38	44	159	56.04
38	44	167	58.55
38	44	239	48.83
38	44	261	63.54
38	44	282	50.48
38	44	290	36.01
38	44	389	35.15
38	44	421	18.70
38	45	60	18.65
38	45	131	72.46
38	45	156	31.35
38	45	200	46.32
38	45	219	39.32
38	45	231	42.52
38	45	261	65.92
38	45	276	45.97
38	45	310	49.39
38	45	376	59.01
38	45	383	37.06
38	45	424	39.13
38	45	456	44.52
38	46	3	27.20
38	46	19	38.66
38	46	25	48.01
38	46	46	43.30
38	46	59	22.48
38	46	60	15.20
38	46	113	31.23
38	46	126	44.32
38	46	156	21.07
38	46	166	41.61
38	46	180	23.45
38	46	200	41.35
38	46	206	39.46
38	46	219	33.08
38	46	224	53.86
38	46	225	33.34
38	46	231	36.08
38	46	262	39.18
38	46	276	39.94
38	46	278	18.30
38	46	302	19.20
38	46	310	49.25
38	46	317	30.41
38	46	349	49.08
38	46	354	25.62
38	46	376	52.69
38	46	383	37.24
38	46	391	26.42
38	46	409	35.44
38	46	424	33.34
38	46	456	37.21
38	46	472	44.70
38	47	1	37.07
38	47	71	13.28
38	47	72	15.72
38	47	74	63.85
38	47	93	38.86
38	47	94	32.62
38	47	102	13.06
38	47	104	14.77
38	47	109	22.96
38	47	115	12.52
38	47	125	14.99
38	47	130	37.06
38	47	138	15.21
38	47	142	39.03
38	47	143	26.48
38	47	147	12.48
38	47	160	18.70
38	47	164	13.11
38	47	174	36.69
38	47	175	14.03
38	47	182	40.21
38	47	183	31.82
38	47	195	15.41
38	47	197	14.62
38	47	198	12.89
38	47	201	33.65
38	47	202	38.30
38	47	208	14.99
38	47	244	15.10
38	47	248	40.63
38	47	256	41.79
38	47	258	11.46
38	47	289	14.70
38	47	295	15.93
38	47	301	16.21
38	47	303	14.62
38	47	315	13.18
38	47	316	21.06
38	47	318	13.97
38	47	319	10.87
38	47	320	11.37
38	47	329	43.23
38	47	334	18.39
38	47	360	28.25
38	47	368	10.58
38	47	370	41.59
38	47	371	28.62
38	47	375	16.66
38	47	392	15.89
38	47	410	13.21
38	47	412	43.65
38	47	422	48.14
38	47	437	22.34
38	47	457	10.37
38	47	461	30.01
38	47	469	38.73
38	48	53	40.38
38	48	54	27.14
38	48	95	30.31
38	48	98	56.44
38	48	99	58.10
38	48	149	34.13
38	48	158	54.80
38	48	169	67.83
38	48	226	49.90
38	48	314	40.03
38	48	382	67.73
38	48	388	56.14
38	48	432	43.20
