Task=50 Orders=40 Vehicles=520 Scores=2342
50	1	35	21.45
50	1	48	31.92
50	1	52	23.92
50	1	57	33.61
50	1	64	37.54
50	1	75	51.27
50	1	79	18.70
50	1	113	29.97
50	1	119	19.10
50	1	137	20.23
50	1	176	40.30
50	1	219	38.59
50	1	230	43.28
50	1	232	20.38
50	1	245	20.27
50	1	248	20.20
50	1	266	35.72
50	1	334	29.08
50	1	400	21.21
50	1,4	35	31.51
50	1,4	48	41.70
50	1,4	52	33.32
50	1,4	57	44.79
50	1,4	64	51.10
50	1,4	75	65.61
50	1,4	79	27.35
50	1,4	113	43.14
50	1,4	119	27.24
50	1,4	137	29.10
50	1,4	176	58.03
50	1,4	219	48.94
50	1,4	230	56.96
50	1,4	232	29.38
50	1,4	245	32.59
50	1,4	248	28.34
50	1,4	266	46.41
50	1,4	334	41.04
50	1,4	400	30.70
50	1,17	48	50.87
50	1,17	75	71.41
50	1,17	176	58.66
50	1,17	230	63.85
50	1,17	400	42.49
50	1,29	48	52.68
50	1,29	75	71.86
50	1,29	176	53.27
50	1,29	230	56.56
50	1,29	400	45.51
50	2	7	18.73
50	2	15	46.48
50	2	25	17.48
50	2	27	38.96
50	2	28	27.00
50	2	29	53.70
50	2	32	53.00
50	2	38	39.08
50	2	39	41.49
50	2	42	38.37
50	2	46	28.11
50	2	54	39.14
50	2	59	35.83
50	2	69	19.96
50	2	76	15.20
50	2	80	33.46
50	2	85	34.65
50	2	95	47.01
50	2	102	29.72
50	2	108	16.82
50	2	111	32.77
50	2	141	47.63
50	2	157	48.83
50	2	161	22.97
50	2	163	28.32
50	2	187	29.08
50	2	189	19.32
50	2	203	53.34
50	2	209	19.62
50	2	246	48.30
50	2	271	44.63
50	2	284	20.82
50	2	292	21.17
50	2	342	21.25
50	2	347	16.03
50	2	373	45.76
50	2	377	18.15
50	2	380	25.90
50	2	386	46.58
50	2	395	20.52
50	2	416	19.48
50	2	417	20.24
50	2	420	48.44
50	2	439	36.42
50	2	446	19.45
50	2	471	41.41
50	2	490	40.90
50	2	494	15.39
50	2	497	26.65
50	2	502	23.32
50	2,9	7	33.76
50	2,9	15	60.97
50	2,9	28	39.77
50	2,9	32	66.49
50	2,9	38	52.30
50	2,9	42	55.61
50	2,9	76	31.83
50	2,9	85	51.14
50	2,9	95	72.37
50	2,9	108	34.70
50	2,9	111	47.75
50	2,9	161	39.32
50	2,9	163	43.90
50	2,9	209	32.99
50	2,9	284	41.32
50	2,9	292	39.72
50	2,9	347	37.11
50	2,9	380	41.55
50	2,9	417	33.00
50	2,9	439	48.85
50	2,9	446	37.45
50	2,9	490	56.14
50	2,9	494	33.14
50	2,9	497	43.83
50	2,18	7	39.51
50	2,18	15	64.34
50	2,18	25	38.21
50	2,18	27	58.44
50	2,18	28	45.17
50	2,18	32	70.27
50	2,18	38	58.24
50	2,18	39	58.82
50	2,18	42	59.27
50	2,18	46	48.62
50	2,18	54	60.37
50	2,18	59	54.00
50	2,18	69	43.90
50	2,18	76	34.59
50	2,18	80	51.97
50	2,18	85	54.25
50	2,18	95	67.79
50	2,18	102	42.75
50	2,18	108	37.94
50	2,18	111	50.42
50	2,18	141	66.96
50	2,18	161	47.87
50	2,18	163	49.14
50	2,18	187	49.34
50	2,18	189	40.39
50	2,18	209	38.94
50	2,18	284	42.32
50	2,18	292	37.30
50	2,18	342	46.72
50	2,18	347	37.04
50	2,18	377	39.61
50	2,18	380	44.62
50	2,18	395	38.85
50	2,18	416	43.25
50	2,18	417	43.39
50	2,18	420	68.23
50	2,18	439	50.18
50	2,18	446	40.52
50	2,18	490	62.11
50	2,18	494	34.96
50	2,18	497	47.72
50	2,18	502	44.42
50	2,33	7	36.80
50	2,33	15	64.04
50	2,33	28	43.06
50	2,33	32	74.44
50	2,33	38	55.75
50	2,33	39	60.54
50	2,33	80	49.75
50	2,33	85	51.65
50	2,33	95	72.87
50	2,33	102	50.44
50	2,33	111	47.83
50	2,33	141	68.77
50	2,33	209	36.55
50	2,33	292	38.52
50	2,33	380	41.59
50	2,33	395	36.79
50	2,33	420	67.80
50	2,33	439	55.51
50	3	1	48.41
50	3	10	29.70
50	3	12	13.86
50	3	16	54.10
50	3	18	32.21
50	3	24	10.08
50	3	30	31.66
50	3	35	14.56
50	3	49	52.59
50	3	52	16.63
50	3	63	16.93
50	3	78	28.79
50	3	99	26.66
50	3	112	40.93
50	3	113	21.87
50	3	126	11.65
50	3	130	31.97
50	3	148	34.45
50	3	153	42.83
50	3	174	25.11
50	3	201	40.56
50	3	245	15.31
50	3	247	43.03
50	3	304	19.17
50	3	305	54.66
50	3	309	20.77
50	3	312	32.97
50	3	319	26.86
50	3	369	24.32
50	3	384	14.97
50	3	388	18.73
50	3	407	29.41
50	3	452	32.49
50	3	456	11.56
50	3	470	23.54
50	3	486	41.61
50	3	499	26.56
50	3	515	35.55
50	3	520	46.34
50	3,23	10	45.94
50	3,23	18	47.83
50	3,23	24	28.23
50	3,23	35	30.28
50	3,23	52	31.63
50	3,23	78	53.07
50	3,23	99	42.90
50	3,23	113	37.04
50	3,23	126	28.24
50	3,23	130	61.77
50	3,23	153	67.46
50	3,23	245	29.25
50	3,23	309	42.61
50	3,23	312	50.00
50	3,23	369	41.90
50	3,23	388	34.48
50	3,23	452	55.18
50	4	2	23.70
50	4	4	15.73
50	4	35	18.38
50	4	43	20.04
50	4	47	31.65
50	4	48	30.25
50	4	51	34.76
50	4	52	21.59
50	4	57	34.80
50	4	62	17.72
50	4	63	20.79
50	4	64	35.99
50	4	66	28.41
50	4	75	47.92
50	4	79	15.13
50	4	82	20.38
50	4	92	20.39
50	4	110	19.97
50	4	113	29.20
50	4	114	48.86
50	4	115	40.17
50	4	119	14.99
50	4	130	49.28
50	4	132	21.07
50	4	137	16.37
50	4	150	61.93
50	4	156	16.61
50	4	168	37.59
50	4	176	42.23
50	4	177	43.11
50	4	199	21.75
50	4	201	50.14
50	4	219	36.92
50	4	230	38.41
50	4	232	15.28
50	4	245	20.00
50	4	248	17.10
50	4	261	41.51
50	4	266	31.34
50	4	279	41.83
50	4	303	40.52
50	4	318	20.46
50	4	326	30.32
50	4	331	24.94
50	4	334	27.32
50	4	378	23.42
50	4	400	17.75
50	4	404	26.11
50	4	428	20.73
50	4	442	34.82
50	4	450	22.00
50	4	455	44.21
50	4	465	27.65
50	4	485	17.94
50	4	512	20.70
50	5	10	35.00
50	5	16	61.87
50	5	18	43.24
50	5	20	66.38
50	5	24	22.32
50	5	49	65.73
50	5	78	39.97
50	5	99	35.92
50	5	113	32.48
50	5	126	23.00
50	5	130	50.99
50	5	153	52.24
50	5	245	23.89
50	5	265	63.20
50	5	305	59.85
50	5	312	42.94
50	5	369	31.69
50	5	452	41.01
50	5,7	18	58.51
50	5,7	24	38.45
50	5,7	99	51.38
50	5,7	126	38.44
50	5,7	130	66.82
50	5,23	10	55.30
50	5,23	18	67.20
50	5,23	20	91.23
50	5,23	24	41.18
50	5,23	78	56.38
50	5,23	99	54.13
50	5,23	113	52.38
50	5,23	126	40.72
50	5,23	130	68.55
50	5,23	153	68.85
50	5,23	245	42.39
50	5,23	312	59.15
50	5,23	369	51.01
50	5,23	452	56.75
50	5,25	18	64.65
50	5,25	24	47.20
50	5,25	78	57.56
50	5,25	113	54.89
50	5,25	126	44.66
50	5,25	130	71.38
50	5,25	153	70.07
50	5,25	245	43.35
50	5,27	10	45.39
50	5,27	18	52.17
50	5,27	20	75.80
50	5,27	24	31.69
50	5,27	78	49.48
50	5,27	99	45.10
50	5,27	113	42.70
50	5,27	126	32.03
50	5,27	130	68.42
50	5,27	153	61.86
50	5,27	245	33.51
50	5,27	312	52.39
50	5,27	369	50.44
50	5,27	452	50.17
50	6	12	14.52
50	6	35	19.87
50	6	43	18.49
50	6	51	37.13
50	6	52	20.89
50	6	64	34.38
50	6	79	18.44
50	6	82	18.68
50	6	84	27.31
50	6	109	59.96
50	6	119	19.82
50	6	137	18.25
50	6	150	58.27
50	6	201	48.92
50	6	248	15.73
50	6	261	44.75
50	6	266	25.54
50	6	279	35.54
50	6	303	40.11
50	6	309	27.28
50	6	384	17.69
50	6	388	21.94
50	6	391	17.24
50	6,7	12	31.07
50	6,7	35	37.15
50	6,7	43	35.66
50	6,7	51	56.41
50	6,7	52	36.24
50	6,7	64	50.17
50	6,7	79	35.18
50	6,7	82	35.77
50	6,7	84	46.92
50	6,7	109	81.68
50	6,7	119	36.63
50	6,7	137	35.54
50	6,7	248	31.41
50	6,7	261	64.13
50	6,7	266	39.58
50	6,7	303	61.52
50	6,7	309	46.42
50	6,7	384	35.34
50	6,7	388	38.38
50	6,7	391	34.00
50	6,25	35	33.10
50	6,25	43	35.89
50	6,25	52	34.99
50	6,25	79	33.25
50	6,25	119	33.68
50	6,25	137	34.61
50	6,25	248	31.52
50	6,25	266	40.24
50	6,25	309	43.62
50	6,25	388	38.58
50	7	4	20.59
50	7	12	14.83
50	7	16	56.82
50	7	18	38.34
50	7	24	21.06
50	7	35	18.37
50	7	43	18.76
50	7	47	30.87
50	7	49	56.08
50	7	51	36.41
50	7	52	19.41
50	7	62	20.93
50	7	63	21.03
50	7	64	31.07
50	7	79	17.82
50	7	82	20.69
50	7	84	29.35
50	7	99	36.58
50	7	109	61.35
50	7	112	48.89
50	7	119	19.52
50	7	126	19.39
50	7	130	49.87
50	7	137	18.49
50	7	150	58.48
50	7	156	20.42
50	7	174	36.06
50	7	177	40.34
50	7	178	20.77
50	7	201	49.97
50	7	212	55.70
50	7	219	41.93
50	7	232	21.97
50	7	248	15.54
50	7	261	45.38
50	7	266	26.06
50	7	303	42.82
50	7	304	27.17
50	7	305	60.75
50	7	309	28.52
50	7	319	30.34
50	7	381	17.68
50	7	384	16.96
50	7	388	19.72
50	7	391	19.31
50	7	431	22.96
50	7	455	40.08
50	7	465	34.46
50	7	486	50.76
50	7	487	56.07
50	7	512	22.27
50	7	515	40.08
50	7,27	4	33.90
50	7,27	12	26.72
50	7,27	18	51.28
50	7,27	24	29.46
50	7,27	35	31.00
50	7,27	47	44.80
50	7,27	52	31.08
50	7,27	62	35.37
50	7,27	63	35.13
50	7,27	79	29.97
50	7,27	99	46.59
50	7,27	112	60.54
50	7,27	126	29.13
50	7,27	130	59.08
50	7,27	137	31.10
50	7,27	156	31.25
50	7,27	174	45.56
50	7,27	177	53.94
50	7,27	248	26.77
50	7,27	304	42.03
50	7,27	309	39.62
50	7,27	319	48.92
50	7,27	384	29.76
50	7,27	388	32.41
50	7,27	465	49.93
50	7,27	515	47.55
50	8	8	33.41
50	8	41	28.52
50	8	74	55.90
50	8	81	63.25
50	8	140	30.23
50	8	159	43.70
50	8	172	27.63
50	8	173	37.94
50	8	190	59.93
50	8	208	39.87
50	8	222	33.04
50	8	239	34.24
50	8	267	60.24
50	8	275	51.39
50	8	297	53.85
50	8	339	52.70
50	8	345	48.70
50	8	355	30.49
50	8	364	49.76
50	8	393	35.13
50	8	405	49.99
50	8	423	49.82
50	8	447	22.41
50	8	466	25.63
50	8	491	52.28
50	8,19	140	48.86
50	8,19	172	52.83
50	8,19	173	49.62
50	8,19	222	50.23
50	8,19	355	48.37
50	8,19	364	70.63
50	8,19	447	36.73
50	9	6	31.30
50	9	7	20.69
50	9	15	48.59
50	9	28	28.28
50	9	32	54.32
50	9	38	40.58
50	9	42	42.34
50	9	65	30.66
50	9	76	19.94
50	9	85	38.86
50	9	95	53.70
50	9	101	41.70
50	9	108	22.01
50	9	111	32.82
50	9	157	52.38
50	9	161	23.96
50	9	163	31.20
50	9	209	20.76
50	9	274	48.25
50	9	284	25.10
50	9	292	29.55
50	9	325	23.82
50	9	328	24.24
50	9	347	26.20
50	9	362	22.59
50	9	380	29.90
50	9	386	44.87
50	9	417	18.69
50	9	439	37.62
50	9	446	24.62
50	9	471	40.41
50	9	490	43.23
50	9	494	20.45
50	9	497	31.00
50	9,18	7	39.75
50	9,18	15	61.42
50	9,18	28	45.55
50	9,18	32	66.92
50	9,18	38	52.72
50	9,18	42	59.49
50	9,18	76	34.90
50	9,18	85	54.59
50	9,18	95	72.08
50	9,18	108	38.08
50	9,18	111	50.86
50	9,18	161	39.86
50	9,18	163	49.32
50	9,18	209	39.28
50	9,18	284	46.62
50	9,18	292	42.06
50	9,18	347	40.04
50	9,18	380	44.94
50	9,18	417	33.49
50	9,18	439	50.63
50	9,18	446	40.66
50	9,18	490	56.62
50	9,18	494	36.93
50	9,18	497	47.86
50	9,33	7	38.52
50	9,33	15	65.77
50	9,33	28	44.03
50	9,33	32	71.07
50	9,33	38	56.87
50	9,33	85	55.54
50	9,33	95	69.97
50	9,33	111	48.21
50	9,33	209	37.31
50	9,33	292	46.63
50	9,33	380	45.97
50	9,33	439	52.87
50	10	9	15.58
50	10	37	43.66
50	10	86	14.62
50	10	87	43.68
50	10	91	29.37
50	10	100	20.54
50	10	104	22.89
50	10	116	36.99
50	10	117	21.86
50	10	120	31.56
50	10	122	12.79
50	10	147	16.07
50	10	152	38.93
50	10	155	36.20
50	10	167	31.41
50	10	181	12.87
50	10	186	26.63
50	10	188	29.48
50	10	191	16.25
50	10	194	30.54
50	10	210	19.56
50	10	214	15.56
50	10	217	48.83
50	10	220	19.45
50	10	231	26.69
50	10	244	17.49
50	10	254	21.25
50	10	263	28.70
50	10	276	35.82
50	10	278	25.08
50	10	298	16.37
50	10	313	24.62
50	10	337	21.61
50	10	349	14.55
50	10	352	32.85
50	10	368	38.32
50	10	389	26.39
50	10	396	35.79
50	10	409	59.52
50	10	411	34.87
50	10	424	22.66
50	10	426	36.63
50	10	429	27.11
50	10	445	15.15
50	10	458	42.82
50	10	462	34.23
50	10	498	14.93
50	10	508	16.14
50	10	510	45.79
50	10	511	25.94
50	10,30	9	28.44
50	10,30	37	58.80
50	10,30	86	27.39
50	10,30	91	45.17
50	10,30	100	32.41
50	10,30	104	34.99
50	10,30	116	52.72
50	10,30	117	34.30
50	10,30	120	40.04
50	10,30	122	25.21
50	10,30	147	29.25
50	10,30	152	56.54
50	10,30	155	52.07
50	10,30	167	46.70
50	10,30	181	25.41
50	10,30	186	38.82
50	10,30	188	42.03
50	10,30	191	30.45
50	10,30	194	42.45
50	10,30	210	32.31
50	10,30	214	28.49
50	10,30	217	66.37
50	10,30	220	31.35
50	10,30	231	38.85
50	10,30	244	31.25
50	10,30	254	33.38
50	10,30	263	40.96
50	10,30	276	48.39
50	10,30	278	36.99
50	10,30	298	29.48
50	10,30	313	41.04
50	10,30	337	33.61
50	10,30	349	27.54
50	10,30	352	45.07
50	10,30	368	54.42
50	10,30	389	38.70
50	10,30	396	52.97
50	10,30	409	72.42
50	10,30	411	51.07
50	10,30	424	34.66
50	10,30	426	54.01
50	10,30	429	39.14
50	10,30	445	28.76
50	10,30	458	59.25
50	10,30	462	46.82
50	10,30	498	28.07
50	10,30	508	29.75
50	10,30	510	63.27
50	10,30	511	38.13
50	11	19	52.46
50	11	36	43.39
50	11	40	25.32
50	11	60	54.59
50	11	67	23.46
50	11	70	24.73
50	11	73	37.75
50	11	88	58.23
50	11	121	53.39
50	11	131	48.30
50	11	133	61.62
50	11	139	43.31
50	11	142	42.23
50	11	149	29.30
50	11	171	23.37
50	11	179	63.30
50	11	184	40.31
50	11	207	21.32
50	11	215	45.37
50	11	216	68.08
50	11	224	30.34
50	11	235	27.44
50	11	242	24.23
50	11	251	53.97
50	11	256	46.58
50	11	259	28.11
50	11	268	49.45
50	11	286	23.52
50	11	301	32.49
50	11	338	40.70
50	11	340	21.31
50	11	343	23.35
50	11	344	24.32
50	11	350	59.35
50	11	357	25.45
50	11	375	27.77
50	11	397	27.34
50	11	401	27.00
50	11	419	43.11
50	11	451	45.80
50	11	460	45.30
50	11	469	28.32
50	11	489	37.92
50	11	501	23.52
50	11,22	36	62.65
50	11,22	70	42.27
50	11,22	121	70.73
50	11,22	131	65.61
50	11,22	139	65.17
50	11,22	179	85.25
50	11,22	207	46.08
50	11,22	224	50.06
50	11,22	286	46.77
50	11,22	340	44.59
50	11,22	343	45.42
50	11,22	350	81.66
50	11,22	397	46.04
50	11,22	419	65.20
50	11,22	451	63.69
50	11,22	460	63.07
50	11,22	489	55.39
50	11,22	501	39.49
50	12	72	46.89
50	12	96	37.75
50	12	97	25.08
50	12	125	11.56
50	12	129	9.24
50	12	134	33.13
50	12	138	7.73
50	12	145	10.96
50	12	164	11.11
50	12	195	11.00
50	12	198	41.80
50	12	202	10.87
50	12	211	11.06
50	12	213	44.65
50	12	226	42.63
50	12	227	25.58
50	12	228	14.94
50	12	241	57.52
50	12	253	24.52
50	12	277	10.99
50	12	280	17.86
50	12	281	22.30
50	12	282	27.92
50	12	283	8.18
50	12	285	10.20
50	12	294	12.49
50	12	308	8.94
50	12	314	31.76
50	12	315	20.44
50	12	321	12.10
50	12	327	10.83
50	12	329	10.32
50	12	346	34.37
50	12	359	32.23
50	12	361	24.93
50	12	365	7.92
50	12	372	27.07
50	12	390	9.37
50	12	399	35.51
50	12	406	20.93
50	12	408	21.30
50	12	413	34.34
50	12	421	27.45
50	12	422	7.62
50	12	427	8.68
50	12	432	10.87
50	12	435	10.56
50	12	436	10.18
50	12	440	9.11
50	12	441	10.00
50	12	443	13.58
50	12	454	10.31
50	12	472	39.35
50	12	475	9.38
50	12	478	31.14
50	12	482	36.01
50	12	488	11.85
50	12	504	11.07
50	12	505	10.89
50	12	507	8.96
50	12	509	12.46
50	12	516	11.85
50	12	517	10.89
50	12,24	97	37.75
50	12,24	125	21.79
50	12,24	129	19.72
50	12,24	134	45.08
50	12,24	138	18.79
50	12,24	145	23.01
50	12,24	164	22.61
50	12,24	195	22.51
50	12,24	198	52.49
50	12,24	202	23.32
50	12,24	211	22.27
50	12,24	227	34.01
50	12,24	228	26.52
50	12,24	277	22.90
50	12,24	280	29.48
50	12,24	281	33.55
50	12,24	282	38.39
50	12,24	283	18.92
50	12,24	285	23.89
50	12,24	294	23.89
50	12,24	308	20.41
50	12,24	315	31.56
50	12,24	321	25.10
50	12,24	327	23.42
50	12,24	329	20.58
50	12,24	359	43.18
50	12,24	361	36.13
50	12,24	365	17.92
50	12,24	372	39.00
50	12,24	390	20.58
50	12,24	399	47.25
50	12,24	406	39.08
50	12,24	408	32.87
50	12,24	413	41.45
50	12,24	421	39.13
50	12,24	422	18.35
50	12,24	427	18.93
50	12,24	432	25.39
50	12,24	435	22.07
50	12,24	436	22.76
50	12,24	440	20.25
50	12,24	441	21.34
50	12,24	443	27.06
50	12,24	454	21.52
50	12,24	475	19.85
50	12,24	482	47.37
50	12,24	488	23.06
50	12,24	504	22.28
50	12,24	505	22.10
50	12,24	507	20.17
50	12,24	509	23.68
50	12,24	516	23.06
50	12,24	517	22.10
50	12,35	97	39.65
50	12,35	125	23.28
50	12,35	129	21.30
50	12,35	134	51.55
50	12,35	138	21.90
50	12,35	145	25.01
50	12,35	164	24.37
50	12,35	195	24.51
50	12,35	198	53.97
50	12,35	202	25.52
50	12,35	211	24.01
50	12,35	227	49.11
50	12,35	228	28.39
50	12,35	277	24.90
50	12,35	280	31.51
50	12,35	281	35.32
50	12,35	282	39.93
50	12,35	283	22.27
50	12,35	285	25.87
50	12,35	294	25.65
50	12,35	308	22.32
50	12,35	315	33.39
50	12,35	327	25.04
50	12,35	329	22.11
50	12,35	359	44.83
50	12,35	361	38.13
50	12,35	365	20.46
50	12,35	372	41.04
50	12,35	390	22.35
50	12,35	399	49.14
50	12,35	406	32.72
50	12,35	408	34.89
50	12,35	413	50.99
50	12,35	422	21.61
50	12,35	427	20.39
50	12,35	432	28.06
50	12,35	435	23.99
50	12,35	436	25.01
50	12,35	440	22.01
50	12,35	441	23.15
50	12,35	443	29.66
50	12,35	454	23.28
50	12,35	475	21.34
50	12,35	482	49.13
50	12,35	488	24.82
50	12,35	504	24.04
50	12,35	505	23.86
50	12,35	507	21.93
50	12,35	516	24.82
50	12,35	517	23.86
50	13	14	49.44
50	13	22	64.34
50	13	61	70.25
50	13	151	22.39
50	13	192	28.82
50	13	198	42.10
50	13	200	22.23
50	13	221	34.54
50	13	241	68.07
50	13	260	49.14
50	13	288	24.63
50	13	289	21.69
50	13	310	41.10
50	13	324	54.15
50	13	359	46.48
50	13	399	47.01
50	13	457	66.24
50	13	472	48.69
50	13	479	34.46
50	13	518	56.46
50	13,26	22	79.24
50	13,26	151	40.39
50	13,26	192	46.58
50	13,26	198	72.46
50	13,26	221	55.90
50	13,26	260	63.90
50	13,26	310	55.03
50	13,26	359	60.63
50	13,26	399	64.96
50	13,26	479	52.20
50	14	22	54.37
50	14	44	26.07
50	14	45	29.34
50	14	56	24.85
50	14	58	28.90
50	14	61	58.99
50	14	72	46.49
50	14	94	19.08
50	14	96	38.31
50	14	97	24.79
50	14	118	36.42
50	14	129	12.76
50	14	134	37.37
50	14	138	15.56
50	14	145	9.82
50	14	151	14.99
50	14	158	13.45
50	14	164	14.63
50	14	170	40.28
50	14	180	20.37
50	14	182	16.31
50	14	196	12.76
50	14	198	43.85
50	14	202	12.01
50	14	211	10.49
50	14	223	43.37
50	14	226	43.04
50	14	227	29.23
50	14	241	61.34
50	14	277	15.10
50	14	280	24.37
50	14	281	27.25
50	14	282	33.46
50	14	283	16.42
50	14	287	14.17
50	14	294	17.34
50	14	308	10.77
50	14	310	40.97
50	14	314	42.06
50	14	315	25.96
50	14	321	12.00
50	14	327	10.87
50	14	329	12.49
50	14	333	28.75
50	14	351	31.00
50	14	359	33.97
50	14	361	28.46
50	14	365	14.76
50	14	371	13.23
50	14	372	19.76
50	14	387	23.06
50	14	390	8.90
50	14	392	42.70
50	14	399	35.61
50	14	406	37.49
50	14	408	26.00
50	14	413	32.96
50	14	415	13.45
50	14	421	29.15
50	14	422	14.52
50	14	433	16.56
50	14	435	15.85
50	14	440	10.56
50	14	441	10.86
50	14	443	18.13
50	14	449	14.73
50	14	454	9.49
50	14	457	51.04
50	14	464	47.15
50	14	472	38.10
50	14	474	64.08
50	14	481	34.72
50	14	495	11.61
50	14	496	13.35
50	14	507	12.52
50	14	509	12.14
50	14	513	41.68
50	14,26	22	77.00
50	14,26	58	47.66
50	14,26	134	56.82
50	14,26	151	37.92
50	14,26	196	36.31
50	14,26	198	64.63
50	14,26	227	54.44
50	14,26	310	51.87
50	14,26	315	49.24
50	14,26	359	56.01
50	14,26	361	52.82
50	14,26	392	76.44
50	14,26	399	59.83
50	14,26	513	63.80
50	14,28	22	65.42
50	14,28	56	34.56
50	14,28	58	39.35
50	14,28	97	38.23
50	14,28	134	48.80
50	14,28	138	29.82
50	14,28	145	20.27
50	14,28	151	25.63
50	14,28	158	26.13
50	14,28	164	28.62
50	14,28	180	32.63
50	14,28	182	28.48
50	14,28	196	25.62
50	14,28	198	52.89
50	14,28	202	23.63
50	14,28	211	23.25
50	14,28	227	38.59
50	14,28	281	38.68
50	14,28	283	29.65
50	14,28	287	25.93
50	14,28	294	29.55
50	14,28	308	20.69
50	14,28	310	48.52
50	14,28	315	37.35
50	14,28	321	23.83
50	14,28	327	23.96
50	14,28	329	21.96
50	14,28	351	42.90
50	14,28	359	43.13
50	14,28	361	38.42
50	14,28	372	29.51
50	14,28	387	34.20
50	14,28	390	18.65
50	14,28	392	63.10
50	14,28	399	45.34
50	14,28	406	41.00
50	14,28	415	25.63
50	14,28	421	37.77
50	14,28	422	27.27
50	14,28	433	28.89
50	14,28	440	20.25
50	14,28	441	20.73
50	14,28	449	24.75
50	14,28	454	22.21
50	14,28	481	43.59
50	14,28	495	22.51
50	14,28	496	25.65
50	14,28	507	22.30
50	14,28	509	24.89
50	14,28	513	52.55
50	15	3	43.75
50	15	21	24.41
50	15	23	76.94
50	15	26	36.77
50	15	50	59.92
50	15	123	37.20
50	15	127	60.23
50	15	135	24.11
50	15	169	48.10
50	15	193	60.85
50	15	206	40.76
50	15	228	28.76
50	15	258	56.61
50	15	270	22.07
50	15	290	52.86
50	15	295	70.85
50	15	296	30.69
50	15	302	25.37
50	15	317	21.04
50	15	341	30.96
50	15	366	48.72
50	15	382	58.14
50	15	412	58.97
50	15	459	43.03
50	15	506	57.24
50	15	514	55.89
50	15,38	21	42.72
50	15,38	26	57.27
50	15,38	50	80.92
50	15,38	123	56.34
50	15,38	135	43.59
50	15,38	206	61.73
50	15,38	228	51.06
50	15,38	270	42.85
50	15,38	290	77.93
50	15,38	296	55.39
50	15,38	302	45.86
50	15,38	317	40.51
50	15,38	341	51.70
50	15,38	459	61.58
50	15,38	514	75.41
50	16	22	54.51
50	16	44	26.28
50	16	45	24.42
50	16	56	27.69
50	16	58	30.56
50	16	61	60.37
50	16	72	47.97
50	16	94	20.87
50	16	96	38.03
50	16	97	24.92
50	16	118	36.15
50	16	129	13.28
50	16	134	40.18
50	16	138	17.59
50	16	145	11.08
50	16	151	15.08
50	16	158	13.41
50	16	164	16.23
50	16	165	15.17
50	16	170	41.62
50	16	180	20.37
50	16	182	16.48
50	16	183	35.56
50	16	192	21.66
50	16	196	12.86
50	16	198	37.89
50	16	202	14.25
50	16	211	10.97
50	16	223	45.72
50	16	226	45.86
50	16	227	26.76
50	16	241	62.21
50	16	277	15.48
50	16	281	29.06
50	16	287	13.93
50	16	291	17.24
50	16	294	19.21
50	16	299	16.86
50	16	308	13.14
50	16	310	39.89
50	16	314	43.46
50	16	315	27.63
50	16	321	13.92
50	16	327	13.17
50	16	329	13.99
50	16	333	28.42
50	16	351	33.51
50	16	359	33.66
50	16	361	29.14
50	16	363	14.44
50	16	371	13.79
50	16	372	31.18
50	16	376	30.46
50	16	387	22.79
50	16	390	11.42
50	16	392	39.10
50	16	399	35.34
50	16	402	15.92
50	16	406	41.48
50	16	415	13.45
50	16	421	30.61
50	16	422	16.63
50	16	433	16.77
50	16	440	12.59
50	16	441	12.49
50	16	443	18.75
50	16	449	15.30
50	16	454	10.66
50	16	457	52.85
50	16	464	48.76
50	16	472	38.69
50	16	474	63.75
50	16	479	27.89
50	16	481	35.85
50	16	495	13.32
50	16	496	13.37
50	16	500	54.06
50	16	507	13.87
50	16	509	12.35
50	16	513	43.44
50	16,36	44	41.15
50	16,36	45	37.17
50	16,36	58	46.38
50	16,36	94	37.80
50	16,36	97	37.83
50	16,36	129	29.32
50	16,36	134	48.85
50	16,36	138	31.01
50	16,36	145	32.20
50	16,36	158	28.69
50	16,36	164	34.34
50	16,36	165	32.13
50	16,36	180	32.25
50	16,36	182	29.92
50	16,36	183	49.61
50	16,36	196	28.37
50	16,36	198	60.42
50	16,36	202	28.14
50	16,36	211	28.85
50	16,36	227	43.69
50	16,36	277	33.69
50	16,36	281	41.97
50	16,36	287	28.49
50	16,36	299	34.23
50	16,36	308	32.37
50	16,36	327	32.86
50	16,36	329	31.03
50	16,36	333	37.62
50	16,36	351	51.96
50	16,36	359	43.28
50	16,36	363	29.69
50	16,36	371	31.76
50	16,36	372	44.56
50	16,36	376	45.90
50	16,36	387	37.21
50	16,36	390	30.41
50	16,36	392	66.39
50	16,36	399	46.86
50	16,36	402	32.20
50	16,36	406	45.69
50	16,36	415	30.93
50	16,36	421	43.55
50	16,36	433	30.30
50	16,36	440	30.85
50	16,36	441	30.61
50	16,36	443	31.06
50	16,36	454	29.61
50	16,36	481	50.65
50	16,36	496	30.70
50	16,36	507	31.73
50	16,36	509	27.62
50	16,36	513	55.75
50	17	8	38.69
50	17	48	37.83
50	17	75	55.55
50	17	81	62.49
50	17	159	44.39
50	17	176	44.83
50	17	190	59.58
50	17	208	46.13
50	17	230	44.06
50	17	234	61.65
50	17	236	59.99
50	17	257	64.30
50	17	267	59.55
50	17	273	36.27
50	17	275	36.59
50	17	297	52.13
50	17	311	47.61
50	17	339	56.76
50	17	393	31.89
50	17	400	27.99
50	17	405	54.44
50	17	410	59.46
50	17	423	50.30
50	17	491	46.39
50	18	7	19.75
50	18	15	47.54
50	18	25	18.56
50	18	27	39.94
50	18	28	27.89
50	18	29	51.38
50	18	32	53.99
50	18	38	40.07
50	18	39	42.32
50	18	42	39.38
50	18	46	29.17
50	18	54	40.27
50	18	59	36.72
50	18	69	21.24
50	18	76	16.35
50	18	80	34.38
50	18	85	35.89
50	18	95	46.46
50	18	102	24.79
50	18	108	17.97
50	18	111	33.63
50	18	141	48.56
50	18	157	49.80
50	18	161	24.24
50	18	163	29.54
50	18	187	30.11
50	18	189	20.42
50	18	203	54.24
50	18	209	20.55
50	18	246	49.27
50	18	271	45.62
50	18	284	22.08
50	18	292	22.83
50	18	342	24.70
50	18	347	17.76
50	18	373	47.06
50	18	377	19.24
50	18	380	26.85
50	18	386	47.55
50	18	395	21.39
50	18	416	20.77
50	18	417	21.39
50	18	420	49.63
50	18	439	33.62
50	18	446	20.55
50	18	471	42.51
50	18	490	42.00
50	18	494	16.82
50	18	497	27.75
50	18	502	24.42
50	18,33	7	31.52
50	18,33	15	58.54
50	18,33	28	38.42
50	18,33	32	64.94
50	18,33	38	50.58
50	18,33	39	52.59
50	18,33	80	44.94
50	18,33	85	47.07
50	18,33	95	72.59
50	18,33	102	46.59
50	18,33	111	43.46
50	18,33	141	59.79
50	18,33	209	31.68
50	18,33	292	33.85
50	18,33	380	36.83
50	18,33	395	32.18
50	18,33	420	61.58
50	18,33	439	53.65
50	19	140	17.87
50	19	172	20.72
50	19	173	33.76
50	19	222	22.55
50	19	264	27.61
50	19	355	18.58
50	19	364	43.30
50	19	447	22.00
50	20	48	30.24
50	20	57	36.82
50	20	64	38.04
50	20	75	49.85
50	20	79	19.75
50	20	119	19.76
50	20	137	21.06
50	20	176	45.80
50	20	219	40.46
50	20	230	39.52
50	20	232	20.92
50	20	234	51.20
50	20	257	59.65
50	20	266	29.66
50	20	273	36.24
50	20	334	31.69
50	20	400	18.76
50	20,40	48	41.23
50	20,40	64	51.94
50	20,40	75	62.14
50	20,40	119	34.32
50	20,40	176	56.06
50	20,40	219	56.42
50	20,40	230	53.99
50	20,40	232	37.54
50	20,40	234	69.83
50	20,40	273	49.52
50	20,40	400	32.32
50	21	31	20.87
50	21	103	62.17
50	21	128	45.10
50	21	229	38.86
50	21	237	22.83
50	21	246	53.10
50	21	249	49.55
50	21	252	52.56
50	21	262	40.34
50	21	272	26.51
50	21	316	62.93
50	21	335	43.42
50	21	353	36.93
50	21	354	50.31
50	21	370	48.82
50	21	385	51.87
50	21	438	58.45
50	21	444	40.73
50	21	476	32.83
50	21	484	25.85
50	21,34	262	55.80
50	21,34	272	42.69
50	21,34	385	82.31
50	21,37	31	28.27
50	21,37	237	31.87
50	21,37	262	48.68
50	21,37	272	34.27
50	21,37	353	61.06
50	21,37	354	58.62
50	21,37	385	61.15
50	21,37	444	49.23
50	21,37	476	41.41
50	22	33	34.63
50	22	36	42.99
50	22	53	24.42
50	22	70	22.56
50	22	71	33.07
50	22	98	29.08
50	22	121	51.69
50	22	131	45.39
50	22	139	45.77
50	22	179	64.42
50	22	207	25.06
50	22	216	65.08
50	22	224	31.17
50	22	286	27.52
50	22	340	25.28
50	22	343	25.63
50	22	350	60.80
50	22	397	27.42
50	22	419	45.55
50	22	451	44.27
50	22	460	41.32
50	22	489	35.97
50	22	501	20.23
50	23	10	38.99
50	23	16	61.72
50	23	18	41.73
50	23	20	65.32
50	23	24	22.03
50	23	35	23.97
50	23	49	64.25
50	23	52	25.58
50	23	78	41.21
50	23	99	36.52
50	23	113	30.58
50	23	126	22.01
50	23	130	42.37
50	23	153	54.37
50	23	201	50.18
50	23	245	22.65
50	23	305	62.42
50	23	309	31.89
50	23	312	43.62
50	23	369	31.66
50	23	388	28.55
50	23	452	42.80
50	23,25	18	55.89
50	23,25	24	37.44
50	23,25	35	34.56
50	23,25	52	36.70
50	23,25	78	57.32
50	23,25	113	43.51
50	23,25	126	35.87
50	23,25	130	66.97
50	23,25	153	69.17
50	23,25	245	33.94
50	23,25	309	45.46
50	23,25	388	40.03
50	23,27	10	60.31
50	23,27	18	60.04
50	23,27	20	77.41
50	23,27	24	41.66
50	23,27	35	43.85
50	23,27	52	43.20
50	23,27	78	61.21
50	23,27	99	54.99
50	23,27	113	52.55
50	23,27	126	40.44
50	23,27	130	61.32
50	23,27	153	67.00
50	23,27	245	42.24
50	23,27	309	49.45
50	23,27	312	63.00
50	23,27	369	53.07
50	23,27	388	48.18
50	23,27	452	61.24
50	24	58	27.20
50	24	72	51.68
50	24	96	42.46
50	24	97	30.23
50	24	125	16.62
50	24	129	13.93
50	24	134	38.66
50	24	138	13.51
50	24	145	16.23
50	24	164	15.87
50	24	195	16.49
50	24	198	46.70
50	24	202	16.68
50	24	211	16.04
50	24	213	49.55
50	24	218	16.92
50	24	226	47.38
50	24	227	31.86
50	24	228	20.28
50	24	241	62.66
50	24	253	29.20
50	24	277	16.18
50	24	280	23.39
50	24	281	27.77
50	24	282	32.79
50	24	283	13.76
50	24	285	15.48
50	24	294	17.90
50	24	308	13.94
50	24	314	40.85
50	24	315	25.96
50	24	321	17.42
50	24	327	15.68
50	24	329	15.30
50	24	346	39.68
50	24	359	37.00
50	24	361	30.73
50	24	365	12.77
50	24	372	32.93
50	24	390	14.38
50	24	399	40.65
50	24	406	28.99
50	24	408	26.56
50	24	413	42.86
50	24	421	33.10
50	24	422	13.44
50	24	427	13.48
50	24	432	17.18
50	24	435	15.93
50	24	436	16.30
50	24	440	13.97
50	24	441	14.97
50	24	443	19.42
50	24	454	15.30
50	24	472	42.07
50	24	475	14.21
50	24	478	36.31
50	24	482	41.44
50	24	488	17.03
50	24	504	16.27
50	24	505	16.07
50	24	507	13.76
50	24	509	17.45
50	24	516	17.03
50	24	517	16.07
50	25	18	42.14
50	25	24	23.18
50	25	35	20.18
50	25	43	23.58
50	25	52	23.24
50	25	57	35.61
50	25	75	50.65
50	25	78	42.97
50	25	79	21.03
50	25	113	28.21
50	25	119	21.52
50	25	126	22.04
50	25	130	48.20
50	25	137	21.99
50	25	153	54.59
50	25	176	49.13
50	25	201	51.28
50	25	219	41.24
50	25	232	23.46
50	25	245	19.45
50	25	248	20.27
50	25	266	26.68
50	25	305	62.54
50	25	309	32.08
50	25	334	30.93
50	25	388	25.90
50	26	22	65.42
50	26	58	39.54
50	26	61	70.72
50	26	134	47.89
50	26	151	26.92
50	26	192	33.37
50	26	196	28.06
50	26	198	49.73
50	26	221	41.51
50	26	227	45.25
50	26	241	71.82
50	26	260	50.51
50	26	310	41.49
50	26	315	38.85
50	26	324	57.44
50	26	359	47.54
50	26	361	40.73
50	26	392	56.42
50	26	399	50.59
50	26	457	65.52
50	26	472	50.15
50	26	474	77.69
50	26	479	39.13
50	26	513	52.17
50	26	518	60.87
50	26,28	22	75.79
50	26,28	58	48.21
50	26,28	134	57.28
50	26,28	151	36.70
50	26,28	192	42.90
50	26,28	196	37.08
50	26,28	198	67.39
50	26,28	221	51.30
50	26,28	227	55.41
50	26,28	260	60.15
50	26,28	310	48.70
50	26,28	315	48.80
50	26,28	359	56.37
50	26,28	361	50.70
50	26,28	392	70.96
50	26,28	399	59.90
50	26,28	479	48.69
50	26,28	513	65.15
50	27	1	54.85
50	27	4	20.44
50	27	10	34.30
50	27	12	18.21
50	27	16	56.49
50	27	18	37.13
50	27	20	59.41
50	27	24	15.37
50	27	35	16.75
50	27	47	29.94
50	27	49	58.59
50	27	52	18.82
50	27	57	34.30
50	27	62	22.68
50	27	63	19.34
50	27	78	35.46
50	27	79	18.63
50	27	99	32.21
50	27	112	44.30
50	27	113	24.07
50	27	126	15.59
50	27	130	44.38
50	27	137	19.44
50	27	148	38.75
50	27	153	50.49
50	27	156	17.41
50	27	174	31.21
50	27	177	44.62
50	27	201	45.70
50	27	204	34.13
50	27	245	17.07
50	27	247	45.51
50	27	248	17.51
50	27	304	22.11
50	27	305	58.85
50	27	309	26.58
50	27	312	39.13
50	27	319	33.14
50	27	334	30.03
50	27	369	32.08
50	27	384	20.34
50	27	388	21.63
50	27	407	39.56
50	27	452	35.96
50	27	456	17.73
50	27	465	34.46
50	27	470	30.51
50	27	473	31.23
50	27	486	48.72
50	27	515	31.97
50	28	5	29.83
50	28	22	53.17
50	28	56	26.23
50	28	58	29.45
50	28	61	58.93
50	28	72	46.35
50	28	96	38.42
50	28	97	24.80
50	28	118	36.52
50	28	134	36.27
50	28	138	16.31
50	28	145	11.21
50	28	151	13.79
50	28	158	14.11
50	28	164	16.49
50	28	170	38.96
50	28	180	19.97
50	28	182	15.21
50	28	192	20.75
50	28	196	13.55
50	28	198	37.89
50	28	202	10.13
50	28	211	11.44
50	28	221	31.13
50	28	223	44.44
50	28	226	45.32
50	28	227	30.07
50	28	241	60.17
50	28	260	37.35
50	28	281	26.77
50	28	283	16.72
50	28	287	14.62
50	28	291	15.97
50	28	294	17.52
50	28	308	13.04
50	28	310	38.58
50	28	314	43.30
50	28	315	25.52
50	28	321	9.93
50	28	324	46.62
50	28	327	10.87
50	28	329	11.30
50	28	351	31.13
50	28	359	34.34
50	28	361	26.37
50	28	372	27.70
50	28	387	23.17
50	28	390	11.21
50	28	392	41.51
50	28	398	15.30
50	28	399	35.68
50	28	406	37.52
50	28	415	13.79
50	28	418	15.83
50	28	421	25.17
50	28	422	14.44
50	28	430	28.25
50	28	433	15.35
50	28	440	12.73
50	28	441	13.04
50	28	449	12.90
50	28	454	10.37
50	28	457	52.00
50	28	464	45.87
50	28	472	40.04
50	28	474	64.51
50	28	479	26.70
50	28	481	35.42
50	28	495	9.42
50	28	496	13.80
50	28	507	14.34
50	28	509	13.04
50	28	513	39.41
50	28	518	49.54
50	28,31	22	68.01
50	28,31	56	41.93
50	28,31	145	27.18
50	28,31	151	22.58
50	28,31	158	28.96
50	28,31	180	35.73
50	28,31	182	25.34
50	28,31	192	30.34
50	28,31	196	28.49
50	28,31	198	55.90
50	28,31	202	26.96
50	28,31	211	26.00
50	28,31	221	49.49
50	28,31	260	51.76
50	28,31	291	26.39
50	28,31	310	49.10
50	28,31	321	26.94
50	28,31	327	26.55
50	28,31	329	24.48
50	28,31	351	45.54
50	28,31	359	48.45
50	28,31	372	43.65
50	28,31	387	36.80
50	28,31	390	25.86
50	28,31	392	62.10
50	28,31	398	24.35
50	28,31	399	51.10
50	28,31	415	28.41
50	28,31	418	27.48
50	28,31	421	34.80
50	28,31	430	38.23
50	28,31	433	25.42
50	28,31	449	27.52
50	28,31	454	24.99
50	28,31	479	36.04
50	28,31	495	25.70
50	28,31	496	28.42
50	28,31	509	27.66
50	29	2	26.80
50	29	8	32.35
50	29	17	21.14
50	29	48	30.52
50	29	55	32.15
50	29	66	24.62
50	29	75	48.56
50	29	77	20.21
50	29	81	55.54
50	29	83	28.97
50	29	92	19.77
50	29	105	18.65
50	29	110	16.42
50	29	114	53.68
50	29	115	47.46
50	29	159	38.25
50	29	162	19.51
50	29	168	35.10
50	29	176	31.58
50	29	190	53.03
50	29	199	20.06
50	29	205	18.90
50	29	208	40.13
50	29	230	43.70
50	29	234	53.99
50	29	236	46.24
50	29	250	18.77
50	29	257	58.66
50	29	273	27.21
50	29	275	36.41
50	29	297	44.58
50	29	311	40.69
50	29	322	20.65
50	29	323	22.34
50	29	326	29.18
50	29	331	19.11
50	29	339	50.14
50	29	360	23.63
50	29	374	29.96
50	29	379	18.69
50	29	393	25.24
50	29	400	19.69
50	29	404	24.49
50	29	405	48.13
50	29	410	52.04
50	29	423	44.48
50	29	428	21.89
50	29	442	42.18
50	29	463	44.68
50	29	480	19.44
50	29	483	38.10
50	29	485	20.13
50	29	491	38.73
50	29	492	21.79
50	29	493	22.10
50	29	503	23.14
50	29	519	21.79
50	30	9	16.56
50	30	37	44.30
50	30	86	15.63
50	30	87	44.76
50	30	91	30.04
50	30	100	21.58
50	30	104	24.00
50	30	116	37.80
50	30	117	23.04
50	30	120	32.52
50	30	122	13.77
50	30	147	17.21
50	30	152	39.65
50	30	155	37.17
50	30	167	32.04
50	30	181	13.83
50	30	186	27.80
50	30	188	30.52
50	30	191	17.45
50	30	194	31.35
50	30	210	20.70
50	30	214	16.59
50	30	217	49.77
50	30	220	20.25
50	30	231	27.45
50	30	244	18.58
50	30	254	21.99
50	30	263	29.65
50	30	276	36.66
50	30	278	26.11
50	30	298	17.48
50	30	313	25.48
50	30	337	22.52
50	30	349	15.55
50	30	352	33.70
50	30	368	39.23
50	30	389	27.45
50	30	396	36.52
50	30	409	60.44
50	30	411	35.58
50	30	424	23.76
50	30	426	37.35
50	30	429	27.96
50	30	445	16.38
50	30	458	43.49
50	30	462	35.24
50	30	498	16.03
50	30	508	17.37
50	30	510	46.54
50	30	511	27.04
50	31	5	30.39
50	31	14	41.90
50	31	22	57.10
50	31	56	33.06
50	31	61	64.27
50	31	72	48.56
50	31	96	39.72
50	31	118	37.92
50	31	124	19.68
50	31	145	16.68
50	31	151	13.01
50	31	158	18.63
50	31	170	43.24
50	31	175	31.17
50	31	180	21.39
50	31	182	14.87
50	31	192	20.77
50	31	196	18.07
50	31	198	43.70
50	31	202	17.51
50	31	211	15.58
50	31	221	30.51
50	31	223	50.72
50	31	226	50.83
50	31	241	62.56
50	31	243	14.59
50	31	260	42.76
50	31	288	15.48
50	31	289	13.76
50	31	291	15.79
50	31	306	13.14
50	31	310	39.48
50	31	321	17.39
50	31	324	48.07
50	31	327	16.77
50	31	329	15.51
50	31	348	15.54
50	31	351	36.97
50	31	359	38.18
50	31	372	32.89
50	31	387	24.59
50	31	390	16.44
50	31	392	46.77
50	31	398	14.83
50	31	399	37.35
50	31	415	14.87
50	31	418	16.86
50	31	421	25.34
50	31	430	28.32
50	31	433	15.03
50	31	449	14.04
50	31	454	15.06
50	31	457	56.94
50	31	464	51.00
50	31	472	41.56
50	31	474	67.52
50	31	479	26.94
50	31	495	16.20
50	31	496	15.41
50	31	509	17.18
50	31	518	49.80
50	32	22	61.59
50	32	58	32.41
50	32	61	65.35
50	32	134	49.55
50	32	151	21.41
50	32	196	19.32
50	32	198	50.27
50	32	213	54.73
50	32	227	41.96
50	32	241	68.46
50	32	287	20.03
50	32	310	54.86
50	32	315	33.23
50	32	346	45.27
50	32	359	39.80
50	32	361	36.48
50	32	392	55.41
50	32	399	43.03
50	32	427	18.11
50	32	457	57.46
50	32	472	33.82
50	32	474	70.96
50	32	481	40.41
50	32	513	47.75
50	32,35	58	39.01
50	32,35	134	65.82
50	32,35	198	60.55
50	32,35	227	52.08
50	32,35	315	43.96
50	32,35	359	50.45
50	32,35	361	47.21
50	32,35	399	54.37
50	32,35	427	27.87
50	32,39	22	68.73
50	32,39	58	45.99
50	32,39	134	62.01
50	32,39	151	29.06
50	32,39	196	27.59
50	32,39	198	56.83
50	32,39	227	49.61
50	32,39	287	27.61
50	32,39	310	61.25
50	32,39	315	40.23
50	32,39	359	47.66
50	32,39	361	43.23
50	32,39	392	63.32
50	32,39	399	50.62
50	32,39	481	47.54
50	32,39	513	55.68
50	33	7	24.28
50	33	15	52.56
50	33	28	29.08
50	33	32	55.23
50	33	38	41.48
50	33	39	45.49
50	33	80	35.27
50	33	85	39.59
50	33	95	52.89
50	33	102	25.55
50	33	111	34.61
50	33	141	51.59
50	33	157	50.55
50	33	203	49.03
50	33	209	21.77
50	33	246	53.01
50	33	292	26.07
50	33	380	26.56
50	33	386	52.21
50	33	395	25.48
50	33	420	51.00
50	33	439	34.80
50	34	34	59.11
50	34	68	23.52
50	34	90	31.28
50	34	136	53.66
50	34	143	24.23
50	34	144	21.10
50	34	166	23.55
50	34	225	50.03
50	34	233	41.48
50	34	238	50.75
50	34	240	33.61
50	34	262	35.14
50	34	271	57.06
50	34	272	22.66
50	34	300	26.38
50	34	356	41.66
50	34	383	26.06
50	34	385	53.25
50	34	394	57.39
50	34	395	25.80
50	34	425	54.68
50	34	438	43.03
50	35	11	44.41
50	35	44	28.63
50	35	58	29.66
50	35	72	54.27
50	35	97	33.30
50	35	125	18.79
50	35	129	15.65
50	35	134	46.49
50	35	138	14.70
50	35	145	19.45
50	35	154	30.45
50	35	164	17.85
50	35	195	18.65
50	35	198	48.96
50	35	202	20.13
50	35	211	18.85
50	35	213	51.72
50	35	218	19.18
50	35	226	49.66
50	35	227	38.04
50	35	228	22.96
50	35	241	64.97
50	35	253	31.73
50	35	277	18.51
50	35	280	25.58
50	35	281	30.32
50	35	282	34.46
50	35	283	16.89
50	35	285	18.30
50	35	294	20.35
50	35	308	16.31
50	35	314	34.94
50	35	315	28.56
50	35	327	18.30
50	35	329	17.76
50	35	346	42.06
50	35	359	39.23
50	35	361	33.59
50	35	365	14.65
50	35	372	35.85
50	35	390	17.27
50	35	399	43.69
50	35	406	25.21
50	35	408	28.41
50	35	413	43.39
50	35	422	16.45
50	35	427	14.87
50	35	432	20.70
50	35	435	17.99
50	35	436	19.51
50	35	440	16.13
50	35	441	17.30
50	35	443	22.37
50	35	454	18.15
50	35	472	38.07
50	35	475	15.77
50	35	478	38.79
50	35	482	43.96
50	35	488	19.56
50	35	504	18.79
50	35	505	18.45
50	35	507	15.76
50	35	516	19.56
50	35	517	18.45
50	36	11	44.11
50	36	44	29.59
50	36	45	30.01
50	36	58	35.49
50	36	61	65.86
50	36	72	52.70
50	36	89	29.35
50	36	94	25.63
50	36	96	40.39
50	36	97	29.79
50	36	107	54.83
50	36	129	17.39
50	36	134	45.59
50	36	138	24.52
50	36	145	18.28
50	36	158	15.69
50	36	160	32.54
50	36	164	21.21
50	36	165	17.65
50	36	170	46.93
50	36	180	25.37
50	36	182	22.54
50	36	183	38.49
50	36	196	15.28
50	36	197	55.89
50	36	198	48.38
50	36	202	21.08
50	36	211	16.03
50	36	223	51.96
50	36	226	51.99
50	36	227	33.69
50	36	241	67.73
50	36	277	19.90
50	36	281	35.03
50	36	287	16.18
50	36	299	20.10
50	36	308	19.13
50	36	314	48.76
50	36	320	56.06
50	36	327	18.79
50	36	329	19.37
50	36	333	30.70
50	36	351	39.20
50	36	358	18.70
50	36	359	36.39
50	36	363	17.49
50	36	371	17.68
50	36	372	37.55
50	36	376	33.55
50	36	387	25.18
50	36	390	17.56
50	36	392	52.96
50	36	399	40.08
50	36	402	19.18
50	36	406	38.69
50	36	415	18.08
50	36	421	36.86
50	36	433	23.17
50	36	440	18.08
50	36	441	17.59
50	36	443	23.86
50	36	453	36.65
50	36	454	16.76
50	36	464	54.69
50	36	472	41.28
50	36	474	66.37
50	36	481	38.79
50	36	496	17.86
50	36	500	56.66
50	36	507	18.89
50	36	509	14.77
50	36	513	49.15
50	37	13	19.06
50	37	31	11.76
50	37	50	45.72
50	37	93	37.65
50	37	103	53.59
50	37	106	21.89
50	37	144	15.82
50	37	146	37.17
50	37	185	45.06
50	37	237	14.34
50	37	249	44.77
50	37	255	56.90
50	37	262	30.30
50	37	269	19.45
50	37	270	17.39
50	37	272	16.76
50	37	293	47.21
50	37	307	37.35
50	37	316	53.55
50	37	317	15.63
50	37	330	18.52
50	37	332	20.61
50	37	336	30.63
50	37	353	35.49
50	37	354	41.75
50	37	366	45.34
50	37	367	15.70
50	37	370	39.83
50	37	385	35.23
50	37	403	19.51
50	37	414	34.62
50	37	434	18.99
50	37	437	28.14
50	37	444	31.65
50	37	448	34.04
50	37	461	18.03
50	37	467	44.90
50	37	468	42.06
50	37	476	24.90
50	37	477	41.34
50	38	3	45.63
50	38	21	25.85
50	38	23	78.27
50	38	26	38.90
50	38	50	61.11
50	38	123	38.39
50	38	127	61.38
50	38	135	25.77
50	38	169	49.28
50	38	193	61.96
50	38	206	44.11
50	38	228	30.58
50	38	258	57.89
50	38	270	24.31
50	38	290	57.69
50	38	295	71.97
50	38	296	32.41
50	38	302	27.07
50	38	317	23.20
50	38	341	32.83
50	38	366	51.07
50	38	382	59.52
50	38	459	44.08
50	38	506	58.30
50	38	514	57.13
50	39	22	57.48
50	39	44	29.14
50	39	45	37.01
50	39	56	24.87
50	39	58	30.61
50	39	61	62.00
50	39	72	51.01
50	39	94	22.77
50	39	96	41.27
50	39	97	28.75
50	39	118	39.75
50	39	129	16.08
50	39	134	45.77
50	39	138	19.99
50	39	145	14.30
50	39	151	18.34
50	39	158	17.17
50	39	164	18.48
50	39	170	43.85
50	39	180	24.18
50	39	182	20.13
50	39	196	16.65
50	39	198	46.73
50	39	202	16.79
50	39	211	14.52
50	39	223	47.28
50	39	226	47.11
50	39	227	38.59
50	39	241	64.41
50	39	277	18.89
50	39	280	28.20
50	39	281	30.80
50	39	282	36.42
50	39	283	20.55
50	39	287	17.41
50	39	294	20.94
50	39	308	15.11
50	39	310	50.39
50	39	314	45.42
50	39	315	29.42
50	39	321	16.54
50	39	327	14.69
50	39	329	16.08
50	39	333	32.11
50	39	351	34.86
50	39	359	37.14
50	39	361	32.23
50	39	365	17.96
50	39	371	17.56
50	39	372	28.70
50	39	387	26.20
50	39	390	13.00
50	39	392	51.18
50	39	399	39.17
50	39	406	34.11
50	39	408	29.79
50	39	413	41.18
50	39	415	17.08
50	39	421	33.52
50	39	422	18.61
50	39	433	20.66
50	39	435	19.46
50	39	440	14.62
50	39	441	15.01
50	39	443	22.94
50	39	449	18.11
50	39	454	13.58
50	39	457	54.93
50	39	464	50.94
50	39	472	35.01
50	39	474	67.27
50	39	481	37.61
50	39	495	16.25
50	39	496	17.01
50	39	507	16.34
50	39	509	16.03
50	39	513	45.13
50	40	8	35.77
50	40	48	29.72
50	40	64	40.66
50	40	75	49.41
50	40	119	22.10
50	40	176	43.21
50	40	219	43.77
50	40	230	38.72
50	40	232	23.79
50	40	234	48.14
50	40	236	54.23
50	40	257	60.76
50	40	273	37.39
50	40	275	31.31
50	40	400	19.80
50	40	410	53.70
