Task=30 Orders=52 Vehicles=407 Scores=2348
30	1	11	65.61
30	1	12	46.59
30	1	32	25.93
30	1	34	22.08
30	1	39	51.15
30	1	42	41.00
30	1	43	24.92
30	1	58	21.48
30	1	68	48.54
30	1	71	24.04
30	1	72	53.31
30	1	78	18.17
30	1	85	20.13
30	1	99	32.31
30	1	106	41.20
30	1	113	49.14
30	1	131	30.41
30	1	137	23.58
30	1	145	39.94
30	1	180	39.61
30	1	226	22.69
30	1	229	33.58
30	1	230	37.73
30	1	245	23.79
30	1	249	51.73
30	1	258	42.28
30	1	270	20.99
30	1	289	61.76
30	1	291	38.80
30	1	294	22.04
30	1	297	22.80
30	1	311	57.65
30	1	314	19.90
30	1	324	26.20
30	1	354	21.27
30	1	375	22.77
30	1	380	37.15
30	1	388	19.72
30	1,11	32	48.83
30	1,11	42	65.70
30	1,11	58	42.46
30	1,11	99	52.20
30	1,11	137	50.18
30	1,11	145	66.07
30	1,11	180	66.56
30	1,11	230	64.66
30	1,11	249	74.79
30	1,11	270	41.13
30	1,11	291	63.24
30	1,45	32	41.42
30	1,45	39	61.62
30	1,45	42	52.52
30	1,45	58	36.18
30	1,45	78	31.25
30	1,45	99	46.52
30	1,45	106	53.21
30	1,45	137	40.17
30	1,45	180	52.89
30	1,45	229	49.70
30	1,45	230	54.24
30	1,45	249	63.69
30	1,45	258	56.04
30	1,45	270	36.10
30	1,45	380	51.66
30	1,49	42	64.20
30	1,49	58	44.30
30	1,49	99	48.96
30	1,49	137	53.69
30	1,49	145	67.58
30	1,49	180	64.23
30	1,49	249	72.99
30	1,49	270	46.55
30	1,49	291	62.93
30	2	10	36.94
30	2	17	29.06
30	2	52	16.00
30	2	55	22.01
30	2	65	32.85
30	2	69	49.75
30	2	70	43.31
30	2	74	38.66
30	2	81	51.65
30	2	82	14.37
30	2	116	67.34
30	2	118	32.87
30	2	119	40.41
30	2	141	31.18
30	2	157	18.99
30	2	186	32.01
30	2	192	40.52
30	2	199	53.99
30	2	200	14.42
30	2	201	34.24
30	2	233	29.80
30	2	247	45.79
30	2	250	13.56
30	2	281	38.10
30	2	308	9.41
30	2	309	60.82
30	2	325	18.49
30	2	331	18.27
30	2	346	58.83
30	2	359	37.93
30	2	362	49.20
30	2	364	38.79
30	2	396	41.70
30	2	403	15.85
30	2,5	10	55.23
30	2,5	17	46.51
30	2,5	52	36.00
30	2,5	55	43.14
30	2,5	65	55.99
30	2,5	69	68.76
30	2,5	70	52.13
30	2,5	74	58.23
30	2,5	81	70.89
30	2,5	118	51.34
30	2,5	119	61.38
30	2,5	141	48.61
30	2,5	186	49.54
30	2,5	200	34.03
30	2,5	201	51.56
30	2,5	247	65.75
30	2,5	250	30.55
30	2,5	281	56.21
30	2,5	308	27.46
30	2,5	362	67.56
30	2,5	364	57.66
30	2,5	396	59.82
30	3	1	39.86
30	3	3	17.94
30	3	29	41.21
30	3	60	30.65
30	3	63	47.92
30	3	81	52.06
30	3	82	16.13
30	3	84	39.27
30	3	93	19.52
30	3	102	17.92
30	3	115	60.13
30	3	123	18.49
30	3	128	28.63
30	3	130	44.77
30	3	134	18.58
30	3	139	42.37
30	3	141	35.49
30	3	157	20.72
30	3	158	25.86
30	3	159	38.93
30	3	175	26.10
30	3	182	22.76
30	3	184	20.94
30	3	199	62.08
30	3	216	52.21
30	3	232	37.32
30	3	238	17.14
30	3	259	15.90
30	3	263	43.38
30	3	293	17.37
30	3	317	17.42
30	3	325	25.04
30	3	329	18.90
30	3	336	44.14
30	3	337	41.62
30	3	340	37.08
30	3	351	43.11
30	3	353	24.73
30	3	357	35.79
30	3	366	52.79
30	3	382	43.41
30	3	386	20.17
30	3	394	19.38
30	3	399	19.08
30	3	401	20.70
30	3	403	18.18
30	3	406	33.51
30	3,23	29	51.17
30	3,23	60	40.56
30	3,23	63	58.94
30	3,23	82	26.63
30	3,23	93	31.06
30	3,23	102	30.01
30	3,23	123	30.58
30	3,23	128	39.77
30	3,23	130	57.94
30	3,23	134	30.58
30	3,23	158	37.48
30	3,23	159	44.51
30	3,23	175	35.83
30	3,23	182	35.80
30	3,23	184	32.99
30	3,23	232	47.89
30	3,23	238	29.75
30	3,23	259	26.15
30	3,23	293	29.49
30	3,23	317	28.13
30	3,23	325	35.96
30	3,23	329	30.34
30	3,23	336	54.70
30	3,23	337	51.80
30	3,23	340	47.61
30	3,23	357	46.73
30	3,23	382	53.49
30	3,23	386	31.08
30	3,23	394	30.31
30	3,23	399	30.01
30	3,23	401	31.62
30	3,23	403	29.10
30	3,28	29	52.06
30	3,28	60	41.42
30	3,28	63	59.52
30	3,28	82	27.56
30	3,28	93	32.06
30	3,28	102	31.03
30	3,28	123	31.51
30	3,28	128	40.77
30	3,28	130	58.34
30	3,28	134	31.58
30	3,28	158	38.48
30	3,28	159	41.80
30	3,28	175	36.69
30	3,28	182	36.82
30	3,28	184	34.00
30	3,28	232	47.87
30	3,28	238	30.76
30	3,28	259	27.03
30	3,28	293	30.49
30	3,28	317	29.07
30	3,28	325	36.90
30	3,28	329	31.32
30	3,28	336	55.61
30	3,28	337	52.68
30	3,28	340	47.68
30	3,28	357	47.68
30	3,28	382	54.37
30	3,28	386	32.03
30	3,28	394	31.23
30	3,28	399	30.93
30	3,28	401	32.56
30	3,28	403	30.04
30	3,41	81	81.62
30	3,41	130	60.94
30	3,41	141	52.69
30	3,41	157	41.13
30	3,41	159	61.00
30	3,41	259	42.39
30	3,41	336	63.24
30	4	7	42.52
30	4	8	13.48
30	4	9	14.06
30	4	18	21.77
30	4	22	14.56
30	4	49	14.21
30	4	50	17.48
30	4	62	16.66
30	4	67	13.13
30	4	94	26.56
30	4	97	47.48
30	4	100	51.70
30	4	104	47.79
30	4	105	30.15
30	4	108	15.21
30	4	110	12.35
30	4	117	28.07
30	4	122	16.77
30	4	126	17.00
30	4	129	57.59
30	4	135	28.73
30	4	147	27.48
30	4	148	19.56
30	4	168	39.56
30	4	169	46.28
30	4	177	41.37
30	4	181	57.73
30	4	182	21.79
30	4	183	31.08
30	4	191	17.08
30	4	215	10.54
30	4	218	18.31
30	4	221	19.54
30	4	223	18.44
30	4	224	27.15
30	4	225	16.03
30	4	231	15.25
30	4	235	13.31
30	4	239	15.99
30	4	242	39.87
30	4	252	52.66
30	4	255	42.32
30	4	266	47.30
30	4	267	35.86
30	4	273	21.72
30	4	274	16.77
30	4	285	15.99
30	4	287	15.10
30	4	288	13.00
30	4	292	18.14
30	4	299	14.04
30	4	302	19.27
30	4	328	18.00
30	4	330	13.42
30	4	341	30.68
30	4	343	30.65
30	4	344	32.01
30	4	345	46.66
30	4	350	32.13
30	4	352	15.75
30	4	355	15.55
30	4	358	17.31
30	4	360	22.94
30	4	365	37.30
30	4	374	28.85
30	4	383	13.21
30	4	389	11.87
30	4	392	27.04
30	4	397	16.92
30	4,26	8	31.86
30	4,26	9	31.10
30	4,26	62	37.46
30	4,26	94	43.18
30	4,26	100	68.99
30	4,26	104	65.68
30	4,26	135	49.61
30	4,26	177	57.32
30	4,26	183	49.96
30	4,26	223	37.96
30	4,26	224	46.35
30	4,26	239	39.70
30	4,26	242	58.25
30	4,26	266	64.35
30	4,26	302	33.61
30	4,26	343	51.87
30	4,26	344	49.17
30	4,26	345	67.58
30	4,26	374	44.82
30	4,33	7	54.10
30	4,33	8	25.79
30	4,33	9	26.73
30	4,33	18	32.41
30	4,33	22	26.70
30	4,33	49	25.86
30	4,33	50	28.85
30	4,33	62	28.49
30	4,33	67	25.04
30	4,33	94	37.51
30	4,33	100	60.11
30	4,33	104	62.23
30	4,33	105	39.96
30	4,33	108	24.18
30	4,33	110	27.39
30	4,33	117	43.55
30	4,33	122	31.17
30	4,33	126	30.63
30	4,33	135	40.25
30	4,33	147	40.30
30	4,33	148	34.93
30	4,33	168	48.79
30	4,33	177	47.58
30	4,33	182	33.62
30	4,33	183	42.44
30	4,33	191	31.17
30	4,33	215	21.66
30	4,33	218	31.76
30	4,33	221	32.15
30	4,33	223	30.35
30	4,33	224	39.30
30	4,33	225	26.83
30	4,33	231	25.63
30	4,33	235	27.89
30	4,33	239	30.31
30	4,33	242	50.89
30	4,33	252	63.68
30	4,33	255	53.59
30	4,33	266	57.39
30	4,33	267	47.28
30	4,33	274	28.41
30	4,33	285	29.55
30	4,33	287	25.52
30	4,33	288	24.66
30	4,33	292	29.15
30	4,33	299	24.65
30	4,33	328	30.75
30	4,33	341	41.23
30	4,33	343	49.99
30	4,33	344	43.04
30	4,33	345	62.41
30	4,33	352	28.31
30	4,33	355	27.86
30	4,33	358	31.59
30	4,33	360	33.58
30	4,33	365	56.82
30	4,33	374	39.35
30	4,33	383	24.59
30	4,33	389	24.13
30	4,33	392	39.42
30	4,33	397	29.28
30	4,44	7	49.06
30	4,44	8	20.35
30	4,44	9	21.04
30	4,44	18	35.66
30	4,44	22	21.31
30	4,44	49	20.83
30	4,44	50	24.34
30	4,44	62	24.77
30	4,44	67	20.63
30	4,44	94	39.45
30	4,44	100	57.61
30	4,44	104	55.23
30	4,44	105	47.07
30	4,44	108	21.04
30	4,44	110	19.54
30	4,44	117	36.46
30	4,44	122	24.59
30	4,44	126	24.94
30	4,44	135	35.61
30	4,44	147	45.52
30	4,44	148	26.92
30	4,44	168	45.85
30	4,44	177	47.35
30	4,44	182	29.63
30	4,44	183	38.30
30	4,44	191	24.46
30	4,44	215	17.20
30	4,44	218	25.59
30	4,44	221	33.85
30	4,44	223	25.04
30	4,44	224	34.10
30	4,44	225	23.00
30	4,44	231	22.15
30	4,44	235	21.41
30	4,44	239	23.37
30	4,44	242	46.21
30	4,44	252	59.23
30	4,44	255	49.07
30	4,44	266	54.06
30	4,44	267	42.92
30	4,44	273	35.82
30	4,44	274	24.63
30	4,44	285	23.14
30	4,44	287	21.70
30	4,44	288	19.90
30	4,44	292	24.76
30	4,44	299	21.04
30	4,44	302	31.68
30	4,44	328	24.77
30	4,44	330	20.18
30	4,44	341	37.13
30	4,44	343	36.66
30	4,44	344	38.89
30	4,44	345	55.18
30	4,44	352	22.69
30	4,44	355	22.56
30	4,44	358	24.65
30	4,44	360	36.06
30	4,44	365	52.54
30	4,44	374	41.24
30	4,44	383	20.00
30	4,44	389	18.77
30	4,44	392	34.44
30	4,44	397	23.82
30	5	5	38.73
30	5	10	41.15
30	5	17	34.18
30	5	52	23.69
30	5	55	41.04
30	5	65	43.10
30	5	69	57.21
30	5	70	49.37
30	5	74	41.69
30	5	81	59.76
30	5	116	72.15
30	5	118	41.34
30	5	119	50.99
30	5	141	37.63
30	5	150	26.52
30	5	186	41.23
30	5	189	55.48
30	5	192	50.38
30	5	199	60.06
30	5	200	20.21
30	5	201	40.58
30	5	233	33.90
30	5	241	56.76
30	5	247	50.77
30	5	250	18.25
30	5	269	44.23
30	5	281	47.59
30	5	295	34.41
30	5	308	18.62
30	5	309	68.59
30	5	313	53.61
30	5	346	63.93
30	5	362	56.72
30	5	364	46.65
30	5	396	48.31
30	6	2	22.97
30	6	14	14.11
30	6	28	34.03
30	6	30	40.59
30	6	36	71.11
30	6	45	57.06
30	6	124	52.55
30	6	125	54.08
30	6	196	47.85
30	6	237	47.37
30	6	303	27.49
30	6	319	58.00
30	6	327	57.76
30	6	379	47.52
30	6,30	2	37.55
30	6,30	14	24.49
30	6,30	28	47.21
30	6,30	30	54.41
30	6,30	45	72.04
30	6,30	124	67.48
30	6,30	319	72.62
30	6,30	327	70.62
30	6,30	379	57.99
30	6,38	45	77.70
30	6,38	237	65.94
30	6,38	303	52.39
30	7	27	48.49
30	7	37	30.06
30	7	41	43.04
30	7	44	34.99
30	7	73	30.31
30	7	77	27.42
30	7	79	36.58
30	7	127	36.00
30	7	132	40.62
30	7	136	44.08
30	7	143	61.20
30	7	149	66.76
30	7	161	17.61
30	7	178	44.69
30	7	195	45.68
30	7	203	30.79
30	7	207	31.24
30	7	208	57.48
30	7	213	57.58
30	7	219	52.63
30	7	220	53.21
30	7	228	34.11
30	7	240	32.96
30	7	244	47.72
30	7	253	17.17
30	7	260	29.80
30	7	275	64.23
30	7	304	35.65
30	7	306	25.15
30	7	307	28.52
30	7	334	41.42
30	7	339	47.01
30	7	361	33.92
30	7	370	28.89
30	7	385	16.97
30	7	387	45.48
30	7	400	54.06
30	7	402	43.72
30	7,35	37	40.66
30	7,35	41	54.75
30	7,35	132	53.17
30	7,35	143	74.80
30	7,35	161	29.11
30	7,35	178	56.90
30	7,35	207	43.62
30	7,35	213	70.35
30	7,35	253	28.76
30	7,35	260	41.63
30	7,35	361	45.27
30	7,35	370	40.76
30	7,35	385	28.14
30	7,35	387	57.44
30	7,35	400	66.01
30	8	23	22.92
30	8	47	44.70
30	8	88	66.66
30	8	95	56.42
30	8	151	56.41
30	8	154	63.99
30	8	176	44.23
30	8	197	57.80
30	8	268	24.13
30	8	286	46.27
30	8,10	23	44.15
30	8,10	47	54.85
30	8,10	95	67.35
30	8,10	151	66.15
30	8,10	176	52.51
30	8,10	197	83.86
30	8,10	268	48.56
30	8,10	286	56.92
30	8,19	23	41.54
30	8,19	47	72.92
30	8,19	95	79.65
30	8,19	176	59.48
30	8,19	197	82.99
30	8,19	268	44.44
30	8,19	286	68.44
30	8,24	47	60.61
30	8,24	95	89.73
30	8,24	268	45.55
30	9	3	23.89
30	9	17	40.34
30	9	53	25.83
30	9	101	38.93
30	9	103	60.48
30	9	116	73.72
30	9	139	40.25
30	9	144	25.54
30	9	155	55.82
30	9	157	28.17
30	9	206	46.58
30	9	261	22.08
30	9	262	24.35
30	9	265	55.15
30	9	326	22.80
30	9	342	48.03
30	9	348	28.62
30	9	368	46.44
30	9	393	44.75
30	9	398	39.65
30	9	406	37.77
30	9,25	3	39.37
30	9,25	17	55.65
30	9,25	53	40.62
30	9,25	101	52.28
30	9,25	139	55.39
30	9,25	144	43.55
30	9,25	155	70.65
30	9,25	157	43.92
30	9,25	261	36.85
30	9,25	326	38.10
30	9,25	342	63.70
30	9,25	348	44.59
30	9,25	393	60.51
30	9,25	398	55.44
30	9,25	406	52.94
30	9,48	17	57.11
30	9,48	53	42.39
30	9,48	101	55.48
30	9,48	144	52.18
30	9,48	262	39.62
30	9,48	326	41.83
30	9,48	342	68.24
30	9,48	348	43.04
30	9,48	398	59.10
30	10	23	18.38
30	10	31	50.03
30	10	47	40.77
30	10	59	46.25
30	10	88	63.00
30	10	95	53.75
30	10	151	52.65
30	10	154	61.10
30	10	176	39.30
30	10	197	56.10
30	10	214	64.80
30	10	268	20.58
30	10	286	43.52
30	11	19	21.39
30	11	32	28.52
30	11	42	49.42
30	11	58	22.27
30	11	99	35.28
30	11	137	27.49
30	11	145	42.24
30	11	153	39.20
30	11	156	36.90
30	11	166	54.69
30	11	170	46.06
30	11	180	43.15
30	11	202	57.48
30	11	230	46.18
30	11	249	52.14
30	11	270	21.30
30	11	291	40.80
30	11	320	46.42
30	11	332	32.59
30	11,36	32	44.48
30	11,36	99	51.17
30	11,36	230	63.04
30	11,45	32	45.93
30	11,45	42	60.35
30	11,45	58	39.59
30	11,45	99	49.56
30	11,45	137	47.00
30	11,45	180	60.25
30	11,45	230	63.49
30	11,45	249	68.72
30	11,45	270	38.24
30	11,47	32	40.76
30	11,47	42	55.17
30	11,47	58	36.73
30	11,47	99	41.97
30	11,47	137	39.94
30	11,47	180	54.11
30	11,47	230	53.49
30	11,47	249	68.99
30	11,47	270	35.48
30	11,49	19	46.01
30	11,49	42	77.79
30	11,49	58	47.17
30	11,49	99	57.92
30	11,49	137	55.28
30	11,49	145	67.41
30	11,49	156	57.11
30	11,49	166	84.89
30	11,49	180	70.90
30	11,49	249	79.27
30	11,49	270	45.86
30	11,49	291	64.58
30	11,49	332	55.97
30	12	6	44.21
30	12	56	45.17
30	12	59	43.97
30	12	90	32.42
30	12	91	56.08
30	12	95	63.46
30	12	124	43.97
30	12	138	37.00
30	12	154	67.46
30	12	251	34.31
30	12	254	26.59
30	12	268	25.86
30	12	312	49.75
30	12	327	54.20
30	12	333	18.93
30	12,17	6	67.70
30	12,17	56	73.54
30	12,17	90	53.31
30	12,17	91	78.32
30	12,17	95	88.49
30	12,17	124	74.79
30	12,17	138	58.76
30	12,17	251	56.49
30	12,17	254	48.68
30	12,17	268	47.94
30	12,17	312	71.18
30	12,17	327	77.73
30	12,17	333	38.52
30	12,24	56	69.70
30	12,24	90	51.85
30	12,24	91	73.92
30	12,24	95	82.90
30	12,24	124	76.14
30	12,24	138	55.90
30	12,24	251	54.79
30	12,24	254	45.34
30	12,24	268	45.08
30	12,24	312	67.28
30	12,24	327	74.46
30	12,24	333	35.51
30	12,32	6	64.62
30	12,32	56	71.06
30	12,32	90	51.65
30	12,32	91	75.58
30	12,32	95	85.15
30	12,32	124	73.85
30	12,32	138	56.08
30	12,32	251	54.24
30	12,32	254	45.96
30	12,32	268	45.32
30	12,32	312	68.69
30	12,32	327	75.55
30	12,32	333	37.20
30	12,52	90	45.48
30	12,52	91	68.07
30	12,52	95	76.35
30	12,52	138	48.66
30	12,52	251	48.13
30	12,52	268	39.41
30	12,52	312	61.75
30	12,52	333	31.07
30	13	5	38.93
30	13	16	25.76
30	13	31	56.59
30	13	48	47.73
30	13	86	66.73
30	13	89	32.15
30	13	146	36.93
30	13	151	56.92
30	13	189	52.54
30	13	201	41.75
30	13	211	41.21
30	13	214	69.82
30	13	241	54.31
30	13	247	51.20
30	13	250	20.55
30	13	309	54.35
30	13	373	35.13
30	13,22	5	54.72
30	13,22	16	40.89
30	13,22	31	72.31
30	13,22	48	64.63
30	13,22	89	49.59
30	13,22	146	53.90
30	13,22	201	57.65
30	13,22	211	60.32
30	13,22	241	74.45
30	13,22	247	70.89
30	13,22	373	52.37
30	13,31	5	56.45
30	13,31	16	42.51
30	13,31	31	77.35
30	13,31	48	70.21
30	13,31	89	47.63
30	13,31	146	55.13
30	13,31	151	80.24
30	13,31	201	62.68
30	13,31	211	60.77
30	13,31	241	74.90
30	13,31	247	71.27
30	13,31	250	37.86
30	13,31	373	57.82
30	13,37	5	50.01
30	13,37	16	36.24
30	13,37	31	67.45
30	13,37	48	58.97
30	13,37	89	42.73
30	13,37	146	48.48
30	13,37	151	69.08
30	13,37	201	52.73
30	13,37	211	53.90
30	13,37	241	67.35
30	13,37	247	64.11
30	13,37	250	31.07
30	13,37	373	46.82
30	13,50	5	46.90
30	13,50	16	35.76
30	13,50	31	64.27
30	13,50	89	41.44
30	13,50	146	44.94
30	13,50	151	65.42
30	13,50	201	49.49
30	13,50	211	49.77
30	13,50	241	62.77
30	13,50	247	59.75
30	13,50	250	30.56
30	13,50	373	42.69
30	14	5	40.89
30	14	17	38.25
30	14	65	47.89
30	14	69	61.00
30	14	70	56.28
30	14	74	36.45
30	14	86	65.49
30	14	101	48.46
30	14	116	72.17
30	14	118	45.48
30	14	146	41.06
30	14	189	55.79
30	14	200	24.54
30	14	201	42.48
30	14	211	43.17
30	14	241	58.44
30	14	247	51.51
30	14	250	18.66
30	14	281	51.18
30	14	309	68.45
30	14	342	53.59
30	14	346	64.07
30	14	348	32.76
30	14	362	60.34
30	14	396	51.14
30	14,46	5	54.27
30	14,46	146	62.10
30	14,46	201	55.80
30	14,46	211	69.92
30	14,46	241	86.32
30	14,46	247	67.18
30	15	8	20.56
30	15	9	19.85
30	15	62	23.87
30	15	76	22.18
30	15	87	43.82
30	15	94	30.44
30	15	97	51.35
30	15	100	56.73
30	15	104	40.48
30	15	111	47.72
30	15	129	60.96
30	15	135	36.49
30	15	168	45.20
30	15	172	67.00
30	15	175	35.87
30	15	177	44.24
30	15	181	63.00
30	15	183	37.08
30	15	210	36.27
30	15	224	39.75
30	15	239	27.15
30	15	242	43.82
30	15	266	53.42
30	15	280	49.46
30	15	300	57.54
30	15	302	23.59
30	15	323	33.76
30	15	337	36.51
30	15	340	44.73
30	15	343	43.93
30	15	344	35.89
30	15	345	53.25
30	15	365	48.46
30	15	374	32.48
30	15,16	62	51.18
30	15,16	100	68.23
30	15,16	104	83.23
30	15,16	135	66.93
30	15,16	168	58.90
30	15,16	175	62.73
30	15,16	239	64.04
30	15,16	242	62.00
30	15,16	343	56.04
30	15,16	345	81.90
30	15,16	365	64.06
30	15,21	62	45.56
30	15,21	100	69.69
30	15,21	104	67.55
30	15,21	135	54.30
30	15,21	168	61.11
30	15,21	239	51.13
30	15,21	242	64.68
30	15,21	343	57.55
30	15,21	345	70.17
30	15,21	365	63.20
30	15,29	8	33.21
30	15,29	9	33.15
30	15,29	62	32.83
30	15,29	94	43.14
30	15,29	100	65.39
30	15,29	104	65.49
30	15,29	135	48.73
30	15,29	168	53.32
30	15,29	175	44.18
30	15,29	177	53.82
30	15,29	224	53.51
30	15,29	239	40.90
30	15,29	242	55.94
30	15,29	266	62.08
30	15,29	280	62.28
30	15,29	300	69.69
30	15,29	323	40.86
30	15,29	337	49.48
30	15,29	340	51.75
30	15,29	343	53.20
30	15,29	344	48.99
30	15,29	345	66.59
30	15,29	374	44.86
30	16	26	50.52
30	16	62	27.27
30	16	63	50.21
30	16	93	27.56
30	16	97	58.55
30	16	100	54.14
30	16	104	60.18
30	16	108	20.27
30	16	121	36.52
30	16	123	27.59
30	16	135	39.76
30	16	152	53.41
30	16	158	37.72
30	16	163	27.23
30	16	167	38.87
30	16	168	42.10
30	16	175	38.38
30	16	181	66.66
30	16	185	41.03
30	16	239	33.25
30	16	242	46.62
30	16	252	61.31
30	16	255	52.68
30	16	259	24.39
30	16	317	27.68
30	16	343	40.63
30	16	345	55.27
30	16	365	47.51
30	16	382	46.17
30	16,21	62	43.37
30	16,21	63	66.13
30	16,21	93	42.70
30	16,21	100	69.54
30	16,21	104	74.06
30	16,21	108	31.92
30	16,21	121	48.49
30	16,21	135	52.37
30	16,21	152	66.94
30	16,21	158	53.23
30	16,21	163	40.01
30	16,21	167	51.61
30	16,21	168	58.34
30	16,21	185	53.62
30	16,21	239	48.66
30	16,21	242	61.79
30	16,21	252	74.17
30	16,21	343	55.45
30	16,21	345	68.55
30	16,21	365	63.70
30	16,21	382	58.11
30	16,29	62	40.76
30	16,29	93	40.17
30	16,29	100	65.18
30	16,29	104	81.14
30	16,29	135	51.54
30	16,29	158	50.46
30	16,29	168	53.99
30	16,29	175	57.44
30	16,29	185	52.15
30	16,29	239	46.42
30	16,29	242	58.77
30	16,29	343	52.54
30	16,29	345	68.00
30	16,29	382	57.46
30	16,33	62	43.83
30	16,33	93	43.30
30	16,33	100	68.72
30	16,33	104	74.41
30	16,33	108	32.65
30	16,33	135	56.38
30	16,33	158	58.23
30	16,33	168	59.80
30	16,33	175	53.89
30	16,33	185	58.49
30	16,33	239	50.44
30	16,33	242	61.54
30	16,33	252	80.28
30	16,33	255	67.42
30	16,33	343	57.35
30	16,33	345	72.85
30	16,33	365	65.25
30	16,33	382	63.73
30	16,40	108	40.17
30	16,40	152	74.66
30	16,40	163	46.35
30	16,40	252	73.75
30	16,40	255	72.06
30	16,40	365	66.93
30	16,51	62	49.04
30	16,51	93	48.55
30	16,51	100	78.03
30	16,51	104	76.01
30	16,51	108	37.34
30	16,51	135	58.90
30	16,51	152	72.46
30	16,51	158	59.31
30	16,51	167	56.49
30	16,51	168	67.14
30	16,51	175	55.83
30	16,51	185	58.83
30	16,51	239	55.56
30	16,51	242	66.63
30	16,51	252	80.87
30	16,51	255	72.45
30	16,51	343	60.76
30	16,51	345	78.41
30	16,51	365	67.27
30	16,51	382	67.93
30	17	6	45.11
30	17	56	53.35
30	17	59	45.07
30	17	90	33.46
30	17	91	57.23
30	17	95	64.37
30	17	124	40.41
30	17	138	38.15
30	17	154	68.63
30	17	251	35.28
30	17	254	27.58
30	17	268	26.80
30	17	312	50.99
30	17	327	60.10
30	17	333	20.03
30	17,32	6	56.03
30	17,32	56	64.80
30	17,32	90	44.42
30	17,32	91	68.08
30	17,32	95	75.59
30	17,32	124	64.41
30	17,32	138	49.17
30	17,32	251	46.65
30	17,32	254	38.51
30	17,32	268	37.73
30	17,32	312	62.00
30	17,32	327	70.70
30	17,32	333	30.61
30	17,34	6	64.10
30	17,34	56	70.32
30	17,34	90	48.94
30	17,34	91	71.24
30	17,34	95	80.39
30	17,34	124	61.30
30	17,34	138	51.68
30	17,34	251	52.63
30	17,34	254	41.56
30	17,34	268	42.75
30	17,34	312	67.90
30	17,34	327	73.01
30	17,34	333	34.37
30	17,42	6	68.25
30	17,42	56	73.93
30	17,42	90	51.68
30	17,42	91	75.15
30	17,42	95	84.82
30	17,42	124	71.28
30	17,42	138	55.56
30	17,42	251	56.49
30	17,42	254	45.48
30	17,42	268	46.66
30	17,42	312	71.55
30	17,42	327	76.21
30	17,42	333	37.76
30	18	14	14.38
30	18	25	32.72
30	18	28	37.28
30	18	35	35.00
30	18	45	57.62
30	18	75	42.96
30	18	120	49.46
30	18	125	52.93
30	18	164	48.68
30	18	174	33.93
30	18	205	34.97
30	18	222	16.17
30	18	237	48.07
30	18	303	24.87
30	18	305	49.15
30	18	310	42.03
30	18	369	28.30
30	18	371	27.96
30	18	376	37.89
30	18	378	40.48
30	18,38	35	62.35
30	18,38	45	77.66
30	18,38	164	69.11
30	18,38	222	32.70
30	18,38	237	66.06
30	18,38	303	54.99
30	19	23	21.03
30	19	47	41.25
30	19	59	47.63
30	19	88	65.54
30	19	91	47.76
30	19	95	53.52
30	19	154	61.00
30	19	176	29.93
30	19	197	64.86
30	19	268	21.06
30	19	286	43.44
30	19	312	46.90
30	19	333	21.54
30	19,39	47	56.08
30	19,39	95	68.56
30	19,39	176	48.96
30	19,39	197	78.51
30	19,39	268	34.61
30	19,39	312	60.41
30	19,39	333	33.62
30	20	4	25.48
30	20	62	20.27
30	20	63	42.72
30	20	84	37.86
30	20	93	15.79
30	20	123	16.77
30	20	128	34.55
30	20	130	43.11
30	20	158	24.14
30	20	159	35.32
30	20	168	27.45
30	20	175	19.90
30	20	181	49.66
30	20	185	32.80
30	20	238	17.86
30	20	259	14.49
30	20	263	41.75
30	20	317	16.61
30	20	336	45.00
30	20	337	40.62
30	20	340	35.41
30	20	343	33.32
30	20	345	51.32
30	20	366	42.41
30	20	382	45.35
30	20	390	20.49
30	20,28	62	29.58
30	20,28	63	52.94
30	20,28	93	24.58
30	20,28	123	24.08
30	20,28	128	39.77
30	20,28	130	55.59
30	20,28	158	40.34
30	20,28	159	41.41
30	20,28	168	40.83
30	20,28	175	39.56
30	20,28	185	43.73
30	20,28	238	25.76
30	20,28	259	20.70
30	20,28	317	22.00
30	20,28	336	51.35
30	20,28	337	47.62
30	20,28	340	41.10
30	20,28	382	50.83
30	21	26	49.28
30	21	62	25.87
30	21	63	36.92
30	21	93	26.01
30	21	97	56.69
30	21	100	54.52
30	21	104	45.03
30	21	108	18.48
30	21	121	34.58
30	21	135	37.17
30	21	152	51.87
30	21	158	36.11
30	21	163	24.75
30	21	167	37.08
30	21	168	42.93
30	21	181	65.15
30	21	185	39.46
30	21	239	30.93
30	21	242	46.70
30	21	252	58.63
30	21	277	57.44
30	21	343	40.82
30	21	345	52.87
30	21	365	48.18
30	21	382	43.68
30	21,29	62	40.59
30	21,29	93	39.70
30	21,29	100	65.20
30	21,29	104	67.04
30	21,29	135	49.89
30	21,29	158	50.00
30	21,29	168	54.39
30	21,29	185	51.48
30	21,29	239	45.28
30	21,29	242	59.86
30	21,29	343	52.41
30	21,29	345	66.48
30	21,29	382	55.92
30	21,33	62	39.76
30	21,33	93	39.06
30	21,33	100	65.99
30	21,33	104	62.77
30	21,33	108	28.86
30	21,33	135	49.07
30	21,33	158	49.38
30	21,33	168	56.82
30	21,33	185	50.56
30	21,33	239	43.06
30	21,33	242	59.17
30	21,33	252	70.82
30	21,33	343	55.83
30	21,33	345	65.55
30	21,33	365	60.39
30	21,33	382	55.00
30	21,40	108	36.87
30	21,40	152	71.03
30	21,40	163	42.70
30	21,40	252	70.06
30	21,40	277	73.34
30	21,40	365	63.39
30	21,51	62	43.01
30	21,51	93	42.32
30	21,51	100	66.41
30	21,51	104	69.20
30	21,51	108	32.00
30	21,51	135	52.24
30	21,51	152	64.62
30	21,51	158	52.75
30	21,51	167	50.03
30	21,51	168	58.76
30	21,51	185	53.69
30	21,51	239	44.39
30	21,51	242	60.00
30	21,51	252	71.73
30	21,51	343	53.65
30	21,51	345	66.82
30	21,51	365	58.55
30	21,51	382	56.15
30	22	5	44.04
30	22	16	27.55
30	22	31	58.76
30	22	48	51.37
30	22	86	70.42
30	22	89	38.63
30	22	146	38.82
30	22	189	56.07
30	22	201	46.49
30	22	211	44.25
30	22	214	71.20
30	22	241	58.99
30	22	247	54.66
30	22	309	56.34
30	22	373	35.63
30	23	1	35.08
30	23	20	13.13
30	23	26	44.15
30	23	29	37.06
30	23	60	31.23
30	23	62	17.89
30	23	63	42.52
30	23	82	16.51
30	23	84	35.79
30	23	93	13.72
30	23	102	13.13
30	23	105	22.42
30	23	121	27.68
30	23	123	12.34
30	23	128	29.20
30	23	130	44.58
30	23	134	12.04
30	23	158	22.01
30	23	159	31.79
30	23	167	35.41
30	23	168	27.89
30	23	175	25.77
30	23	181	51.27
30	23	182	16.52
30	23	184	15.34
30	23	185	29.61
30	23	188	18.39
30	23	216	47.66
30	23	225	17.42
30	23	231	15.55
30	23	232	31.37
30	23	238	13.35
30	23	259	10.92
30	23	263	38.15
30	23	274	18.18
30	23	279	39.30
30	23	284	31.76
30	23	292	17.00
30	23	293	12.86
30	23	299	16.89
30	23	317	11.65
30	23	325	21.46
30	23	329	15.08
30	23	335	24.15
30	23	336	41.58
30	23	337	38.35
30	23	340	31.03
30	23	350	33.30
30	23	351	40.20
30	23	357	31.10
30	23	366	52.38
30	23	367	40.28
30	23	377	14.56
30	23	382	41.62
30	23	386	14.03
30	23	391	34.45
30	23	394	13.20
30	23	395	14.46
30	23	399	12.83
30	23	401	17.70
30	23	403	18.42
30	23,28	20	27.42
30	23,28	29	49.87
30	23,28	60	40.10
30	23,28	62	33.80
30	23,28	63	56.90
30	23,28	82	30.17
30	23,28	93	28.99
30	23,28	102	27.94
30	23,28	105	41.15
30	23,28	121	40.06
30	23,28	123	28.11
30	23,28	128	43.92
30	23,28	130	59.01
30	23,28	134	26.72
30	23,28	158	37.35
30	23,28	159	42.48
30	23,28	167	47.52
30	23,28	168	38.06
30	23,28	175	38.10
30	23,28	182	33.68
30	23,28	184	31.28
30	23,28	185	42.20
30	23,28	188	33.75
30	23,28	225	32.41
30	23,28	231	29.82
30	23,28	232	45.24
30	23,28	238	28.52
30	23,28	259	24.42
30	23,28	274	33.93
30	23,28	279	53.46
30	23,28	284	47.63
30	23,28	292	32.82
30	23,28	293	27.45
30	23,28	299	31.45
30	23,28	317	26.20
30	23,28	325	35.73
30	23,28	329	30.31
30	23,28	335	39.06
30	23,28	336	55.17
30	23,28	337	51.31
30	23,28	340	39.31
30	23,28	357	45.38
30	23,28	367	54.48
30	23,28	377	30.44
30	23,28	382	54.51
30	23,28	386	28.80
30	23,28	391	48.62
30	23,28	394	27.65
30	23,28	395	27.35
30	23,28	399	27.35
30	23,28	401	32.04
30	23,28	403	32.69
30	23,41	130	50.42
30	23,41	159	58.06
30	23,41	259	33.08
30	23,41	336	59.21
30	24	47	41.61
30	24	56	53.96
30	24	59	45.76
30	24	90	34.07
30	24	91	57.14
30	24	95	63.99
30	24	124	47.01
30	24	138	36.92
30	24	154	67.89
30	24	251	35.55
30	24	254	26.06
30	24	268	25.80
30	24	312	51.90
30	24	327	61.08
30	24	333	18.66
30	25	3	25.07
30	25	17	41.18
30	25	40	40.56
30	25	52	26.07
30	25	53	27.89
30	25	66	40.97
30	25	101	41.07
30	25	103	62.15
30	25	115	58.54
30	25	116	75.03
30	25	139	37.72
30	25	140	54.23
30	25	144	25.31
30	25	155	57.11
30	25	157	29.18
30	25	198	43.17
30	25	206	47.61
30	25	233	44.00
30	25	248	38.10
30	25	256	35.42
30	25	261	23.48
30	25	265	56.69
30	25	271	53.23
30	25	278	23.52
30	25	283	37.07
30	25	290	29.56
30	25	321	43.85
30	25	326	25.06
30	25	342	49.17
30	25	347	37.27
30	25	348	30.75
30	25	353	37.68
30	25	356	36.89
30	25	368	46.79
30	25	393	46.66
30	25	398	41.24
30	25	406	38.83
30	25,27	53	49.44
30	25,27	66	52.73
30	25,27	144	42.08
30	25,27	248	48.92
30	25,27	261	44.87
30	25,27	278	52.68
30	25,27	290	41.66
30	25,27	326	46.90
30	25,27	347	64.76
30	25,27	356	61.21
30	25,27	393	57.72
30	25,27	398	51.13
30	25,48	17	54.01
30	25,48	53	39.69
30	25,48	101	56.08
30	25,48	144	43.34
30	25,48	326	39.41
30	25,48	342	63.49
30	25,48	348	40.62
30	25,48	398	55.83
30	26	8	18.73
30	26	9	17.58
30	26	62	22.18
30	26	76	19.89
30	26	87	42.72
30	26	94	28.04
30	26	97	49.14
30	26	100	54.79
30	26	104	49.42
30	26	111	46.41
30	26	129	58.35
30	26	135	34.03
30	26	172	65.46
30	26	177	41.66
30	26	181	61.37
30	26	183	34.75
30	26	210	42.30
30	26	223	25.27
30	26	224	30.20
30	26	239	24.66
30	26	242	41.83
30	26	266	51.25
30	26	280	46.20
30	26	300	55.73
30	26	302	21.31
30	26	323	27.61
30	26	337	33.75
30	26	343	31.62
30	26	344	33.18
30	26	345	51.82
30	26	374	30.18
30	27	21	36.68
30	27	24	22.18
30	27	33	23.37
30	27	38	37.66
30	27	53	26.68
30	27	57	32.89
30	27	66	34.13
30	27	98	57.65
30	27	103	56.49
30	27	133	41.35
30	27	144	22.24
30	27	165	24.52
30	27	171	40.35
30	27	187	33.04
30	27	190	43.58
30	27	206	42.18
30	27	236	31.28
30	27	248	32.14
30	27	261	18.39
30	27	265	47.08
30	27	271	45.76
30	27	278	23.07
30	27	282	31.92
30	27	290	24.24
30	27	301	46.77
30	27	318	52.08
30	27	322	35.10
30	27	326	24.82
30	27	347	43.87
30	27	356	38.63
30	27	368	47.89
30	27	393	40.83
30	27	398	34.18
30	28	1	35.44
30	28	20	13.73
30	28	26	44.45
30	28	29	37.41
30	28	60	31.28
30	28	62	18.32
30	28	63	43.08
30	28	82	16.89
30	28	84	36.49
30	28	93	14.32
30	28	102	13.97
30	28	105	24.73
30	28	121	28.00
30	28	123	13.24
30	28	128	29.63
30	28	130	42.65
30	28	134	13.04
30	28	158	22.48
30	28	159	29.63
30	28	167	35.72
30	28	168	25.38
30	28	175	26.10
30	28	181	51.65
30	28	182	17.04
30	28	184	15.83
30	28	185	29.93
30	28	188	18.87
30	28	216	48.03
30	28	225	17.87
30	28	231	15.96
30	28	232	31.85
30	28	238	14.24
30	28	259	11.79
30	28	263	39.49
30	28	274	18.62
30	28	279	39.69
30	28	284	32.24
30	28	292	17.51
30	28	293	13.76
30	28	299	17.31
30	28	317	12.49
30	28	325	21.87
30	28	329	15.56
30	28	335	24.59
30	28	336	41.96
30	28	337	38.69
30	28	340	31.75
30	28	350	33.79
30	28	351	40.77
30	28	357	31.49
30	28	366	52.73
30	28	367	41.14
30	28	377	15.10
30	28	382	41.97
30	28	386	14.94
30	28	391	36.15
30	28	394	13.79
30	28	395	14.85
30	28	399	13.49
30	28	401	18.18
30	28	403	18.83
30	28,41	130	52.54
30	28,41	159	58.99
30	28,41	259	38.73
30	28,41	336	61.23
30	29	1	41.37
30	29	4	27.62
30	29	7	47.75
30	29	8	20.31
30	29	9	19.89
30	29	18	23.77
30	29	22	20.06
30	29	49	18.96
30	29	50	22.65
30	29	62	17.96
30	29	64	22.89
30	29	67	19.00
30	29	92	39.56
30	29	93	20.55
30	29	94	30.45
30	29	97	51.41
30	29	100	53.39
30	29	104	52.00
30	29	105	31.18
30	29	110	23.52
30	29	111	44.20
30	29	122	23.04
30	29	129	60.61
30	29	134	23.55
30	29	135	35.83
30	29	147	34.51
30	29	148	24.62
30	29	158	29.45
30	29	168	40.20
30	29	169	49.15
30	29	175	32.27
30	29	177	40.86
30	29	181	60.72
30	29	182	22.97
30	29	184	21.34
30	29	185	36.63
30	29	191	22.93
30	29	215	17.90
30	29	216	46.46
30	29	218	24.07
30	29	221	25.66
30	29	223	26.42
30	29	224	36.90
30	29	225	16.41
30	29	231	16.99
30	29	235	21.66
30	29	239	26.10
30	29	242	42.54
30	29	266	47.79
30	29	274	17.18
30	29	280	48.87
30	29	285	22.14
30	29	287	19.94
30	29	288	17.55
30	29	292	19.61
30	29	293	24.61
30	29	299	16.58
30	29	300	56.92
30	29	323	27.97
30	29	328	23.27
30	29	329	21.68
30	29	335	31.87
30	29	337	30.30
30	29	340	39.03
30	29	341	36.41
30	29	343	40.34
30	29	344	35.83
30	29	345	52.85
30	29	350	35.56
30	29	355	19.55
30	29	358	25.04
30	29	366	58.80
30	29	374	32.52
30	29	382	43.59
30	29	383	20.55
30	29	386	23.54
30	29	389	18.54
30	30	2	20.15
30	30	14	12.83
30	30	25	37.25
30	30	28	36.39
30	30	30	35.27
30	30	36	67.70
30	30	45	52.10
30	30	54	21.65
30	30	107	38.20
30	30	109	23.75
30	30	120	46.70
30	30	124	48.34
30	30	125	54.75
30	30	142	26.93
30	30	160	20.59
30	30	166	40.89
30	30	196	45.45
30	30	217	30.75
30	30	315	40.49
30	30	319	53.30
30	30	320	38.49
30	30	327	54.18
30	30	338	26.62
30	30	363	15.23
30	30	379	39.27
30	31	5	39.18
30	31	16	25.59
30	31	31	56.85
30	31	48	48.04
30	31	86	66.97
30	31	89	33.75
30	31	146	37.21
30	31	151	57.21
30	31	189	52.83
30	31	201	42.01
30	31	211	41.55
30	31	214	70.08
30	31	241	54.68
30	31	247	51.56
30	31	250	20.80
30	31	309	57.41
30	31	373	35.15
30	32	6	44.11
30	32	56	52.45
30	32	59	45.17
30	32	90	33.55
30	32	91	56.23
30	32	95	63.18
30	32	124	53.28
30	32	138	37.17
30	32	154	67.68
30	32	251	34.92
30	32	254	26.73
30	32	268	26.10
30	32	312	50.07
30	32	327	59.30
30	32	333	20.37
30	32,34	6	53.80
30	32,34	56	69.80
30	32,34	90	48.42
30	32,34	91	70.46
30	32,34	95	79.20
30	32,34	124	60.35
30	32,34	138	50.94
30	32,34	251	51.94
30	32,34	254	40.80
30	32,34	268	41.99
30	32,34	312	67.35
30	32,34	327	72.75
30	32,34	333	33.96
30	33	1	37.77
30	33	7	44.93
30	33	8	16.27
30	33	9	16.97
30	33	18	22.30
30	33	22	17.13
30	33	49	16.56
30	33	50	18.15
30	33	62	17.15
30	33	67	14.31
30	33	93	19.44
30	33	94	27.97
30	33	97	48.99
30	33	100	51.13
30	33	104	47.92
30	33	105	32.92
30	33	108	15.72
30	33	110	16.34
30	33	117	29.77
30	33	122	19.77
30	33	126	18.45
30	33	129	58.35
30	33	135	30.61
30	33	147	30.58
30	33	148	22.46
30	33	158	28.41
30	33	168	39.10
30	33	175	31.08
30	33	177	37.86
30	33	181	59.59
30	33	182	21.80
30	33	183	32.69
30	33	184	20.27
30	33	185	35.18
30	33	188	20.15
30	33	191	19.99
30	33	215	12.18
30	33	216	45.42
30	33	218	18.99
30	33	221	21.54
30	33	223	21.21
30	33	224	30.92
30	33	225	16.55
30	33	231	15.75
30	33	235	16.62
30	33	239	19.56
30	33	242	40.90
30	33	252	53.82
30	33	255	44.69
30	33	266	46.73
30	33	267	37.24
30	33	274	17.28
30	33	285	18.92
30	33	287	15.72
30	33	288	14.77
30	33	292	18.59
30	33	299	14.54
30	33	328	20.42
30	33	335	28.17
30	33	337	32.44
30	33	341	31.15
30	33	343	30.65
30	33	344	33.21
30	33	345	48.24
30	33	350	32.68
30	33	352	17.48
30	33	355	17.87
30	33	358	20.85
30	33	360	23.54
30	33	365	47.08
30	33	374	30.07
30	33	382	39.63
30	33	383	13.76
30	33	389	14.72
30	33	392	28.45
30	33	397	19.39
30	34	6	35.30
30	34	15	50.75
30	34	47	29.41
30	34	56	44.75
30	34	59	36.25
30	34	61	39.46
30	34	83	14.24
30	34	90	23.86
30	34	91	44.31
30	34	95	49.61
30	34	96	14.31
30	34	107	29.07
30	34	112	32.97
30	34	114	48.58
30	34	124	33.35
30	34	138	25.27
30	34	154	55.96
30	34	179	21.63
30	34	209	28.07
30	34	234	36.51
30	34	243	35.14
30	34	251	25.90
30	34	254	14.66
30	34	268	15.85
30	34	272	19.99
30	34	276	30.82
30	34	298	46.38
30	34	312	42.25
30	34	316	31.72
30	34	327	50.38
30	34	333	10.75
30	34	349	42.97
30	34	372	16.82
30	34	381	25.44
30	34	384	31.82
30	34	404	21.46
30	35	27	50.04
30	35	37	31.94
30	35	41	45.20
30	35	132	43.07
30	35	143	63.77
30	35	149	69.39
30	35	161	18.75
30	35	178	46.87
30	35	207	32.76
30	35	213	60.73
30	35	220	55.28
30	35	253	17.51
30	35	260	32.62
30	35	275	67.08
30	35	339	48.89
30	35	361	35.89
30	35	370	30.34
30	35	385	17.79
30	35	387	47.48
30	35	400	56.82
30	36	13	24.80
30	36	32	24.69
30	36	39	52.83
30	36	51	23.89
30	36	99	41.99
30	36	106	42.61
30	36	113	54.85
30	36	194	40.39
30	36	227	55.75
30	36	229	41.99
30	36	230	43.83
30	36	257	26.96
30	36	296	23.87
30	37	5	38.65
30	37	16	24.27
30	37	31	56.55
30	37	48	48.03
30	37	86	66.00
30	37	89	32.63
30	37	146	36.24
30	37	151	57.24
30	37	189	52.24
30	37	201	41.54
30	37	211	41.52
30	37	214	70.11
30	37	241	54.70
30	37	247	51.58
30	37	250	19.68
30	37	309	49.72
30	37	373	30.77
30	38	35	42.73
30	38	45	67.51
30	38	162	64.42
30	38	164	60.93
30	38	222	22.68
30	38	237	56.77
30	38	246	34.14
30	38	303	42.68
30	38	305	61.45
30	39	47	41.13
30	39	80	57.44
30	39	90	37.55
30	39	95	57.08
30	39	138	35.52
30	39	154	62.21
30	39	176	42.97
30	39	197	67.04
30	39	212	64.39
30	39	254	25.20
30	39	268	23.94
30	39	312	51.87
30	39	333	23.37
30	39,42	47	63.28
30	39,42	90	52.31
30	39,42	95	74.83
30	39,42	138	50.93
30	39,42	254	40.85
30	39,42	268	39.59
30	39,42	312	72.18
30	39,42	333	38.34
30	39,43	90	48.17
30	39,43	138	44.06
30	39,43	254	33.89
30	39,43	312	60.90
30	39,43	333	31.20
30	40	27	56.37
30	40	41	52.07
30	40	108	26.65
30	40	132	50.51
30	40	143	67.75
30	40	149	73.62
30	40	152	59.58
30	40	161	26.93
30	40	163	31.07
30	40	178	50.63
30	40	207	39.54
30	40	213	64.21
30	40	220	61.66
30	40	252	58.23
30	40	253	25.34
30	40	255	58.13
30	40	260	39.97
30	40	275	71.38
30	40	277	60.38
30	40	339	44.97
30	40	361	42.37
30	40	365	53.35
30	40	370	33.77
30	40	385	25.42
30	40	387	50.93
30	40	400	62.90
30	41	65	50.07
30	41	69	62.35
30	41	70	49.11
30	41	74	55.23
30	41	81	65.32
30	41	84	52.46
30	41	116	79.03
30	41	118	45.03
30	41	130	44.75
30	41	141	42.80
30	41	157	31.01
30	41	159	48.52
30	41	186	43.52
30	41	199	67.59
30	41	259	26.86
30	41	281	51.04
30	41	331	29.46
30	41	336	52.97
30	41	346	71.79
30	41	396	54.86
30	42	6	37.99
30	42	15	53.03
30	42	47	31.97
30	42	56	46.94
30	42	59	38.31
30	42	61	41.79
30	42	83	16.61
30	42	90	25.18
30	42	91	46.73
30	42	95	52.49
30	42	96	16.86
30	42	107	31.56
30	42	112	35.48
30	42	114	51.08
30	42	124	44.07
30	42	138	27.66
30	42	154	58.28
30	42	179	24.75
30	42	209	30.76
30	42	234	38.39
30	42	243	37.46
30	42	251	28.25
30	42	254	17.08
30	42	268	18.27
30	42	272	23.03
30	42	276	34.00
30	42	298	48.75
30	42	312	44.48
30	42	316	34.80
30	42	327	52.34
30	42	333	12.83
30	42	349	45.55
30	42	372	19.90
30	42	381	28.01
30	42	384	34.86
30	42	404	24.04
30	43	6	36.69
30	43	30	40.82
30	43	56	45.55
30	43	83	16.73
30	43	90	22.28
30	43	91	46.61
30	43	96	16.89
30	43	107	30.10
30	43	112	32.41
30	43	124	43.97
30	43	138	25.65
30	43	179	23.80
30	43	209	25.96
30	43	251	27.93
30	43	254	15.25
30	43	276	33.38
30	43	298	44.42
30	43	312	41.52
30	43	327	49.25
30	43	333	12.65
30	43	372	13.86
30	43	384	30.48
30	44	1	37.39
30	44	7	42.75
30	44	8	13.69
30	44	9	14.27
30	44	18	21.65
30	44	22	14.77
30	44	49	14.42
30	44	50	16.89
30	44	62	16.55
30	44	67	13.10
30	44	93	19.20
30	44	94	26.79
30	44	97	47.70
30	44	100	50.97
30	44	104	48.00
30	44	105	29.58
30	44	108	14.90
30	44	110	12.52
30	44	117	27.13
30	44	122	16.97
30	44	126	16.32
30	44	129	57.14
30	44	135	28.97
30	44	147	27.13
30	44	148	19.70
30	44	168	39.08
30	44	169	45.75
30	44	177	40.34
30	44	181	56.92
30	44	182	21.51
30	44	183	31.32
30	44	184	19.97
30	44	191	17.28
30	44	215	10.35
30	44	218	17.34
30	44	221	19.55
30	44	223	18.69
30	44	224	27.52
30	44	225	15.90
30	44	231	15.17
30	44	235	13.52
30	44	239	16.20
30	44	242	39.10
30	44	252	52.14
30	44	255	42.59
30	44	266	46.62
30	44	267	35.87
30	44	273	21.62
30	44	274	16.65
30	44	285	16.18
30	44	287	14.65
30	44	288	13.14
30	44	292	17.93
30	44	299	13.94
30	44	300	49.69
30	44	302	19.42
30	44	328	18.20
30	44	330	13.65
30	44	337	30.32
30	44	341	30.03
30	44	343	29.01
30	44	344	31.83
30	44	345	46.92
30	44	350	31.75
30	44	352	15.25
30	44	355	15.76
30	44	358	17.51
30	44	360	22.46
30	44	365	45.49
30	44	374	28.99
30	44	382	38.13
30	44	383	12.56
30	44	389	12.08
30	44	392	27.46
30	44	397	17.13
30	45	11	65.30
30	45	32	27.56
30	45	39	51.52
30	45	42	39.23
30	45	58	22.04
30	45	78	19.59
30	45	99	34.55
30	45	106	41.72
30	45	113	50.96
30	45	137	24.79
30	45	173	40.58
30	45	180	39.06
30	45	229	30.08
30	45	230	40.23
30	45	249	52.28
30	45	258	35.92
30	45	264	44.97
30	45	270	23.07
30	45	380	39.11
30	45,49	42	69.45
30	45,49	58	39.66
30	45,49	99	53.58
30	45,49	137	48.54
30	45,49	180	59.68
30	45,49	249	71.39
30	45,49	270	41.87
30	46	5	41.62
30	46	16	26.35
30	46	31	56.27
30	46	48	48.46
30	46	86	68.14
30	46	89	29.10
30	46	146	36.65
30	46	189	53.24
30	46	201	43.97
30	46	211	40.97
30	46	214	68.54
30	46	241	55.35
30	46	247	51.20
30	46	309	62.59
30	46	373	40.15
30	47	11	62.55
30	47	32	22.58
30	47	34	18.59
30	47	39	48.48
30	47	42	37.87
30	47	58	18.55
30	47	68	45.39
30	47	71	20.38
30	47	72	50.03
30	47	78	15.37
30	47	85	16.90
30	47	99	22.75
30	47	106	37.77
30	47	113	46.00
30	47	131	26.69
30	47	137	19.83
30	47	180	36.20
30	47	226	19.10
30	47	229	36.49
30	47	230	34.30
30	47	245	21.58
30	47	249	49.56
30	47	258	39.35
30	47	270	17.69
30	47	289	58.23
30	47	294	18.73
30	47	297	19.24
30	47	311	54.34
30	47	314	16.39
30	47	324	22.51
30	47	354	17.35
30	47	375	19.25
30	47	380	34.01
30	47	388	16.18
30	47	405	19.08
30	47	407	37.93
30	48	5	34.18
30	48	17	40.66
30	48	53	26.77
30	48	101	33.46
30	48	103	60.04
30	48	116	74.00
30	48	144	31.35
30	48	204	29.92
30	48	206	50.04
30	48	211	39.99
30	48	262	21.93
30	48	326	25.94
30	48	342	51.90
30	48	348	26.45
30	48	368	50.90
30	48	398	42.03
30	49	19	22.85
30	49	25	46.58
30	49	42	50.15
30	49	58	22.39
30	49	99	36.24
30	49	137	29.07
30	49	145	45.52
30	49	156	44.96
30	49	166	53.87
30	49	174	53.23
30	49	180	42.66
30	49	249	52.04
30	49	270	24.99
30	49	291	42.24
30	49	310	43.38
30	49	319	56.59
30	49	332	30.79
30	49	379	52.42
30	50	5	38.89
30	50	16	26.24
30	50	31	55.75
30	50	74	48.35
30	50	86	66.28
30	50	89	34.14
30	50	146	36.77
30	50	151	58.00
30	50	189	54.10
30	50	201	43.39
30	50	211	41.25
30	50	214	68.00
30	50	241	56.62
30	50	247	51.28
30	50	250	20.01
30	50	309	49.89
30	50	373	32.55
30	51	1	40.94
30	51	8	22.55
30	51	9	23.24
30	51	18	27.63
30	51	46	33.75
30	51	50	20.72
30	51	60	39.04
30	51	62	22.70
30	51	67	21.46
30	51	93	25.23
30	51	97	55.25
30	51	100	53.24
30	51	104	47.99
30	51	105	35.87
30	51	108	18.42
30	51	110	24.23
30	51	117	31.34
30	51	122	26.96
30	51	126	19.80
30	51	129	63.18
30	51	134	28.66
30	51	135	35.30
30	51	147	29.63
30	51	152	52.32
30	51	158	34.90
30	51	167	38.77
30	51	168	45.48
30	51	175	36.75
30	51	177	44.76
30	51	181	66.24
30	51	182	28.28
30	51	184	26.42
30	51	185	40.00
30	51	188	23.25
30	51	193	25.87
30	51	215	18.42
30	51	216	50.73
30	51	218	24.99
30	51	221	28.38
30	51	223	24.94
30	51	224	36.45
30	51	225	22.15
30	51	231	20.85
30	51	235	23.62
30	51	239	26.13
30	51	242	46.20
30	51	252	58.03
30	51	255	48.28
30	51	274	22.86
30	51	284	36.37
30	51	285	25.96
30	51	287	18.32
30	51	288	21.03
30	51	292	24.34
30	51	299	19.99
30	51	335	31.32
30	51	337	39.23
30	51	341	37.21
30	51	343	40.79
30	51	344	40.68
30	51	345	52.37
30	51	350	37.97
30	51	352	19.41
30	51	360	26.18
30	51	365	49.76
30	51	382	42.38
30	51	383	20.49
30	51	386	27.21
30	51	389	21.31
30	51	392	30.80
30	51	394	23.89
30	52	23	19.51
30	52	47	38.30
30	52	59	45.27
30	52	90	33.82
30	52	91	48.56
30	52	95	54.30
30	52	138	33.08
30	52	154	60.56
30	52	176	37.46
30	52	251	29.59
30	52	268	18.32
30	52	286	45.63
30	52	312	45.31
30	52	333	19.11
