Task=22 Orders=32 Vehicles=464 Scores=1875
22	1	19	31.51
22	1	26	37.23
22	1	29	30.25
22	1	46	29.01
22	1	65	27.99
22	1	92	19.59
22	1	108	21.01
22	1	124	45.25
22	1	134	32.42
22	1	166	32.66
22	1	180	24.01
22	1	195	23.89
22	1	202	47.76
22	1	263	32.52
22	1	306	32.34
22	1	315	19.63
22	1	323	24.06
22	1	328	36.17
22	1	337	46.10
22	1	387	33.38
22	1	389	19.32
22	1	424	44.80
22	1	436	40.85
22	1,14	19	46.87
22	1,14	29	42.61
22	1,14	92	31.89
22	1,14	108	32.72
22	1,14	124	58.82
22	1,14	134	44.70
22	1,14	195	35.54
22	1,14	202	61.89
22	1,14	263	43.86
22	1,14	306	44.70
22	1,14	315	32.25
22	1,14	328	47.65
22	1,14	337	58.25
22	1,14	387	45.38
22	1,14	424	57.82
22	1,14	436	53.86
22	2	4	10.06
22	2	6	23.62
22	2	15	18.93
22	2	17	14.17
22	2	25	10.24
22	2	27	7.93
22	2	28	16.13
22	2	34	27.18
22	2	50	51.42
22	2	54	17.42
22	2	62	7.21
22	2	63	19.69
22	2	64	10.61
22	2	69	30.37
22	2	88	23.01
22	2	91	13.82
22	2	96	33.14
22	2	107	8.14
22	2	115	12.00
22	2	118	29.21
22	2	120	50.70
22	2	123	9.89
22	2	129	23.75
22	2	146	14.76
22	2	169	26.35
22	2	182	11.37
22	2	201	25.23
22	2	210	10.37
22	2	214	7.97
22	2	216	12.15
22	2	226	23.55
22	2	245	11.21
22	2	247	12.93
22	2	260	11.85
22	2	300	9.21
22	2	311	14.31
22	2	312	16.14
22	2	313	23.76
22	2	316	11.25
22	2	318	14.04
22	2	320	34.51
22	2	324	10.52
22	2	346	14.18
22	2	352	13.93
22	2	370	34.92
22	2	385	22.30
22	2	404	11.14
22	2	410	17.85
22	2	415	12.39
22	2	425	7.69
22	2	426	9.13
22	2	433	15.24
22	2	435	11.04
22	2	444	17.56
22	2	448	8.08
22	2	451	8.54
22	2	452	24.94
22	2,21	4	20.79
22	2,21	6	33.45
22	2,21	15	31.31
22	2,21	25	19.86
22	2,21	27	17.28
22	2,21	34	36.80
22	2,21	54	25.44
22	2,21	62	16.66
22	2,21	64	21.45
22	2,21	69	40.10
22	2,21	88	37.83
22	2,21	107	17.46
22	2,21	115	22.11
22	2,21	118	42.54
22	2,21	123	19.61
22	2,21	129	31.31
22	2,21	146	22.37
22	2,21	169	50.59
22	2,21	182	22.52
22	2,21	201	32.92
22	2,21	210	23.34
22	2,21	214	18.96
22	2,21	216	22.85
22	2,21	226	31.55
22	2,21	245	22.87
22	2,21	247	25.92
22	2,21	260	20.20
22	2,21	300	20.07
22	2,21	311	21.82
22	2,21	312	24.87
22	2,21	313	34.35
22	2,21	316	21.97
22	2,21	320	42.89
22	2,21	324	19.13
22	2,21	346	24.44
22	2,21	352	27.15
22	2,21	370	46.10
22	2,21	385	32.83
22	2,21	404	22.23
22	2,21	410	29.15
22	2,21	415	23.23
22	2,21	425	18.79
22	2,21	426	20.04
22	2,21	433	25.51
22	2,21	435	22.14
22	2,21	444	27.63
22	2,21	448	18.03
22	2,21	451	19.87
22	2,21	452	34.79
22	3	1	33.97
22	3	5	37.24
22	3	22	23.38
22	3	60	23.34
22	3	61	43.28
22	3	78	42.86
22	3	80	34.85
22	3	83	16.93
22	3	97	49.89
22	3	130	49.13
22	3	143	19.82
22	3	144	23.90
22	3	147	29.00
22	3	153	33.85
22	3	155	28.83
22	3	176	51.79
22	3	179	49.11
22	3	190	17.56
22	3	196	37.51
22	3	208	21.24
22	3	209	23.31
22	3	217	41.63
22	3	223	48.62
22	3	230	21.92
22	3	246	19.45
22	3	259	43.34
22	3	261	38.72
22	3	283	58.35
22	3	292	20.59
22	3	305	30.63
22	3	309	35.07
22	3	319	26.04
22	3	334	52.18
22	3	335	21.25
22	3	343	17.01
22	3	350	45.85
22	3	365	47.93
22	3	369	19.14
22	3	384	21.61
22	3	398	24.38
22	3	406	33.44
22	3	446	40.34
22	3	456	22.38
22	3	461	21.24
22	3,6	1	44.93
22	3,6	22	28.96
22	3,6	60	29.30
22	3,6	61	48.39
22	3,6	78	48.52
22	3,6	80	45.42
22	3,6	83	22.30
22	3,6	97	54.92
22	3,6	130	54.11
22	3,6	143	25.51
22	3,6	144	29.44
22	3,6	147	33.38
22	3,6	153	45.70
22	3,6	155	34.77
22	3,6	176	57.18
22	3,6	179	53.63
22	3,6	190	23.70
22	3,6	196	43.20
22	3,6	208	26.63
22	3,6	209	28.63
22	3,6	223	53.69
22	3,6	230	27.48
22	3,6	246	24.96
22	3,6	259	47.82
22	3,6	283	62.52
22	3,6	292	26.01
22	3,6	305	42.30
22	3,6	309	39.90
22	3,6	319	39.55
22	3,6	334	56.80
22	3,6	335	26.79
22	3,6	343	21.85
22	3,6	365	52.76
22	3,6	369	24.65
22	3,6	384	27.20
22	3,6	398	29.35
22	3,6	406	44.94
22	3,6	446	46.04
22	3,6	456	27.92
22	3,6	461	26.76
22	4	70	19.58
22	4	71	23.86
22	4	79	53.79
22	4	84	21.25
22	4	86	64.58
22	4	93	52.44
22	4	110	19.14
22	4	127	34.80
22	4	132	21.75
22	4	137	22.92
22	4	149	17.94
22	4	159	46.59
22	4	167	41.41
22	4	224	53.70
22	4	231	50.44
22	4	241	27.01
22	4	258	24.66
22	4	289	54.56
22	4	294	36.52
22	4	303	41.56
22	4	307	35.89
22	4	342	38.68
22	4	353	14.69
22	4	402	32.31
22	4,9	70	41.82
22	4,9	71	45.44
22	4,9	79	60.75
22	4,9	84	41.23
22	4,9	110	38.13
22	4,9	127	54.00
22	4,9	137	41.31
22	4,9	149	37.07
22	4,9	167	49.90
22	4,9	224	60.49
22	4,9	258	42.24
22	4,9	289	65.44
22	4,9	294	52.59
22	4,9	307	53.79
22	4,9	342	60.27
22	4,9	353	34.28
22	4,9	402	42.28
22	4,11	70	27.38
22	4,11	71	34.15
22	4,11	79	66.46
22	4,11	84	30.41
22	4,11	110	27.25
22	4,11	127	39.46
22	4,11	132	31.85
22	4,11	137	31.92
22	4,11	149	26.42
22	4,11	167	46.73
22	4,11	224	67.08
22	4,11	241	35.75
22	4,11	258	32.61
22	4,11	289	67.79
22	4,11	294	45.14
22	4,11	307	44.35
22	4,11	342	47.52
22	4,11	353	22.85
22	4,11	402	45.46
22	4,29	70	35.92
22	4,29	71	43.79
22	4,29	79	69.90
22	4,29	110	36.27
22	4,29	127	48.68
22	4,29	137	41.77
22	4,29	149	34.94
22	4,29	167	58.01
22	4,29	224	70.65
22	4,29	241	44.58
22	4,29	289	77.87
22	4,29	294	53.68
22	4,29	307	52.86
22	4,29	353	30.80
22	4,29	402	53.27
22	4,30	70	29.46
22	4,30	79	64.04
22	4,30	84	45.63
22	4,30	110	29.55
22	4,30	127	43.94
22	4,30	137	46.17
22	4,30	149	28.66
22	4,30	167	54.79
22	4,30	224	65.23
22	4,30	289	67.49
22	4,30	294	56.32
22	4,30	307	46.58
22	4,30	342	61.65
22	4,30	353	25.00
22	4,30	402	45.93
22	5	22	17.25
22	5	31	17.38
22	5	36	30.20
22	5	37	36.45
22	5	44	30.66
22	5	59	28.45
22	5	70	27.80
22	5	84	12.42
22	5	98	13.38
22	5	126	20.45
22	5	127	42.35
22	5	137	18.28
22	5	152	24.68
22	5	165	42.20
22	5	191	26.62
22	5	224	47.55
22	5	289	52.94
22	5	294	28.72
22	5	304	18.20
22	5	314	32.42
22	5	319	18.10
22	5	322	13.93
22	5	325	40.27
22	5	336	25.15
22	5	342	29.42
22	5	351	40.75
22	5	393	16.85
22	5	419	16.68
22	5	460	22.87
22	5,12	22	26.42
22	5,12	31	27.89
22	5,12	36	37.99
22	5,12	44	39.00
22	5,12	59	37.04
22	5,12	70	38.07
22	5,12	84	21.69
22	5,12	98	21.59
22	5,12	126	30.77
22	5,12	127	50.13
22	5,12	137	27.13
22	5,12	152	33.87
22	5,12	165	50.68
22	5,12	191	34.61
22	5,12	224	56.52
22	5,12	289	61.79
22	5,12	294	37.01
22	5,12	304	27.97
22	5,12	314	39.01
22	5,12	319	29.04
22	5,12	322	22.24
22	5,12	325	49.45
22	5,12	336	33.89
22	5,12	342	37.93
22	5,12	393	26.45
22	5,12	419	25.39
22	5,12	460	31.58
22	6	1	28.73
22	6	5	38.30
22	6	22	17.15
22	6	60	17.13
22	6	61	38.30
22	6	78	37.62
22	6	80	29.76
22	6	83	11.49
22	6	97	44.35
22	6	103	28.01
22	6	130	43.96
22	6	143	15.25
22	6	144	17.07
22	6	147	20.27
22	6	153	27.79
22	6	155	19.69
22	6	176	46.99
22	6	179	42.59
22	6	190	12.52
22	6	196	31.82
22	6	208	15.76
22	6	209	17.38
22	6	217	36.37
22	6	223	42.42
22	6	230	16.13
22	6	246	14.03
22	6	259	36.46
22	6	261	33.20
22	6	283	51.21
22	6	292	13.03
22	6	305	24.03
22	6	309	28.80
22	6	319	19.80
22	6	334	44.85
22	6	335	14.39
22	6	343	9.52
22	6	350	40.06
22	6	365	41.39
22	6	369	13.39
22	6	384	15.35
22	6	398	18.17
22	6	406	27.70
22	6	446	34.61
22	6	456	15.52
22	6	461	14.37
22	6,25	1	41.27
22	6,25	22	28.34
22	6,25	60	28.69
22	6,25	61	50.03
22	6,25	78	50.20
22	6,25	80	41.89
22	6,25	83	22.27
22	6,25	97	56.59
22	6,25	130	55.76
22	6,25	143	25.63
22	6,25	144	28.66
22	6,25	147	32.30
22	6,25	153	39.01
22	6,25	155	33.46
22	6,25	176	58.85
22	6,25	179	55.32
22	6,25	190	23.72
22	6,25	196	44.94
22	6,25	208	26.24
22	6,25	209	28.11
22	6,25	223	55.45
22	6,25	230	27.01
22	6,25	246	24.93
22	6,25	259	49.56
22	6,25	283	64.35
22	6,25	292	25.56
22	6,25	305	35.28
22	6,25	309	39.32
22	6,25	319	32.77
22	6,25	334	58.68
22	6,25	335	26.04
22	6,25	343	21.44
22	6,25	365	54.48
22	6,25	369	24.55
22	6,25	384	26.62
22	6,25	398	28.82
22	6,25	406	38.63
22	6,25	446	47.79
22	6,25	456	27.17
22	6,25	461	26.01
22	7	9	22.80
22	7	14	32.75
22	7	18	41.72
22	7	38	33.90
22	7	39	47.10
22	7	41	15.20
22	7	48	37.45
22	7	49	17.28
22	7	56	32.31
22	7	65	30.92
22	7	66	25.07
22	7	94	34.66
22	7	101	16.07
22	7	104	46.21
22	7	109	36.06
22	7	112	40.83
22	7	113	36.92
22	7	133	34.68
22	7	139	31.86
22	7	148	34.14
22	7	163	24.82
22	7	168	21.87
22	7	173	20.79
22	7	177	27.89
22	7	192	52.35
22	7	197	13.63
22	7	207	35.66
22	7	218	25.69
22	7	219	48.62
22	7	236	40.41
22	7	240	41.25
22	7	250	35.69
22	7	252	20.23
22	7	253	47.58
22	7	255	39.76
22	7	256	27.18
22	7	265	20.20
22	7	268	19.72
22	7	274	43.38
22	7	275	18.68
22	7	277	49.58
22	7	282	31.38
22	7	288	15.62
22	7	308	18.30
22	7	326	43.21
22	7	330	37.55
22	7	338	53.76
22	7	348	18.73
22	7	355	27.31
22	7	368	49.28
22	7	371	16.75
22	7	373	34.73
22	7	386	17.77
22	7	389	18.61
22	7	396	31.63
22	7	397	40.52
22	7	399	51.10
22	7	411	19.31
22	7	414	51.69
22	7	416	19.52
22	7	423	19.13
22	7	427	24.07
22	7	429	30.18
22	7	449	34.92
22	7	450	17.08
22	7	455	29.68
22	7	457	38.24
22	7	462	19.00
22	7,22	9	39.76
22	7,22	38	48.61
22	7,22	48	50.32
22	7,22	101	30.51
22	7,22	139	41.65
22	7,22	148	49.01
22	7,22	163	35.11
22	7,22	168	36.80
22	7,22	177	45.39
22	7,22	219	61.52
22	7,22	236	68.27
22	7,22	240	50.79
22	7,22	253	58.76
22	7,22	256	47.01
22	7,22	274	55.83
22	7,22	282	52.68
22	7,22	326	69.20
22	7,22	338	70.00
22	7,22	355	40.61
22	7,22	368	65.86
22	7,22	399	64.72
22	7,22	414	64.39
22	8	10	41.87
22	8	24	36.61
22	8	33	39.04
22	8	51	54.86
22	8	117	36.03
22	8	161	44.27
22	8	170	52.77
22	8	171	31.72
22	8	178	28.45
22	8	181	26.37
22	8	204	32.70
22	8	233	55.10
22	8	238	29.61
22	8	269	46.06
22	8	281	43.75
22	8	295	35.69
22	8	409	39.62
22	8	430	24.25
22	8	438	26.00
22	8	454	26.70
22	8	463	57.77
22	8,26	10	48.70
22	8,26	33	46.01
22	8,26	117	43.00
22	8,26	170	59.92
22	8,26	171	38.65
22	8,26	204	39.82
22	8,26	269	52.59
22	8,26	281	62.24
22	8,26	409	46.59
22	8,26	430	31.03
22	8,26	438	32.83
22	8,26	463	73.68
22	9	36	32.42
22	9	59	32.34
22	9	70	21.21
22	9	71	20.87
22	9	79	51.20
22	9	84	19.37
22	9	90	18.97
22	9	93	50.14
22	9	95	21.04
22	9	99	17.61
22	9	110	16.87
22	9	119	25.59
22	9	127	32.89
22	9	128	53.30
22	9	137	17.69
22	9	140	15.75
22	9	141	38.59
22	9	149	16.34
22	9	152	23.65
22	9	154	19.87
22	9	159	41.65
22	9	167	37.82
22	9	174	19.17
22	9	183	17.68
22	9	187	33.23
22	9	188	17.13
22	9	191	22.87
22	9	198	19.94
22	9	222	38.31
22	9	224	49.03
22	9	231	47.14
22	9	258	24.03
22	9	289	55.42
22	9	290	21.35
22	9	293	14.87
22	9	294	31.76
22	9	297	36.77
22	9	299	18.75
22	9	302	20.34
22	9	303	42.99
22	9	304	16.37
22	9	307	33.24
22	9	319	21.13
22	9	340	29.97
22	9	342	40.45
22	9	353	14.87
22	9	378	48.17
22	9	390	18.25
22	9	393	18.80
22	9	402	34.73
22	9	419	14.86
22	9	428	17.69
22	9	439	18.94
22	9	445	18.62
22	9	453	17.99
22	9	460	24.63
22	9,18	59	47.61
22	9,18	79	65.07
22	9,18	90	35.42
22	9,18	95	35.90
22	9,18	99	35.51
22	9,18	119	40.20
22	9,18	127	49.70
22	9,18	137	33.79
22	9,18	140	32.92
22	9,18	141	53.10
22	9,18	152	40.06
22	9,18	154	36.72
22	9,18	174	35.10
22	9,18	187	47.85
22	9,18	191	37.04
22	9,18	222	55.07
22	9,18	224	64.68
22	9,18	289	71.68
22	9,18	290	37.89
22	9,18	294	46.51
22	9,18	297	51.51
22	9,18	299	36.06
22	9,18	419	30.38
22	9,18	428	33.21
22	9,28	71	37.03
22	9,28	79	64.62
22	9,28	90	44.80
22	9,28	110	40.32
22	9,28	137	43.23
22	9,28	141	51.54
22	9,28	149	39.45
22	9,28	167	51.24
22	9,28	187	55.92
22	9,28	224	59.54
22	9,28	290	32.65
22	9,28	297	46.11
22	9,28	307	56.18
22	9,30	70	31.42
22	9,30	79	60.82
22	9,30	84	30.08
22	9,30	90	29.97
22	9,30	95	31.21
22	9,30	110	26.56
22	9,30	127	52.06
22	9,30	137	28.28
22	9,30	141	48.51
22	9,30	149	26.38
22	9,30	167	48.99
22	9,30	187	43.56
22	9,30	224	59.83
22	9,30	289	66.04
22	9,30	294	41.93
22	9,30	297	46.96
22	9,30	307	43.25
22	9,30	342	48.08
22	9,30	353	24.56
22	9,30	402	45.01
22	10	15	20.03
22	10	17	20.70
22	10	25	15.51
22	10	28	22.63
22	10	88	34.37
22	10	91	20.14
22	10	96	36.68
22	10	118	36.30
22	10	120	56.69
22	10	123	16.13
22	10	129	29.30
22	10	169	27.59
22	10	182	18.08
22	10	201	29.97
22	10	214	14.42
22	10	226	29.42
22	10	245	18.52
22	10	257	41.37
22	10	311	20.31
22	10	312	21.38
22	10	313	31.62
22	10	320	39.23
22	10	324	16.00
22	10	370	43.31
22	10,20	15	40.59
22	10,20	17	30.96
22	10,20	25	29.93
22	10,20	88	42.69
22	10,20	91	32.08
22	10,20	118	50.87
22	10,20	123	31.30
22	10,20	129	43.01
22	10,20	169	48.80
22	10,20	182	28.83
22	10,20	201	43.21
22	10,20	214	28.85
22	10,20	226	43.90
22	10,20	245	33.96
22	10,20	257	56.79
22	10,20	312	35.15
22	10,20	313	47.49
22	10,20	320	49.41
22	10,20	324	30.23
22	10,20	370	56.58
22	10,21	15	29.49
22	10,21	25	25.62
22	10,21	88	45.54
22	10,21	118	49.79
22	10,21	123	26.42
22	10,21	129	37.14
22	10,21	169	57.13
22	10,21	182	28.90
22	10,21	201	38.10
22	10,21	214	25.06
22	10,21	226	37.69
22	10,21	245	29.79
22	10,21	257	51.75
22	10,21	311	28.39
22	10,21	312	30.59
22	10,21	313	41.58
22	10,21	320	47.51
22	10,21	324	25.11
22	10,21	370	52.48
22	11	36	30.41
22	11	45	48.69
22	11	59	31.17
22	11	70	22.72
22	11	71	15.79
22	11	76	21.44
22	11	79	48.00
22	11	84	18.11
22	11	86	57.38
22	11	90	17.68
22	11	93	46.82
22	11	99	10.90
22	11	106	66.48
22	11	110	11.68
22	11	119	21.10
22	11	127	27.83
22	11	128	49.59
22	11	132	15.17
22	11	137	16.41
22	11	138	45.99
22	11	140	12.21
22	11	141	36.96
22	11	149	11.44
22	11	152	21.92
22	11	159	40.18
22	11	164	38.96
22	11	167	22.99
22	11	174	15.34
22	11	183	14.46
22	11	185	17.06
22	11	187	28.89
22	11	188	12.68
22	11	189	15.51
22	11	191	24.27
22	11	198	15.52
22	11	211	49.54
22	11	224	45.93
22	11	228	15.10
22	11	229	16.28
22	11	231	44.04
22	11	234	32.90
22	11	237	27.39
22	11	241	19.79
22	11	258	20.54
22	11	276	18.68
22	11	284	60.65
22	11	286	17.99
22	11	287	35.44
22	11	289	52.92
22	11	290	17.56
22	11	293	9.44
22	11	294	30.48
22	11	302	14.62
22	11	303	45.82
22	11	304	13.86
22	11	307	29.61
22	11	319	19.76
22	11	340	24.76
22	11	342	37.75
22	11	353	10.68
22	11	363	18.18
22	11	367	17.18
22	11	375	18.17
22	11	376	17.20
22	11	390	13.75
22	11	402	29.63
22	11	419	12.89
22	11	428	13.34
22	11	439	14.37
22	11	445	14.20
22	11	453	12.24
22	12	22	14.48
22	12	31	14.49
22	12	36	27.93
22	12	37	34.62
22	12	44	28.27
22	12	59	25.90
22	12	70	23.99
22	12	84	10.32
22	12	98	10.63
22	12	126	17.58
22	12	127	40.25
22	12	137	15.45
22	12	152	21.86
22	12	165	39.66
22	12	191	24.34
22	12	224	45.01
22	12	289	50.03
22	12	294	26.30
22	12	304	15.21
22	12	314	27.93
22	12	319	15.39
22	12	322	11.54
22	12	325	37.17
22	12	336	22.55
22	12	342	27.58
22	12	351	36.70
22	12	393	13.77
22	12	419	14.08
22	12	460	20.27
22	13	3	18.06
22	13	12	14.32
22	13	16	31.68
22	13	23	32.25
22	13	32	34.85
22	13	55	30.51
22	13	73	15.66
22	13	87	42.37
22	13	125	31.20
22	13	156	46.56
22	13	203	52.69
22	13	239	37.34
22	13	271	39.11
22	13	273	36.08
22	13	279	15.55
22	13	280	29.32
22	13	301	27.75
22	13	310	24.15
22	13	321	40.48
22	13	327	21.79
22	13	339	40.17
22	13	357	15.94
22	13	358	12.75
22	13	360	57.82
22	13	362	43.24
22	13	372	20.39
22	13	380	22.17
22	13	388	15.28
22	13	395	38.51
22	13	407	12.34
22	13	412	27.25
22	13	413	18.04
22	13	420	17.13
22	13	421	15.37
22	13	422	12.63
22	13	441	14.18
22	13	458	15.18
22	13	459	17.41
22	13	464	48.63
22	13,19	3	33.75
22	13,19	12	29.31
22	13,19	16	48.34
22	13,19	23	53.48
22	13,19	32	51.85
22	13,19	55	38.49
22	13,19	73	32.54
22	13,19	125	46.51
22	13,19	239	52.27
22	13,19	273	48.59
22	13,19	279	30.59
22	13,19	280	44.72
22	13,19	310	36.54
22	13,19	327	41.93
22	13,19	339	53.01
22	13,19	357	30.90
22	13,19	358	27.97
22	13,19	362	58.27
22	13,19	372	36.11
22	13,19	380	37.86
22	13,19	388	30.97
22	13,19	395	53.63
22	13,19	407	27.80
22	13,19	412	44.72
22	13,19	420	34.56
22	13,19	421	31.06
22	13,19	422	28.10
22	13,19	441	28.44
22	13,19	458	30.87
22	13,19	459	33.10
22	14	19	34.46
22	14	29	31.42
22	14	92	20.59
22	14	108	20.75
22	14	124	42.68
22	14	134	31.38
22	14	195	25.13
22	14	202	49.62
22	14	263	34.45
22	14	306	31.06
22	14	315	20.15
22	14	328	38.10
22	14	337	45.20
22	14	387	27.86
22	14	424	43.39
22	14	436	39.68
22	15	68	37.31
22	15	72	38.75
22	15	81	50.00
22	15	151	15.92
22	15	175	56.30
22	15	267	25.73
22	15	349	24.99
22	15	443	39.82
22	15,32	68	44.86
22	15,32	151	24.21
22	15,32	267	35.20
22	15,32	349	32.72
22	15,32	443	54.17
22	16	3	18.70
22	16	9	25.45
22	16	14	29.37
22	16	38	36.35
22	16	39	40.37
22	16	41	14.83
22	16	48	36.70
22	16	53	40.75
22	16	66	25.75
22	16	77	35.96
22	16	94	37.96
22	16	101	15.99
22	16	104	48.15
22	16	109	37.77
22	16	112	43.58
22	16	113	36.90
22	16	133	30.54
22	16	139	27.27
22	16	148	34.66
22	16	163	25.03
22	16	168	24.08
22	16	177	30.44
22	16	192	55.00
22	16	197	18.04
22	16	218	24.41
22	16	219	47.87
22	16	236	43.45
22	16	240	37.94
22	16	252	17.48
22	16	253	45.24
22	16	255	39.80
22	16	256	30.77
22	16	265	17.96
22	16	268	14.80
22	16	274	43.38
22	16	275	15.15
22	16	282	33.42
22	16	308	21.52
22	16	326	47.27
22	16	330	37.69
22	16	338	55.20
22	16	347	38.11
22	16	348	16.56
22	16	355	29.21
22	16	368	50.17
22	16	371	15.21
22	16	373	36.79
22	16	374	18.42
22	16	377	17.82
22	16	379	19.41
22	16	381	18.27
22	16	382	36.37
22	16	386	18.72
22	16	397	39.73
22	16	399	50.32
22	16	411	14.56
22	16	414	50.87
22	16	417	17.24
22	16	423	18.17
22	16	427	27.07
22	16	429	31.79
22	16	440	17.27
22	16	449	35.65
22	16	450	16.14
22	16	455	27.48
22	16	457	35.08
22	16	459	18.70
22	16,23	3	30.14
22	16,23	9	36.44
22	16,23	14	39.24
22	16,23	38	46.72
22	16,23	41	25.21
22	16,23	48	47.46
22	16,23	53	50.46
22	16,23	66	37.24
22	16,23	77	47.99
22	16,23	94	49.70
22	16,23	101	26.96
22	16,23	113	47.63
22	16,23	133	47.99
22	16,23	139	37.48
22	16,23	148	45.54
22	16,23	163	30.99
22	16,23	168	33.85
22	16,23	177	42.14
22	16,23	197	29.85
22	16,23	218	35.45
22	16,23	219	58.66
22	16,23	236	56.27
22	16,23	240	53.15
22	16,23	252	29.23
22	16,23	253	55.89
22	16,23	255	49.90
22	16,23	256	43.15
22	16,23	265	30.83
22	16,23	268	26.48
22	16,23	274	57.77
22	16,23	275	27.58
22	16,23	282	43.52
22	16,23	308	33.15
22	16,23	326	59.41
22	16,23	330	50.28
22	16,23	338	66.49
22	16,23	347	51.17
22	16,23	348	28.52
22	16,23	355	39.41
22	16,23	368	62.17
22	16,23	371	26.65
22	16,23	373	49.41
22	16,23	374	30.85
22	16,23	377	30.24
22	16,23	379	31.83
22	16,23	381	31.83
22	16,23	382	47.13
22	16,23	386	30.15
22	16,23	397	51.52
22	16,23	399	61.62
22	16,23	411	26.89
22	16,23	414	61.66
22	16,23	417	28.68
22	16,23	423	29.72
22	16,23	427	38.66
22	16,23	429	40.85
22	16,23	440	28.70
22	16,23	449	47.27
22	16,23	450	27.58
22	16,23	455	46.48
22	16,23	457	46.73
22	16,23	459	30.14
22	16,31	38	55.20
22	16,31	48	55.59
22	16,31	53	57.69
22	16,31	101	35.77
22	16,31	139	46.23
22	16,31	148	54.85
22	16,31	163	44.45
22	16,31	168	41.77
22	16,31	177	50.89
22	16,31	219	66.77
22	16,31	236	66.14
22	16,31	240	56.69
22	16,31	253	64.06
22	16,31	255	57.63
22	16,31	256	53.79
22	16,31	274	63.20
22	16,31	282	51.07
22	16,31	326	68.56
22	16,31	338	75.41
22	16,31	355	46.62
22	16,31	368	72.04
22	16,31	399	70.54
22	16,31	414	69.77
22	17	8	44.01
22	17	11	32.17
22	17	20	22.85
22	17	21	52.49
22	17	35	18.01
22	17	40	21.41
22	17	43	67.72
22	17	52	39.75
22	17	58	20.82
22	17	75	23.07
22	17	85	28.14
22	17	114	24.18
22	17	116	29.48
22	17	121	42.69
22	17	122	43.52
22	17	150	22.24
22	17	160	18.23
22	17	206	45.79
22	17	225	35.37
22	17	235	15.82
22	17	248	33.92
22	17	251	64.59
22	17	254	33.49
22	17	262	21.61
22	17	264	43.03
22	17	266	47.04
22	17	272	22.77
22	17	278	35.27
22	17	317	33.93
22	17	332	23.56
22	17	344	21.08
22	17	356	53.77
22	17	391	22.11
22	17	392	24.37
22	17	400	23.51
22	17	403	41.10
22	17	432	17.06
22	17,24	8	57.89
22	17,24	11	46.49
22	17,24	20	36.65
22	17,24	35	32.10
22	17,24	40	37.04
22	17,24	58	34.83
22	17,24	75	37.76
22	17,24	114	38.69
22	17,24	116	43.99
22	17,24	121	58.52
22	17,24	122	58.42
22	17,24	150	36.59
22	17,24	160	32.75
22	17,24	206	59.56
22	17,24	225	62.66
22	17,24	235	29.85
22	17,24	254	49.80
22	17,24	262	37.49
22	17,24	264	66.49
22	17,24	266	61.03
22	17,24	272	37.45
22	17,24	278	44.51
22	17,24	317	49.66
22	17,24	344	35.85
22	17,24	391	36.06
22	17,24	392	40.03
22	17,24	400	38.14
22	17,24	403	56.27
22	17,24	432	31.63
22	18	7	18.87
22	18	30	48.89
22	18	59	33.46
22	18	67	45.77
22	18	74	39.30
22	18	79	54.13
22	18	82	20.24
22	18	89	19.62
22	18	90	16.44
22	18	95	21.13
22	18	99	24.63
22	18	100	44.01
22	18	102	47.96
22	18	119	29.73
22	18	127	40.15
22	18	128	56.49
22	18	135	33.52
22	18	137	17.75
22	18	140	22.80
22	18	141	37.97
22	18	145	34.72
22	18	152	26.97
22	18	154	21.61
22	18	159	38.37
22	18	172	38.76
22	18	174	18.17
22	18	187	36.79
22	18	191	29.11
22	18	193	16.42
22	18	200	19.70
22	18	205	20.70
22	18	212	54.82
22	18	222	37.56
22	18	224	49.24
22	18	237	33.17
22	18	287	41.23
22	18	289	59.13
22	18	290	19.90
22	18	294	27.10
22	18	296	48.79
22	18	297	32.11
22	18	299	20.00
22	18	331	22.42
22	18	341	19.34
22	18	345	47.01
22	18	354	54.46
22	18	359	23.86
22	18	378	49.24
22	18	383	62.55
22	18	419	19.55
22	18	428	18.13
22	18	431	18.28
22	18	434	18.39
22	18	442	36.90
22	19	3	18.63
22	19	12	19.14
22	19	16	32.87
22	19	23	40.58
22	19	32	40.45
22	19	53	41.24
22	19	55	28.54
22	19	73	20.61
22	19	125	35.21
22	19	156	52.13
22	19	158	20.10
22	19	203	54.10
22	19	213	28.99
22	19	239	41.38
22	19	244	23.59
22	19	249	22.77
22	19	270	26.39
22	19	273	40.66
22	19	279	20.27
22	19	280	33.70
22	19	310	30.54
22	19	327	28.80
22	19	339	41.34
22	19	357	17.31
22	19	358	18.77
22	19	360	61.28
22	19	362	48.10
22	19	372	22.75
22	19	380	27.01
22	19	382	33.23
22	19	388	18.04
22	19	395	40.51
22	19	407	18.58
22	19	412	34.42
22	19	417	21.03
22	19	420	19.14
22	19	421	17.13
22	19	422	17.59
22	19	440	21.00
22	19	441	18.55
22	19	458	18.76
22	19	459	18.07
22	19	464	51.82
22	20	4	14.32
22	20	6	26.17
22	20	15	30.15
22	20	17	16.45
22	20	25	18.69
22	20	27	18.06
22	20	34	36.83
22	20	54	27.97
22	20	62	17.21
22	20	63	21.97
22	20	64	15.75
22	20	69	40.75
22	20	88	32.20
22	20	91	18.24
22	20	96	43.48
22	20	107	19.82
22	20	115	14.27
22	20	118	35.15
22	20	120	56.35
22	20	123	20.37
22	20	129	33.87
22	20	136	37.94
22	20	169	26.34
22	20	182	14.14
22	20	201	33.01
22	20	210	21.63
22	20	214	17.28
22	20	216	20.69
22	20	226	34.07
22	20	245	18.39
22	20	257	43.24
22	20	260	23.63
22	20	298	53.61
22	20	300	15.59
22	20	312	22.83
22	20	313	32.65
22	20	316	23.77
22	20	318	20.85
22	20	320	37.58
22	20	324	20.69
22	20	346	17.06
22	20	352	17.55
22	20	364	28.83
22	20	370	42.39
22	20	385	26.58
22	20	404	13.24
22	20	410	25.27
22	20	415	15.06
22	20	425	19.15
22	20	426	22.56
22	20	433	25.49
22	20	435	13.34
22	20	448	19.54
22	20	451	18.41
22	20	452	33.82
22	21	4	12.45
22	21	6	25.11
22	21	15	21.21
22	21	25	11.04
22	21	27	9.37
22	21	34	27.51
22	21	54	17.06
22	21	62	9.69
22	21	64	12.89
22	21	69	31.92
22	21	88	30.89
22	21	96	35.39
22	21	107	8.83
22	21	115	13.94
22	21	118	28.59
22	21	123	10.96
22	21	129	23.39
22	21	146	13.85
22	21	169	30.41
22	21	182	13.62
22	21	201	24.93
22	21	210	13.21
22	21	214	10.44
22	21	216	14.41
22	21	226	23.13
22	21	243	23.56
22	21	245	13.65
22	21	247	15.01
22	21	257	36.23
22	21	260	11.18
22	21	300	11.63
22	21	311	13.39
22	21	312	16.77
22	21	313	25.48
22	21	316	12.62
22	21	320	35.25
22	21	324	10.69
22	21	346	15.52
22	21	352	16.41
22	21	366	12.94
22	21	370	37.85
22	21	385	24.01
22	21	404	13.45
22	21	410	20.34
22	21	415	14.45
22	21	425	10.01
22	21	426	10.51
22	21	433	16.72
22	21	435	13.37
22	21	444	18.82
22	21	448	9.25
22	21	451	11.10
22	21	452	25.96
22	22	9	30.04
22	22	38	39.34
22	22	39	47.01
22	22	48	40.54
22	22	53	44.17
22	22	101	20.70
22	22	104	51.59
22	22	112	48.31
22	22	139	34.11
22	22	148	39.56
22	22	163	24.03
22	22	168	27.93
22	22	177	34.89
22	22	219	51.69
22	22	236	48.70
22	22	240	42.08
22	22	253	49.11
22	22	256	36.58
22	22	270	35.45
22	22	273	45.20
22	22	274	47.48
22	22	282	37.00
22	22	326	52.01
22	22	338	59.94
22	22	355	31.03
22	22	368	55.49
22	22	382	40.20
22	22	395	31.82
22	22	399	54.66
22	22	414	54.56
22	22,23	9	36.62
22	22,23	38	45.55
22	22,23	48	47.32
22	22,23	53	50.35
22	22,23	101	27.42
22	22,23	139	40.27
22	22,23	148	45.87
22	22,23	163	29.96
22	22,23	168	33.83
22	22,23	177	42.30
22	22,23	219	58.51
22	22,23	236	56.63
22	22,23	240	50.37
22	22,23	253	55.76
22	22,23	256	43.68
22	22,23	270	41.63
22	22,23	274	61.87
22	22,23	282	43.42
22	22,23	326	59.65
22	22,23	338	66.89
22	22,23	355	37.72
22	22,23	368	62.62
22	22,23	382	46.99
22	22,23	399	61.61
22	22,23	414	61.38
22	22,27	38	61.66
22	22,27	48	62.68
22	22,27	101	42.00
22	22,27	139	52.14
22	22,27	148	59.27
22	22,27	168	42.54
22	22,27	177	58.96
22	22,27	219	73.85
22	22,27	236	75.73
22	22,27	240	64.03
22	22,27	256	64.38
22	22,27	355	47.41
22	22,27	368	80.45
22	22,27	399	78.59
22	22,31	38	53.93
22	22,31	48	53.94
22	22,31	53	57.18
22	22,31	101	33.93
22	22,31	139	47.39
22	22,31	148	54.93
22	22,31	163	40.11
22	22,31	168	39.21
22	22,31	177	49.75
22	22,31	219	65.15
22	22,31	236	65.03
22	22,31	240	57.69
22	22,31	253	63.52
22	22,31	256	50.86
22	22,31	274	61.56
22	22,31	282	48.55
22	22,31	326	66.13
22	22,31	338	75.41
22	22,31	355	44.15
22	22,31	368	72.38
22	22,31	399	68.85
22	22,31	414	68.27
22	23	3	17.38
22	23	9	24.24
22	23	14	27.75
22	23	38	35.17
22	23	39	39.56
22	23	41	13.46
22	23	48	35.54
22	23	53	39.68
22	23	66	24.54
22	23	77	34.51
22	23	94	36.65
22	23	101	14.62
22	23	104	47.07
22	23	109	36.45
22	23	112	42.37
22	23	113	35.65
22	23	133	30.82
22	23	139	28.54
22	23	148	33.49
22	23	163	20.00
22	23	168	22.96
22	23	177	29.25
22	23	192	53.80
22	23	197	16.66
22	23	218	23.11
22	23	219	46.69
22	23	236	42.18
22	23	240	39.13
22	23	252	16.03
22	23	253	44.07
22	23	255	38.76
22	23	256	29.38
22	23	265	16.28
22	23	268	13.21
22	23	270	29.89
22	23	274	35.54
22	23	275	13.62
22	23	282	32.32
22	23	308	20.21
22	23	326	46.04
22	23	330	36.32
22	23	338	54.03
22	23	347	36.45
22	23	348	14.99
22	23	355	28.13
22	23	368	48.97
22	23	371	13.79
22	23	373	35.42
22	23	374	16.89
22	23	377	16.27
22	23	379	17.86
22	23	381	16.56
22	23	382	35.20
22	23	386	17.44
22	23	397	38.46
22	23	399	49.08
22	23	411	12.92
22	23	414	49.63
22	23	417	15.82
22	23	423	16.73
22	23	427	23.75
22	23	429	21.11
22	23	440	15.85
22	23	449	34.41
22	23	450	14.72
22	23	455	26.17
22	23	457	33.66
22	23	459	17.37
22	23,31	38	49.79
22	23,31	48	49.85
22	23,31	53	53.61
22	23,31	101	31.87
22	23,31	139	43.25
22	23,31	148	50.27
22	23,31	163	34.00
22	23,31	168	37.34
22	23,31	177	45.35
22	23,31	219	61.06
22	23,31	236	60.11
22	23,31	240	60.06
22	23,31	253	59.39
22	23,31	255	51.07
22	23,31	256	45.56
22	23,31	274	61.55
22	23,31	282	44.80
22	23,31	326	61.56
22	23,31	338	70.96
22	23,31	355	40.59
22	23,31	368	67.58
22	23,31	399	64.39
22	23,31	414	64.17
22	24	8	45.31
22	24	11	34.01
22	24	20	23.66
22	24	21	50.04
22	24	35	18.63
22	24	40	23.18
22	24	43	68.96
22	24	52	41.70
22	24	58	21.72
22	24	75	24.89
22	24	114	24.83
22	24	116	30.72
22	24	121	44.55
22	24	122	45.52
22	24	150	22.94
22	24	160	19.41
22	24	206	47.80
22	24	225	45.54
22	24	235	17.42
22	24	248	35.79
22	24	251	65.82
22	24	254	35.27
22	24	262	22.10
22	24	264	51.80
22	24	266	48.62
22	24	272	23.46
22	24	278	31.69
22	24	317	35.86
22	24	344	21.80
22	24	356	55.11
22	24	391	22.94
22	24	392	24.79
22	24	400	24.28
22	24	403	42.23
22	24	432	18.52
22	25	1	30.31
22	25	5	39.99
22	25	22	18.83
22	25	60	18.83
22	25	61	39.75
22	25	78	39.20
22	25	80	31.31
22	25	83	13.10
22	25	97	45.79
22	25	130	45.38
22	25	143	16.70
22	25	144	18.86
22	25	147	22.25
22	25	153	29.49
22	25	155	21.86
22	25	176	48.46
22	25	179	44.11
22	25	190	14.06
22	25	196	33.46
22	25	208	17.37
22	25	209	18.97
22	25	217	37.93
22	25	223	43.99
22	25	230	17.80
22	25	246	15.62
22	25	259	38.06
22	25	261	33.63
22	25	283	52.89
22	25	292	15.00
22	25	305	25.72
22	25	309	30.44
22	25	319	21.44
22	25	334	46.52
22	25	335	16.24
22	25	343	11.62
22	25	350	41.62
22	25	365	43.18
22	25	369	15.06
22	25	384	17.10
22	25	398	19.77
22	25	406	29.35
22	25	446	36.24
22	25	456	17.37
22	25	461	16.21
22	26	2	18.35
22	26	10	34.45
22	26	13	55.39
22	26	33	31.63
22	26	42	21.49
22	26	80	28.46
22	26	111	17.85
22	26	117	29.59
22	26	131	47.46
22	26	142	39.62
22	26	153	30.99
22	26	157	51.86
22	26	162	20.00
22	26	170	41.39
22	26	171	14.34
22	26	179	40.34
22	26	184	34.17
22	26	194	28.04
22	26	199	37.85
22	26	204	27.49
22	26	208	17.70
22	26	209	18.52
22	26	215	14.86
22	26	221	26.99
22	26	230	16.31
22	26	233	50.00
22	26	242	45.54
22	26	269	35.20
22	26	281	26.32
22	26	283	54.37
22	26	285	31.58
22	26	309	26.58
22	26	333	35.96
22	26	361	21.89
22	26	369	18.08
22	26	401	29.68
22	26	409	32.03
22	26	418	15.01
22	26	430	14.34
22	26	437	19.48
22	26	438	15.14
22	26	447	33.56
22	26	463	43.89
22	27	18	44.97
22	27	38	37.72
22	27	39	41.31
22	27	48	39.20
22	27	49	17.04
22	27	101	18.41
22	27	112	40.03
22	27	139	35.08
22	27	148	34.82
22	27	168	21.38
22	27	177	33.45
22	27	207	35.59
22	27	219	51.55
22	27	236	46.52
22	27	240	44.34
22	27	255	39.76
22	27	256	32.66
22	27	277	52.61
22	27	355	26.93
22	27	368	50.80
22	27	399	54.55
22	28	45	52.68
22	28	71	24.82
22	28	79	54.56
22	28	82	22.28
22	28	89	21.30
22	28	90	25.90
22	28	93	55.68
22	28	100	47.52
22	28	106	68.46
22	28	110	22.14
22	28	137	26.62
22	28	138	59.49
22	28	141	41.23
22	28	149	23.23
22	28	159	46.79
22	28	167	39.82
22	28	185	22.86
22	28	186	22.75
22	28	187	38.48
22	28	193	20.90
22	28	211	49.54
22	28	212	56.87
22	28	224	48.37
22	28	232	36.23
22	28	234	43.86
22	28	241	24.58
22	28	276	24.69
22	28	284	68.21
22	28	287	40.87
22	28	290	21.07
22	28	297	35.54
22	28	307	37.87
22	28	329	24.03
22	28	378	54.21
22	28	394	24.15
22	28	408	31.89
22	28	442	46.70
22	28,30	79	68.70
22	28,30	90	44.61
22	28,30	110	35.62
22	28,30	137	43.24
22	28,30	141	56.03
22	28,30	149	41.32
22	28,30	167	56.96
22	28,30	187	53.39
22	28,30	224	64.32
22	28,30	297	50.56
22	28,30	307	52.72
22	29	45	54.56
22	29	70	31.41
22	29	71	26.75
22	29	79	57.01
22	29	82	26.01
22	29	89	25.10
22	29	90	25.27
22	29	93	57.31
22	29	95	28.41
22	29	106	72.56
22	29	110	22.87
22	29	127	36.54
22	29	137	25.83
22	29	138	52.24
22	29	141	45.23
22	29	149	23.27
22	29	159	46.94
22	29	167	40.10
22	29	187	39.06
22	29	193	22.62
22	29	211	43.39
22	29	212	58.39
22	29	224	52.76
22	29	234	43.42
22	29	241	27.99
22	29	287	43.75
22	29	289	62.41
22	29	290	24.52
22	29	294	37.18
22	29	297	32.85
22	29	303	54.59
22	29	307	40.56
22	29	353	22.01
22	29	378	56.66
22	29	402	44.52
22	29	442	45.62
22	29,30	70	45.76
22	29,30	79	75.35
22	29,30	90	46.41
22	29,30	95	45.21
22	29,30	110	43.93
22	29,30	127	48.17
22	29,30	137	45.07
22	29,30	141	63.20
22	29,30	149	42.54
22	29,30	167	58.65
22	29,30	187	58.59
22	29,30	224	66.76
22	29,30	289	70.70
22	29,30	294	55.86
22	29,30	297	61.18
22	29,30	307	59.28
22	29,30	353	38.96
22	29,30	402	60.77
22	30	70	24.13
22	30	79	53.11
22	30	84	20.23
22	30	90	19.54
22	30	95	21.13
22	30	98	20.13
22	30	110	19.66
22	30	127	35.99
22	30	137	18.46
22	30	141	39.66
22	30	149	18.86
22	30	159	41.97
22	30	167	40.63
22	30	187	35.51
22	30	224	50.73
22	30	289	55.90
22	30	294	32.07
22	30	297	37.46
22	30	303	46.75
22	30	307	35.76
22	30	342	41.83
22	30	351	39.94
22	30	353	16.66
22	30	378	46.55
22	30	402	36.68
22	31	18	45.25
22	31	38	40.61
22	31	39	48.93
22	31	48	40.24
22	31	53	44.94
22	31	101	19.79
22	31	104	50.42
22	31	112	46.66
22	31	139	34.92
22	31	148	40.65
22	31	163	28.35
22	31	168	26.61
22	31	177	34.86
22	31	192	58.01
22	31	207	40.39
22	31	219	51.42
22	31	236	48.62
22	31	240	43.07
22	31	253	49.90
22	31	255	42.07
22	31	256	34.61
22	31	274	47.17
22	31	282	35.79
22	31	326	50.66
22	31	338	60.87
22	31	355	31.44
22	31	368	57.01
22	31	399	54.31
22	31	414	54.54
22	32	47	33.96
22	32	57	13.30
22	32	68	34.23
22	32	81	43.49
22	32	105	18.15
22	32	151	14.97
22	32	175	49.54
22	32	220	42.83
22	32	227	20.14
22	32	267	15.83
22	32	291	16.23
22	32	349	24.31
22	32	405	15.75
22	32	443	34.37
