Task=106 Orders=50 Vehicles=446 Scores=2232
106	1	53	16.00
106	1	56	22.37
106	1	70	13.11
106	1	73	44.83
106	1	77	34.59
106	1	87	49.59
106	1	104	34.34
106	1	106	25.48
106	1	122	34.72
106	1	123	35.70
106	1	125	63.24
106	1	146	39.65
106	1	195	36.10
106	1	205	13.63
106	1	239	34.14
106	1	254	57.00
106	1	276	29.97
106	1	292	41.94
106	1	310	31.87
106	1	325	9.39
106	1	327	38.63
106	1	336	33.28
106	1	343	24.77
106	1	350	25.00
106	1	362	42.52
106	1	377	40.23
106	1	384	37.68
106	1	385	25.63
106	1	387	30.97
106	1	402	11.04
106	1	425	49.82
106	1	432	23.46
106	1	437	30.00
106	1,3	53	34.38
106	1,3	56	41.89
106	1,3	104	51.31
106	1,3	122	52.77
106	1,3	123	52.56
106	1,3	146	55.51
106	1,3	205	30.48
106	1,3	239	50.63
106	1,3	276	46.61
106	1,3	292	58.52
106	1,3	310	49.89
106	1,3	325	26.27
106	1,3	327	60.25
106	1,3	336	50.52
106	1,3	343	46.00
106	1,3	350	48.49
106	1,3	362	59.51
106	1,3	385	42.87
106	1,3	387	46.79
106	1,3	402	28.24
106	1,3	432	42.69
106	1,3	437	47.24
106	1,40	53	29.13
106	1,40	56	36.45
106	1,40	70	25.17
106	1,40	77	46.41
106	1,40	87	62.37
106	1,40	104	46.14
106	1,40	106	36.89
106	1,40	122	47.87
106	1,40	123	47.66
106	1,40	146	51.13
106	1,40	195	47.62
106	1,40	205	25.63
106	1,40	239	45.99
106	1,40	276	41.80
106	1,40	292	53.87
106	1,40	310	44.59
106	1,40	325	21.49
106	1,40	327	53.37
106	1,40	336	45.58
106	1,40	343	39.44
106	1,40	350	41.94
106	1,40	362	55.00
106	1,40	385	37.93
106	1,40	387	42.39
106	1,40	402	26.14
106	1,40	432	37.76
106	1,40	437	42.30
106	2	6	48.24
106	2	7	52.68
106	2	19	31.90
106	2	35	63.79
106	2	46	42.00
106	2	61	48.59
106	2	93	64.52
106	2	94	66.56
106	2	144	36.80
106	2	194	42.42
106	2	216	47.93
106	2	257	45.46
106	2	340	56.59
106	2	382	46.04
106	2	410	42.30
106	2,16	7	69.46
106	2,16	19	44.08
106	2,16	35	76.90
106	2,16	46	52.97
106	2,16	61	61.27
106	2,16	144	48.32
106	2,16	194	52.62
106	2,16	216	65.65
106	2,16	257	60.87
106	2,16	410	54.32
106	2,17	6	66.85
106	2,17	19	41.80
106	2,17	46	60.07
106	2,17	144	53.69
106	2,17	216	63.14
106	2,17	410	63.27
106	2,25	6	61.86
106	2,25	7	66.70
106	2,25	19	44.46
106	2,25	35	75.94
106	2,25	46	55.52
106	2,25	61	61.35
106	2,25	144	50.18
106	2,25	194	56.15
106	2,25	216	65.15
106	2,25	257	59.39
106	2,25	382	59.28
106	2,25	410	56.06
106	2,29	6	70.87
106	2,29	7	76.94
106	2,29	19	52.04
106	2,29	35	85.92
106	2,29	46	64.73
106	2,29	61	69.18
106	2,29	144	59.28
106	2,29	194	65.37
106	2,29	216	74.73
106	2,29	257	68.39
106	2,29	382	67.66
106	2,29	410	65.27
106	2,50	6	65.00
106	2,50	19	50.45
106	2,50	46	60.48
106	2,50	144	55.06
106	2,50	216	67.85
106	2,50	410	61.00
106	3	53	22.45
106	3	56	32.65
106	3	73	52.13
106	3	104	40.42
106	3	122	40.27
106	3	123	43.03
106	3	125	69.15
106	3	146	45.20
106	3	158	25.27
106	3	161	62.66
106	3	199	55.39
106	3	205	20.03
106	3	226	50.62
106	3	239	37.52
106	3	254	61.83
106	3	262	19.54
106	3	276	33.08
106	3	292	50.49
106	3	310	36.10
106	3	313	47.01
106	3	325	17.49
106	3	327	42.03
106	3	336	42.18
106	3	343	35.23
106	3	350	39.85
106	3	360	52.04
106	3	362	47.48
106	3	377	46.23
106	3	385	31.86
106	3	387	37.03
106	3	400	34.28
106	3	402	18.25
106	3	425	55.70
106	3	432	29.37
106	3	437	38.96
106	3,37	56	58.11
106	3,37	104	63.13
106	3,37	123	65.54
106	3,37	146	65.51
106	3,37	161	81.73
106	3,37	199	75.85
106	3,37	205	43.44
106	3,37	226	71.07
106	3,37	239	60.00
106	3,37	276	56.23
106	3,37	292	70.15
106	3,37	310	58.30
106	3,37	325	39.04
106	3,37	327	59.82
106	3,37	336	63.48
106	3,37	343	58.80
106	3,37	350	58.87
106	3,37	362	61.85
106	3,37	385	55.93
106	3,37	387	56.18
106	3,37	400	54.97
106	3,37	402	41.55
106	3,37	432	52.20
106	3,37	437	60.18
106	3,40	53	36.14
106	3,40	56	46.54
106	3,40	104	53.03
106	3,40	122	54.39
106	3,40	123	54.18
106	3,40	146	56.92
106	3,40	205	32.25
106	3,40	239	52.15
106	3,40	276	48.20
106	3,40	292	60.04
106	3,40	310	51.66
106	3,40	325	28.30
106	3,40	327	62.66
106	3,40	336	52.17
106	3,40	343	49.94
106	3,40	350	49.27
106	3,40	362	60.97
106	3,40	385	44.52
106	3,40	387	48.21
106	3,40	402	30.03
106	3,40	432	45.34
106	3,40	437	48.89
106	4	12	29.65
106	4	32	68.18
106	4	40	22.83
106	4	58	21.07
106	4	118	53.46
106	4	124	43.56
106	4	133	26.41
106	4	145	54.89
106	4	162	33.11
106	4	169	29.48
106	4	174	39.97
106	4	210	48.68
106	4	244	46.31
106	4	284	53.00
106	4	285	26.68
106	4	293	55.77
106	4	309	53.77
106	4	332	54.31
106	4	388	37.61
106	4	405	43.39
106	4,11	32	84.99
106	4,11	40	35.13
106	4,11	58	34.90
106	4,11	162	46.63
106	4,11	285	41.85
106	4,11	293	68.23
106	4,11	309	66.35
106	4,11	388	51.42
106	4,11	405	56.35
106	4,14	12	56.03
106	4,14	32	92.51
106	4,14	40	38.77
106	4,14	58	41.30
106	4,14	118	76.11
106	4,14	162	58.56
106	4,14	174	61.65
106	4,14	210	74.30
106	4,14	284	66.35
106	4,14	293	67.39
106	4,14	309	76.85
106	4,14	332	67.35
106	4,14	388	63.27
106	4,22	12	39.92
106	4,22	32	78.99
106	4,22	58	30.45
106	4,22	124	52.17
106	4,22	169	39.75
106	4,22	174	53.99
106	4,22	244	55.86
106	4,22	285	37.14
106	4,22	293	66.63
106	4,22	309	63.01
106	4,22	388	46.99
106	4,22	405	52.30
106	4,23	124	59.61
106	4,23	169	49.54
106	4,23	174	55.37
106	4,23	244	64.38
106	4,23	285	46.27
106	4,23	293	73.45
106	4,23	405	60.08
106	5	6	51.44
106	5	19	25.61
106	5	27	25.44
106	5	39	58.32
106	5	46	43.46
106	5	47	28.85
106	5	84	32.82
106	5	90	38.25
106	5	93	60.00
106	5	94	61.35
106	5	114	44.39
106	5	144	36.72
106	5	151	62.92
106	5	163	64.13
106	5	181	41.65
106	5	216	37.63
106	5	301	43.21
106	5	363	47.24
106	5	371	63.17
106	5	410	46.55
106	5,7	6	70.52
106	5,7	46	55.03
106	5,7	90	54.13
106	5,7	216	70.06
106	5,7	363	59.04
106	5,7	410	58.37
106	5,16	19	39.76
106	5,16	46	54.30
106	5,16	84	45.39
106	5,16	144	49.62
106	5,16	216	60.45
106	5,16	410	55.63
106	5,17	6	58.86
106	5,17	19	33.56
106	5,17	27	33.07
106	5,17	46	51.80
106	5,17	90	44.68
106	5,17	144	44.97
106	5,17	216	69.31
106	5,17	301	52.07
106	5,17	363	55.46
106	5,17	410	55.13
106	5,18	6	73.52
106	5,18	19	46.38
106	5,18	27	46.75
106	5,18	46	65.93
106	5,18	47	54.77
106	5,18	84	55.58
106	5,18	90	58.03
106	5,18	114	65.14
106	5,18	181	71.94
106	5,18	216	70.45
106	5,18	301	66.94
106	5,18	363	70.63
106	5,18	410	69.13
106	5,30	19	34.00
106	5,30	46	57.59
106	5,30	144	52.92
106	5,30	216	60.58
106	5,30	410	59.15
106	5,41	6	61.93
106	5,41	19	37.79
106	5,41	27	37.46
106	5,41	46	53.82
106	5,41	47	41.58
106	5,41	84	44.17
106	5,41	144	47.24
106	5,41	181	57.97
106	5,41	216	68.08
106	5,41	363	59.86
106	5,41	410	56.25
106	5,43	6	63.31
106	5,43	19	37.85
106	5,43	46	57.44
106	5,43	47	45.41
106	5,43	84	46.54
106	5,43	90	50.18
106	5,43	114	57.82
106	5,43	181	63.83
106	5,43	216	66.01
106	5,43	301	57.27
106	5,43	363	61.80
106	5,43	410	61.24
106	6	8	21.85
106	6	9	19.86
106	6	10	18.51
106	6	16	26.03
106	6	18	40.39
106	6	20	18.61
106	6	24	25.23
106	6	28	43.62
106	6	49	55.93
106	6	50	16.63
106	6	69	20.58
106	6	72	21.49
106	6	75	24.75
106	6	79	25.70
106	6	82	29.62
106	6	85	41.31
106	6	91	17.23
106	6	97	36.73
106	6	99	40.17
106	6	102	41.28
106	6	112	31.77
106	6	115	58.94
106	6	128	21.37
106	6	143	39.44
106	6	154	30.96
106	6	168	45.35
106	6	176	46.21
106	6	180	44.17
106	6	183	34.31
106	6	184	47.31
106	6	189	48.75
106	6	202	20.04
106	6	211	16.13
106	6	218	49.69
106	6	222	28.04
106	6	229	18.56
106	6	233	22.03
106	6	236	16.89
106	6	243	22.45
106	6	245	50.68
106	6	247	33.54
106	6	249	49.06
106	6	255	22.13
106	6	264	38.44
106	6	270	45.52
106	6	271	33.90
106	6	282	47.77
106	6	283	29.28
106	6	290	52.59
106	6	300	20.42
106	6	304	20.76
106	6	312	18.99
106	6	316	50.13
106	6	324	18.25
106	6	337	26.04
106	6	341	21.55
106	6	358	16.76
106	6	359	41.04
106	6	361	22.35
106	6	373	44.34
106	6	396	39.34
106	6	418	26.93
106	6	426	34.93
106	6	428	20.86
106	6	440	36.79
106	6,19	9	39.70
106	6,19	10	39.34
106	6,19	28	69.72
106	6,19	82	51.93
106	6,19	91	38.00
106	6,19	143	64.15
106	6,19	180	66.06
106	6,19	184	72.13
106	6,19	211	41.06
106	6,19	247	57.86
106	6,19	249	71.13
106	6,19	283	51.27
106	6,19	290	80.27
106	6,19	312	40.06
106	6,19	316	72.89
106	6,19	324	39.56
106	6,19	358	36.85
106	6,19	359	50.82
106	6,19	396	62.41
106	7	6	43.14
106	7	39	53.30
106	7	46	41.01
106	7	90	30.04
106	7	93	55.28
106	7	94	62.69
106	7	104	45.08
106	7	151	67.14
106	7	163	70.56
106	7	195	48.10
106	7	199	57.15
106	7	216	40.27
106	7	254	66.20
106	7	363	43.34
106	7	410	44.20
106	7,17	6	57.32
106	7,17	46	54.00
106	7,17	90	42.68
106	7,17	216	65.28
106	7,17	363	56.96
106	7,17	410	57.21
106	7,31	90	51.21
106	7,31	363	63.76
106	7,41	6	61.72
106	7,41	46	57.54
106	7,41	216	62.86
106	7,41	363	70.44
106	7,41	410	58.97
106	8	13	11.96
106	8	25	50.58
106	8	30	14.92
106	8	33	12.08
106	8	55	24.00
106	8	62	30.52
106	8	65	16.03
106	8	78	37.61
106	8	86	14.45
106	8	130	13.80
106	8	141	48.86
106	8	156	11.76
106	8	170	11.11
106	8	179	47.59
106	8	182	19.39
106	8	200	28.32
106	8	203	22.27
106	8	208	17.97
106	8	213	36.55
106	8	234	34.62
106	8	238	36.79
106	8	240	23.79
106	8	251	14.34
106	8	261	39.85
106	8	263	45.55
106	8	296	29.46
106	8	298	31.96
106	8	315	38.62
106	8	317	45.93
106	8	319	24.99
106	8	329	23.03
106	8	348	33.01
106	8	352	14.39
106	8	368	41.66
106	8	380	47.76
106	8	398	12.68
106	8	404	11.94
106	8	421	15.27
106	8	427	28.23
106	8,27	13	37.79
106	8,27	25	75.65
106	8,27	30	41.00
106	8,27	62	59.86
106	8,27	78	51.28
106	8,27	86	41.52
106	8,27	141	74.72
106	8,27	156	37.30
106	8,27	170	39.49
106	8,27	179	73.97
106	8,27	200	51.30
106	8,27	238	60.85
106	8,27	251	41.99
106	8,27	296	55.20
106	8,27	315	62.79
106	8,27	398	36.51
106	9	15	28.80
106	9	36	15.13
106	9	60	48.77
106	9	74	36.58
106	9	152	33.83
106	9	159	17.28
106	9	161	60.93
106	9	199	42.46
106	9	226	48.82
106	9	248	62.27
106	9	266	45.15
106	9	273	36.32
106	9	372	32.24
106	9,32	15	40.27
106	9,32	36	26.72
106	9,32	60	61.68
106	9,32	74	49.30
106	9,32	152	48.56
106	9,32	159	29.28
106	9,32	161	73.93
106	9,32	226	62.32
106	9,32	248	76.04
106	9,32	273	48.94
106	9,32	372	46.06
106	9,36	15	51.06
106	9,36	36	34.77
106	9,36	60	76.18
106	9,36	74	62.63
106	9,36	159	41.93
106	9,36	161	80.37
106	9,36	226	69.96
106	9,36	248	93.79
106	9,36	273	61.73
106	9,36	372	58.83
106	9,39	15	45.77
106	9,39	36	32.86
106	9,39	60	68.27
106	9,39	74	55.44
106	9,39	152	60.08
106	9,39	159	35.85
106	9,39	161	80.17
106	9,39	199	61.54
106	9,39	226	69.44
106	9,39	248	83.96
106	9,39	273	54.85
106	9,39	372	51.61
106	10	4	27.72
106	10	15	29.01
106	10	21	48.73
106	10	29	49.76
106	10	37	36.03
106	10	38	42.14
106	10	48	35.96
106	10	60	39.87
106	10	68	24.23
106	10	71	20.17
106	10	76	31.20
106	10	92	15.63
106	10	109	34.62
106	10	111	21.07
106	10	113	15.85
106	10	126	14.69
106	10	127	20.61
106	10	129	18.03
106	10	134	24.69
106	10	135	39.32
106	10	171	41.66
106	10	178	29.13
106	10	197	17.44
106	10	204	49.25
106	10	217	18.30
106	10	219	39.83
106	10	220	39.20
106	10	242	35.04
106	10	256	28.83
106	10	265	36.39
106	10	268	31.08
106	10	274	52.70
106	10	275	31.06
106	10	280	42.37
106	10	291	17.80
106	10	318	48.00
106	10	323	30.80
106	10	326	48.17
106	10	330	39.01
106	10	331	23.13
106	10	342	17.38
106	10	345	16.61
106	10	349	28.01
106	10	355	28.76
106	10	372	37.28
106	10	376	34.38
106	10	383	17.93
106	10	386	21.18
106	10	393	26.37
106	10	399	42.03
106	10	408	34.37
106	10	409	35.90
106	10	412	25.94
106	10	415	17.62
106	10	417	31.99
106	10	423	22.80
106	10	424	29.96
106	10	431	16.99
106	10	433	39.83
106	10	441	21.04
106	10	443	26.94
106	10	444	13.87
106	10,21	21	71.82
106	10,21	48	56.41
106	10,21	60	65.30
106	10,21	92	33.44
106	10,21	109	59.66
106	10,21	126	35.37
106	10,21	135	62.89
106	10,21	204	73.13
106	10,21	220	60.41
106	10,21	242	58.35
106	10,21	265	58.83
106	10,21	280	66.90
106	10,21	291	38.41
106	10,21	318	74.90
106	10,21	326	73.87
106	10,21	330	57.34
106	10,21	355	49.58
106	10,21	409	60.20
106	10,34	4	39.79
106	10,34	15	40.61
106	10,34	21	61.13
106	10,34	37	46.45
106	10,34	48	45.82
106	10,34	60	52.87
106	10,34	71	32.13
106	10,34	76	42.90
106	10,34	92	24.70
106	10,34	109	45.77
106	10,34	111	34.15
106	10,34	113	30.20
106	10,34	126	24.55
106	10,34	127	30.52
106	10,34	129	29.30
106	10,34	134	36.18
106	10,34	135	50.18
106	10,34	197	29.04
106	10,34	204	61.63
106	10,34	217	27.48
106	10,34	219	50.69
106	10,34	220	51.94
106	10,34	242	45.51
106	10,34	256	40.34
106	10,34	265	46.44
106	10,34	268	44.48
106	10,34	275	43.90
106	10,34	280	53.32
106	10,34	291	28.61
106	10,34	318	60.73
106	10,34	323	42.52
106	10,34	326	61.23
106	10,34	330	49.28
106	10,34	331	35.08
106	10,34	342	29.04
106	10,34	345	28.08
106	10,34	349	45.14
106	10,34	355	42.76
106	10,34	372	49.83
106	10,34	376	47.14
106	10,34	383	29.75
106	10,34	386	34.10
106	10,34	393	37.61
106	10,34	399	54.54
106	10,34	408	45.38
106	10,34	409	52.42
106	10,34	412	36.35
106	10,34	415	27.42
106	10,34	417	44.76
106	10,34	423	34.04
106	10,34	424	36.34
106	10,34	431	25.80
106	10,34	433	50.41
106	10,34	441	37.41
106	10,34	443	38.18
106	10,34	444	24.99
106	11	5	44.30
106	11	22	25.08
106	11	26	26.83
106	11	32	62.96
106	11	40	16.76
106	11	43	47.42
106	11	45	25.68
106	11	52	33.59
106	11	58	16.44
106	11	59	25.66
106	11	80	32.38
106	11	83	15.99
106	11	131	14.69
106	11	139	15.56
106	11	140	30.37
106	11	149	17.17
106	11	155	29.66
106	11	162	24.39
106	11	185	46.83
106	11	193	11.72
106	11	206	16.30
106	11	207	33.75
106	11	223	31.49
106	11	224	15.23
106	11	228	24.99
106	11	230	18.13
106	11	235	37.69
106	11	253	49.51
106	11	259	41.00
106	11	281	29.18
106	11	285	18.27
106	11	293	50.30
106	11	309	41.62
106	11	320	22.42
106	11	344	31.32
106	11	346	46.42
106	11	379	49.27
106	11	381	36.39
106	11	388	34.06
106	11	389	34.90
106	11	405	30.77
106	11	407	15.68
106	11	411	61.44
106	11	414	17.73
106	11	416	18.77
106	11	420	14.90
106	11	434	14.63
106	11	436	29.94
106	12	6	49.41
106	12	27	29.63
106	12	39	47.93
106	12	57	27.46
106	12	90	35.42
106	12	114	42.34
106	12	151	61.20
106	12	163	70.13
106	12	212	45.93
106	12	301	39.66
106	12	363	42.99
106	12	371	60.52
106	12,25	6	63.97
106	12,25	363	63.32
106	12,31	27	49.42
106	12,31	57	37.49
106	12,31	90	48.83
106	12,31	114	52.24
106	12,31	212	61.51
106	12,31	301	49.56
106	12,31	363	59.07
106	13	2	33.52
106	13	17	41.08
106	13	23	51.58
106	13	54	17.80
106	13	81	46.17
106	13	120	43.93
106	13	132	24.15
106	13	150	25.54
106	13	160	44.62
106	13	167	33.93
106	13	172	28.00
106	13	190	44.07
106	13	196	44.93
106	13	209	36.73
106	13	215	38.68
106	13	221	40.75
106	13	260	43.66
106	13	295	52.23
106	13	339	30.08
106	13	357	55.21
106	13	365	40.04
106	13	391	23.59
106	13	403	36.73
106	13	429	42.37
106	13	446	46.96
106	13,26	2	48.68
106	13,26	17	55.89
106	13,26	23	66.80
106	13,26	54	32.13
106	13,26	132	38.55
106	13,26	150	43.25
106	13,26	160	58.96
106	13,26	167	49.30
106	13,26	172	43.39
106	13,26	196	60.68
106	13,26	209	51.89
106	13,26	215	54.03
106	13,26	221	56.31
106	13,26	260	59.38
106	13,26	295	66.70
106	13,26	339	44.92
106	13,26	357	70.51
106	13,26	365	55.61
106	13,26	391	38.90
106	13,26	403	52.08
106	13,26	429	57.69
106	13,26	446	61.70
106	13,47	54	34.37
106	13,47	150	52.18
106	13,47	209	56.77
106	13,47	221	60.97
106	13,47	260	63.73
106	13,47	295	66.03
106	13,47	357	75.46
106	13,47	365	54.54
106	13,47	403	56.45
106	13,47	429	61.79
106	14	12	32.03
106	14	14	18.85
106	14	32	67.01
106	14	40	17.15
106	14	51	53.31
106	14	58	17.48
106	14	96	27.73
106	14	118	48.73
106	14	145	53.51
106	14	148	35.38
106	14	162	31.17
106	14	164	26.65
106	14	174	41.89
106	14	206	23.92
106	14	210	43.18
106	14	284	48.89
106	14	293	50.89
106	14	309	50.70
106	14	332	49.62
106	14	347	27.86
106	14	388	35.49
106	14	406	20.66
106	14	411	60.93
106	14	419	21.77
106	14	420	21.03
106	14,35	12	48.90
106	14,35	32	76.48
106	14,35	40	25.14
106	14,35	51	61.66
106	14,35	58	24.41
106	14,35	96	35.65
106	14,35	118	58.83
106	14,35	148	45.07
106	14,35	162	37.54
106	14,35	174	52.54
106	14,35	206	31.08
106	14,35	210	50.72
106	14,35	284	59.13
106	14,35	293	61.34
106	14,35	309	59.82
106	14,35	332	59.52
106	14,35	347	37.63
106	14,35	388	45.15
106	14,35	406	29.48
106	14,35	419	30.17
106	14,35	420	27.62
106	15	2	33.97
106	15	17	41.52
106	15	23	52.03
106	15	42	47.13
106	15	53	26.28
106	15	54	17.11
106	15	81	45.80
106	15	108	35.77
106	15	120	43.79
106	15	121	50.17
106	15	132	24.54
106	15	150	25.32
106	15	160	45.07
106	15	166	45.82
106	15	167	34.38
106	15	172	27.94
106	15	190	43.58
106	15	196	45.38
106	15	209	37.13
106	15	214	55.37
106	15	215	39.13
106	15	221	40.52
106	15	260	44.11
106	15	262	21.48
106	15	267	37.56
106	15	287	22.97
106	15	294	36.56
106	15	295	52.68
106	15	305	38.30
106	15	333	25.85
106	15	334	53.28
106	15	339	29.04
106	15	357	55.65
106	15	365	39.97
106	15	369	24.46
106	15	374	29.07
106	15	391	23.65
106	15	403	35.96
106	15	429	42.82
106	15	446	47.32
106	15,36	209	53.42
106	15,36	221	57.56
106	15,36	357	72.15
106	15,36	365	56.07
106	15,48	2	48.37
106	15,48	17	55.58
106	15,48	23	69.97
106	15,48	53	42.45
106	15,48	54	30.58
106	15,48	108	51.10
106	15,48	150	43.17
106	15,48	160	58.44
106	15,48	166	61.68
106	15,48	172	42.61
106	15,48	196	64.37
106	15,48	209	51.52
106	15,48	215	55.35
106	15,48	221	55.44
106	15,48	260	63.06
106	15,48	262	36.51
106	15,48	287	40.54
106	15,48	295	66.30
106	15,48	305	53.51
106	15,48	333	43.87
106	15,48	339	46.04
106	15,48	357	70.21
106	15,48	365	54.59
106	15,48	369	40.82
106	15,48	374	44.55
106	15,48	391	38.23
106	15,48	403	50.61
106	15,48	429	59.45
106	15,48	446	65.07
106	16	7	49.96
106	16	19	28.14
106	16	35	59.20
106	16	46	34.79
106	16	61	44.93
106	16	84	30.48
106	16	93	58.41
106	16	94	62.68
106	16	144	30.37
106	16	177	56.54
106	16	194	33.00
106	16	216	38.44
106	16	227	35.23
106	16	257	42.44
106	16	340	53.34
106	16	410	35.89
106	16,25	7	75.24
106	16,25	19	48.94
106	16,25	35	82.15
106	16,25	46	58.39
106	16,25	61	66.21
106	16,25	144	53.70
106	16,25	194	56.82
106	16,25	216	63.92
106	16,25	257	66.24
106	16,25	410	59.73
106	16,41	19	39.80
106	16,41	46	54.10
106	16,41	84	45.93
106	16,41	144	49.00
106	16,41	216	60.85
106	16,41	410	55.44
106	17	6	46.31
106	17	11	39.01
106	17	19	23.79
106	17	27	23.04
106	17	31	59.65
106	17	39	57.51
106	17	44	60.58
106	17	46	39.44
106	17	63	44.28
106	17	90	33.45
106	17	93	56.34
106	17	94	59.31
106	17	117	50.00
106	17	144	33.32
106	17	151	61.94
106	17	163	67.34
106	17	201	49.46
106	17	216	40.68
106	17	241	48.01
106	17	250	47.35
106	17	272	26.76
106	17	278	36.96
106	17	286	23.08
106	17	301	39.52
106	17	328	38.54
106	17	363	39.45
106	17	366	44.06
106	17	371	58.58
106	17	395	37.01
106	17	410	42.39
106	17,18	6	74.41
106	17,18	19	42.58
106	17,18	27	41.39
106	17,18	46	61.30
106	17,18	90	54.07
106	17,18	216	70.99
106	17,18	301	61.75
106	17,18	363	63.55
106	17,18	410	64.49
106	17,41	6	62.28
106	17,41	19	38.14
106	17,41	27	37.41
106	17,41	46	55.39
106	17,41	144	47.75
106	17,41	216	63.32
106	17,41	363	61.00
106	17,41	410	58.04
106	17,43	6	62.20
106	17,43	19	36.92
106	17,43	46	56.31
106	17,43	90	49.21
106	17,43	216	66.55
106	17,43	301	56.01
106	17,43	363	60.03
106	17,43	410	60.10
106	18	6	52.87
106	18	19	28.27
106	18	27	28.75
106	18	39	63.34
106	18	46	45.20
106	18	47	32.30
106	18	84	34.61
106	18	90	39.72
106	18	93	61.39
106	18	94	63.45
106	18	114	45.07
106	18	151	63.92
106	18	163	71.56
106	18	181	51.11
106	18	216	48.62
106	18	301	44.17
106	18	363	47.24
106	18	371	64.25
106	18	410	48.15
106	18,29	6	63.24
106	18,29	19	54.66
106	18,29	46	58.83
106	18,29	216	68.56
106	18,29	363	64.58
106	18,29	410	59.68
106	18,41	6	76.54
106	18,41	19	49.10
106	18,41	27	49.66
106	18,41	46	69.00
106	18,41	47	58.03
106	18,41	84	58.62
106	18,41	181	75.04
106	18,41	216	69.52
106	18,41	363	73.51
106	18,41	410	72.18
106	18,43	6	62.17
106	18,43	19	36.94
106	18,43	46	54.35
106	18,43	47	42.58
106	18,43	84	44.15
106	18,43	90	48.20
106	18,43	114	54.37
106	18,43	181	60.69
106	18,43	216	66.48
106	18,43	301	53.87
106	18,43	363	56.61
106	18,43	410	57.56
106	18,44	6	72.49
106	18,44	19	39.41
106	18,44	46	64.69
106	18,44	216	68.27
106	18,44	410	65.65
106	19	9	20.20
106	19	10	19.18
106	19	28	49.99
106	19	41	24.03
106	19	49	57.07
106	19	66	23.72
106	19	82	31.37
106	19	85	47.11
106	19	91	20.27
106	19	100	23.42
106	19	102	41.69
106	19	107	21.93
106	19	115	58.58
106	19	143	41.55
106	19	180	46.03
106	19	184	51.30
106	19	189	50.69
106	19	211	22.46
106	19	218	53.27
106	19	232	39.13
106	19	247	34.76
106	19	249	50.61
106	19	258	64.63
106	19	269	41.39
106	19	283	31.46
106	19	289	45.08
106	19	290	57.54
106	19	312	21.03
106	19	314	23.59
106	19	316	51.87
106	19	324	19.96
106	19	354	47.45
106	19	358	17.65
106	19	359	27.11
106	19	396	41.24
106	19	401	59.89
106	19	442	43.18
106	19,23	41	38.42
106	19,23	66	45.58
106	19,23	100	40.54
106	19,23	107	38.34
106	19,23	232	57.11
106	19,23	269	60.23
106	19,23	289	65.13
106	19,23	354	61.96
106	20	2	31.63
106	20	3	46.77
106	20	17	42.17
106	20	23	51.58
106	20	42	43.97
106	20	53	25.61
106	20	54	21.83
106	20	77	46.94
106	20	81	38.89
106	20	103	65.23
106	20	106	25.30
106	20	108	34.90
106	20	120	46.38
106	20	121	55.10
106	20	132	22.45
106	20	150	25.34
106	20	160	43.20
106	20	165	20.15
106	20	167	31.82
106	20	172	29.97
106	20	173	60.90
106	20	190	44.62
106	20	196	46.24
106	20	214	57.58
106	20	215	36.77
106	20	221	42.25
106	20	237	56.37
106	20	267	31.68
106	20	277	42.03
106	20	287	24.70
106	20	295	53.24
106	20	305	41.32
106	20	321	26.68
106	20	333	25.63
106	20	335	25.48
106	20	339	34.04
106	20	364	51.17
106	20	370	33.85
106	20	374	24.49
106	20	391	21.62
106	20	403	39.51
106	20	422	52.28
106	20	429	39.17
106	20	446	47.37
106	20,26	2	49.61
106	20,26	17	59.79
106	20,26	23	69.59
106	20,26	53	42.17
106	20,26	54	36.14
106	20,26	77	64.93
106	20,26	106	42.25
106	20,26	108	54.15
106	20,26	132	36.82
106	20,26	150	42.97
106	20,26	160	60.06
106	20,26	165	34.31
106	20,26	167	47.17
106	20,26	172	48.21
106	20,26	196	65.01
106	20,26	215	54.94
106	20,26	221	60.76
106	20,26	267	47.87
106	20,26	287	42.18
106	20,26	295	70.35
106	20,26	305	60.15
106	20,26	333	43.48
106	20,26	339	51.46
106	20,26	370	53.94
106	20,26	374	38.58
106	20,26	391	36.90
106	20,26	403	57.73
106	20,26	429	57.37
106	20,26	446	64.72
106	21	21	54.14
106	21	29	54.56
106	21	38	47.86
106	21	48	42.28
106	21	60	45.59
106	21	92	20.11
106	21	109	42.62
106	21	126	20.27
106	21	135	46.72
106	21	204	54.75
106	21	220	43.35
106	21	242	41.34
106	21	265	43.62
106	21	274	58.99
106	21	280	49.45
106	21	291	23.08
106	21	318	53.75
106	21	326	54.04
106	21	330	42.94
106	21	338	34.93
106	21	355	34.28
106	21	409	47.96
106	21,34	21	61.38
106	21,34	48	49.63
106	21,34	60	53.45
106	21,34	92	27.28
106	21,34	109	50.54
106	21,34	126	27.92
106	21,34	135	54.61
106	21,34	204	62.89
106	21,34	220	52.48
106	21,34	242	48.79
106	21,34	265	50.75
106	21,34	280	57.24
106	21,34	291	30.86
106	21,34	318	60.99
106	21,34	326	62.70
106	21,34	330	50.15
106	21,34	338	42.62
106	21,34	355	42.08
106	21,34	409	62.79
106	22	12	26.87
106	22	32	57.87
106	22	41	19.77
106	22	52	36.24
106	22	58	17.82
106	22	107	18.56
106	22	124	40.80
106	22	140	30.52
106	22	149	23.28
106	22	155	34.07
106	22	169	20.83
106	22	174	37.62
106	22	175	54.31
106	22	185	48.80
106	22	193	21.35
106	22	223	37.65
106	22	244	39.44
106	22	258	60.61
106	22	259	33.45
106	22	285	17.51
106	22	293	52.68
106	22	309	46.31
106	22	388	33.44
106	22	401	56.27
106	22	405	34.35
106	22	414	18.45
106	22	442	47.13
106	22,23	41	33.30
106	22,23	107	33.18
106	22,23	124	55.17
106	22,23	140	46.34
106	22,23	169	37.24
106	22,23	174	50.23
106	22,23	223	55.20
106	22,23	244	56.58
106	22,23	259	46.31
106	22,23	285	34.66
106	22,23	293	68.48
106	22,23	405	50.14
106	23	41	21.23
106	23	66	25.89
106	23	67	54.63
106	23	100	23.58
106	23	107	20.82
106	23	124	44.24
106	23	140	35.55
106	23	169	23.75
106	23	174	41.70
106	23	175	56.24
106	23	223	42.75
106	23	232	40.42
106	23	244	46.06
106	23	258	65.65
106	23	259	35.80
106	23	269	44.11
106	23	285	21.24
106	23	289	50.11
106	23	293	56.87
106	23	354	47.03
106	23	401	62.45
106	23	405	39.61
106	23	442	50.49
106	24	1	41.62
106	24	64	19.73
106	24	67	72.34
106	24	70	19.13
106	24	87	52.54
106	24	88	50.13
106	24	89	36.56
106	24	96	35.27
106	24	122	44.27
106	24	124	39.28
106	24	133	18.75
106	24	137	48.14
106	24	138	34.13
106	24	169	23.68
106	24	174	44.73
106	24	175	50.42
106	24	192	44.70
106	24	244	46.62
106	24	246	22.23
106	24	252	14.96
106	24	292	49.14
106	24	293	54.87
106	24	297	44.87
106	24	307	16.11
106	24	308	22.54
106	24	343	42.39
106	24	350	37.83
106	24	351	20.03
106	24	353	55.01
106	24	375	21.45
106	24	384	44.11
106	24	387	32.39
106	24	392	21.39
106	24	394	47.69
106	24	397	19.89
106	24	413	19.13
106	24	419	20.35
106	24	430	19.13
106	24	437	34.55
106	24,28	1	56.23
106	24,28	64	30.52
106	24,28	70	28.32
106	24,28	87	64.55
106	24,28	96	50.49
106	24,28	122	61.97
106	24,28	124	53.56
106	24,28	133	28.89
106	24,28	138	50.45
106	24,28	169	36.35
106	24,28	174	58.61
106	24,28	192	59.25
106	24,28	244	63.07
106	24,28	246	34.72
106	24,28	252	23.20
106	24,28	292	65.14
106	24,28	293	69.70
106	24,28	297	55.69
106	24,28	307	24.61
106	24,28	308	34.61
106	24,28	343	58.61
106	24,28	350	53.94
106	24,28	351	31.41
106	24,28	353	70.93
106	24,28	375	32.58
106	24,28	387	47.32
106	24,28	392	33.34
106	24,28	397	31.46
106	24,28	413	28.38
106	24,28	419	31.87
106	24,28	430	28.38
106	24,28	437	45.66
106	25	6	47.65
106	25	7	50.77
106	25	19	30.72
106	25	35	65.77
106	25	39	60.75
106	25	46	42.14
106	25	61	48.01
106	25	93	64.30
106	25	94	67.07
106	25	144	36.35
106	25	163	74.00
106	25	194	41.69
106	25	216	49.77
106	25	257	43.38
106	25	340	60.21
106	25	363	47.38
106	25	382	44.75
106	25	410	41.75
106	25,31	363	67.45
106	26	2	34.70
106	26	17	41.90
106	26	23	52.93
106	26	42	47.34
106	26	53	26.07
106	26	54	19.79
106	26	77	47.82
106	26	81	47.44
106	26	106	28.14
106	26	108	36.25
106	26	120	45.61
106	26	121	52.32
106	26	132	25.54
106	26	150	25.31
106	26	160	46.15
106	26	165	23.18
106	26	167	34.96
106	26	172	29.86
106	26	190	44.07
106	26	196	46.70
106	26	209	37.92
106	26	214	56.14
106	26	215	39.63
106	26	221	42.51
106	26	260	45.44
106	26	262	22.21
106	26	267	37.69
106	26	287	23.39
106	26	294	37.48
106	26	295	53.76
106	26	305	40.21
106	26	333	25.80
106	26	334	54.61
106	26	339	31.96
106	26	357	56.35
106	26	365	42.18
106	26	369	23.65
106	26	370	37.68
106	26	374	26.00
106	26	391	24.72
106	26	403	36.35
106	26	429	43.97
106	26	446	48.01
106	26,47	54	31.66
106	26,47	150	43.34
106	26,47	209	52.11
106	26,47	221	57.44
106	26,47	260	60.03
106	26,47	295	63.31
106	26,47	357	70.70
106	26,47	365	52.10
106	26,47	403	50.79
106	26,47	429	58.51
106	27	13	28.93
106	27	25	62.24
106	27	30	28.61
106	27	62	46.63
106	27	78	32.04
106	27	86	30.06
106	27	95	42.59
106	27	141	62.76
106	27	156	27.03
106	27	170	28.24
106	27	179	60.21
106	27	200	41.59
106	27	234	47.48
106	27	238	47.82
106	27	251	31.15
106	27	279	40.04
106	27	296	40.96
106	27	315	49.96
106	27	317	59.46
106	27	398	24.17
106	27,45	30	44.61
106	27,45	95	66.70
106	27,45	141	78.83
106	27,45	279	56.63
106	27,45	296	63.87
106	28	1	38.31
106	28	64	16.06
106	28	67	70.52
106	28	70	14.94
106	28	87	45.30
106	28	88	46.79
106	28	89	32.45
106	28	96	32.90
106	28	122	41.90
106	28	124	36.11
106	28	133	14.41
106	28	137	45.77
106	28	138	31.27
106	28	169	20.23
106	28	174	43.25
106	28	175	46.96
106	28	191	31.55
106	28	192	41.58
106	28	244	43.75
106	28	246	18.21
106	28	252	10.49
106	28	292	45.94
106	28	293	52.48
106	28	297	41.82
106	28	307	11.85
106	28	308	18.65
106	28	343	38.80
106	28	350	34.63
106	28	351	15.92
106	28	353	52.96
106	28	375	17.30
106	28	384	40.93
106	28	387	28.97
106	28	392	17.18
106	28	394	43.65
106	28	397	15.31
106	28	413	15.06
106	28	419	16.58
106	28	430	15.06
106	28	437	30.37
106	28,38	1	54.10
106	28,38	64	31.52
106	28,38	70	34.21
106	28,38	122	60.85
106	28,38	124	53.17
106	28,38	133	34.86
106	28,38	138	44.15
106	28,38	169	36.59
106	28,38	192	55.58
106	28,38	244	60.14
106	28,38	246	33.30
106	28,38	252	29.04
106	28,38	292	64.15
106	28,38	307	28.27
106	28,38	308	33.11
106	28,38	343	63.31
106	28,38	350	52.89
106	28,38	351	31.76
106	28,38	353	65.39
106	28,38	375	32.55
106	28,38	387	42.92
106	28,38	392	35.77
106	28,38	413	30.59
106	28,38	419	34.85
106	28,38	430	30.59
106	29	6	47.69
106	29	7	51.06
106	29	19	32.13
106	29	35	65.31
106	29	39	60.97
106	29	46	43.37
106	29	61	47.94
106	29	93	63.66
106	29	94	67.76
106	29	144	38.21
106	29	194	43.79
106	29	216	51.61
106	29	257	44.04
106	29	340	64.10
106	29	363	43.08
106	29	382	45.42
106	29	410	43.94
106	29,33	6	65.46
106	29,33	7	60.75
106	29,33	19	45.72
106	29,33	35	80.80
106	29,33	46	57.51
106	29,33	61	63.77
106	29,33	144	51.99
106	29,33	194	51.01
106	29,33	216	69.30
106	29,33	257	61.48
106	29,33	382	60.79
106	29,33	410	58.46
106	30	7	42.92
106	30	19	23.08
106	30	35	53.08
106	30	46	28.23
106	30	61	39.44
106	30	93	52.58
106	30	94	56.10
106	30	101	24.42
106	30	116	31.76
106	30	136	35.14
106	30	144	23.92
106	30	177	49.94
106	30	187	34.28
106	30	194	31.97
106	30	216	28.10
106	30	227	29.51
106	30	250	43.77
106	30	257	36.04
106	30	299	31.13
106	30	311	34.00
106	30	340	47.52
106	30	395	27.14
106	30	410	29.55
106	30,41	19	36.69
106	30,41	46	57.62
106	30,41	144	52.92
106	30,41	216	60.63
106	30,41	410	59.17
106	31	27	28.27
106	31	47	34.28
106	31	57	28.37
106	31	90	39.82
106	31	114	42.35
106	31	151	64.42
106	31	163	71.14
106	31	181	54.11
106	31	212	51.58
106	31	301	39.15
106	31	363	47.25
106	31	371	60.38
106	32	15	28.82
106	32	36	18.87
106	32	60	49.27
106	32	74	41.08
106	32	92	19.83
106	32	126	21.14
106	32	152	39.23
106	32	159	20.93
106	32	161	58.52
106	32	226	46.08
106	32	248	62.23
106	32	266	47.80
106	32	273	28.00
106	32	372	36.13
106	32,36	15	53.00
106	32,36	36	44.08
106	32,36	60	78.92
106	32,36	74	58.48
106	32,36	159	47.80
106	32,36	161	87.44
106	32,36	226	77.80
106	32,36	248	96.25
106	32,36	273	55.63
106	32,36	372	64.94
106	33	6	39.65
106	33	7	42.24
106	33	11	35.21
106	33	19	22.99
106	33	35	55.61
106	33	46	31.54
106	33	61	40.51
106	33	63	43.06
106	33	93	55.42
106	33	94	55.85
106	33	101	22.76
106	33	144	26.31
106	33	187	34.37
106	33	194	24.83
106	33	216	41.42
106	33	225	54.73
106	33	241	45.03
106	33	250	44.86
106	33	257	35.34
106	33	278	34.00
106	33	299	40.13
106	33	311	33.52
106	33	322	31.15
106	33	340	57.07
106	33	366	35.93
106	33	382	36.25
106	33	395	26.49
106	33	410	32.27
106	34	4	24.58
106	34	15	27.37
106	34	21	47.35
106	34	29	48.66
106	34	37	35.48
106	34	38	41.55
106	34	48	35.87
106	34	60	37.72
106	34	71	15.75
106	34	76	30.20
106	34	92	12.49
106	34	109	33.80
106	34	111	19.70
106	34	113	15.27
106	34	126	10.77
106	34	127	15.62
106	34	129	17.28
106	34	134	23.99
106	34	135	38.76
106	34	197	15.99
106	34	204	47.01
106	34	217	11.61
106	34	219	38.62
106	34	220	35.93
106	34	242	34.49
106	34	256	28.00
106	34	265	35.90
106	34	268	28.76
106	34	274	50.77
106	34	275	28.68
106	34	280	41.83
106	34	291	15.96
106	34	318	45.23
106	34	323	29.21
106	34	326	45.52
106	34	330	35.85
106	34	331	19.66
106	34	338	25.77
106	34	342	15.65
106	34	345	14.20
106	34	349	36.41
106	34	355	28.45
106	34	372	34.76
106	34	376	31.87
106	34	378	16.03
106	34	383	16.04
106	34	386	16.13
106	34	390	28.11
106	34	393	23.80
106	34	399	39.18
106	34	408	28.51
106	34	409	38.49
106	34	412	21.14
106	34	415	11.15
106	34	417	29.52
106	34	423	21.59
106	34	424	22.72
106	34	431	11.10
106	34	433	37.66
106	34	439	15.85
106	34	441	20.49
106	34	443	24.25
106	34	444	12.25
106	35	12	27.30
106	35	32	61.07
106	35	40	12.44
106	35	51	47.06
106	35	58	10.28
106	35	96	20.21
106	35	118	44.21
106	35	145	48.46
106	35	148	29.35
106	35	149	17.63
106	35	162	23.70
106	35	174	40.08
106	35	206	15.49
106	35	210	35.61
106	35	224	15.52
106	35	284	43.69
106	35	293	40.54
106	35	309	45.04
106	35	332	43.15
106	35	347	20.08
106	35	388	29.75
106	35	406	14.87
106	35	411	54.85
106	35	419	15.69
106	35	420	13.14
106	35	436	29.87
106	36	15	34.62
106	36	36	21.83
106	36	60	52.14
106	36	74	42.13
106	36	123	52.08
106	36	125	75.13
106	36	159	24.07
106	36	161	61.24
106	36	209	44.68
106	36	221	50.45
106	36	226	49.54
106	36	248	67.59
106	36	266	48.44
106	36	273	39.37
106	36	357	62.49
106	36	362	48.30
106	36	365	43.69
106	36	372	40.87
106	36,48	209	60.55
106	36,48	221	64.35
106	36,48	357	79.31
106	36,48	365	63.10
106	37	39	54.37
106	37	56	33.80
106	37	73	53.35
106	37	104	41.72
106	37	123	44.55
106	37	125	68.93
106	37	146	46.14
106	37	161	60.66
106	37	195	43.77
106	37	199	55.18
106	37	205	22.54
106	37	226	48.49
106	37	239	39.69
106	37	254	63.72
106	37	276	35.56
106	37	292	49.72
106	37	310	35.68
106	37	325	18.20
106	37	327	47.08
106	37	336	42.04
106	37	343	37.58
106	37	350	38.31
106	37	360	53.34
106	37	362	48.77
106	37	377	44.54
106	37	385	34.49
106	37	387	36.86
106	37	400	33.54
106	37	402	20.15
106	37	425	56.44
106	37	432	28.21
106	37	437	38.75
106	38	1	43.07
106	38	64	20.58
106	38	67	70.39
106	38	70	21.59
106	38	88	48.23
106	38	89	39.54
106	38	98	21.52
106	38	100	23.45
106	38	105	28.04
106	38	110	20.27
106	38	122	47.39
106	38	124	42.27
106	38	133	21.23
106	38	137	45.18
106	38	138	31.96
106	38	142	22.85
106	38	157	19.85
106	38	169	22.93
106	38	175	47.54
106	38	188	23.56
106	38	191	39.63
106	38	192	44.45
106	38	198	24.32
106	38	237	48.32
106	38	244	47.82
106	38	246	18.65
106	38	252	18.04
106	38	292	52.13
106	38	302	20.72
106	38	306	23.97
106	38	307	16.83
106	38	308	18.89
106	38	316	49.38
106	38	321	23.75
106	38	343	41.38
106	38	350	40.80
106	38	351	18.55
106	38	353	53.39
106	38	370	31.17
106	38	375	19.96
106	38	384	41.37
106	38	387	31.61
106	38	392	21.59
106	38	394	49.24
106	38	401	52.70
106	38	413	18.00
106	38	419	22.25
106	38	430	18.00
106	38	435	34.04
106	39	15	33.18
106	39	36	20.08
106	39	60	53.92
106	39	74	41.38
106	39	152	43.38
106	39	159	22.58
106	39	161	65.82
106	39	199	52.97
106	39	226	54.39
106	39	248	68.48
106	39	266	47.97
106	39	273	40.93
106	39	372	40.14
106	39,46	15	47.52
106	39,46	36	34.93
106	39,46	60	69.79
106	39,46	74	59.31
106	39,46	152	60.46
106	39,46	159	37.68
106	39,46	161	81.27
106	39,46	199	73.06
106	39,46	226	70.65
106	39,46	248	86.49
106	39,46	273	55.86
106	39,46	372	55.41
106	40	53	18.56
106	40	56	27.86
106	40	70	15.66
106	40	73	44.45
106	40	77	36.79
106	40	87	51.86
106	40	104	36.85
106	40	106	27.34
106	40	122	37.07
106	40	123	38.06
106	40	125	65.24
106	40	146	41.68
106	40	195	38.18
106	40	205	16.13
106	40	239	36.34
106	40	254	59.73
106	40	276	32.27
106	40	292	44.14
106	40	310	34.45
106	40	325	12.13
106	40	327	42.20
106	40	336	35.66
106	40	343	29.70
106	40	350	33.31
106	40	362	44.63
106	40	377	42.62
106	40	384	40.07
106	40	385	28.01
106	40	387	33.01
106	40	402	13.56
106	40	425	52.04
106	40	432	27.28
106	40	437	32.38
106	40	445	36.51
106	41	6	52.65
106	41	19	28.61
106	41	27	27.58
106	41	46	45.27
106	41	47	29.51
106	41	84	32.99
106	41	93	62.35
106	41	144	36.56
106	41	163	69.93
106	41	181	50.97
106	41	216	36.00
106	41	363	52.69
106	41	371	62.85
106	41	410	46.46
106	41,43	6	65.62
106	41,43	19	39.97
106	41,43	46	59.77
106	41,43	47	48.23
106	41,43	84	48.87
106	41,43	181	66.56
106	41,43	216	63.83
106	41,43	363	60.04
106	41,43	410	63.59
106	41,44	6	70.80
106	41,44	19	42.51
106	41,44	46	63.01
106	41,44	144	51.97
106	41,44	216	57.10
106	41,44	410	63.97
106	42	1	30.04
106	42	41	16.46
106	42	64	13.69
106	42	66	14.96
106	42	67	62.63
106	42	75	21.62
106	42	88	39.72
106	42	89	34.96
106	42	98	13.42
106	42	100	15.04
106	42	105	24.69
106	42	110	11.90
106	42	119	13.54
106	42	124	36.46
106	42	137	40.30
106	42	138	26.94
106	42	142	13.23
106	42	153	18.46
106	42	157	12.49
106	42	168	36.39
106	42	169	13.65
106	42	175	40.90
106	42	186	15.68
106	42	188	12.72
106	42	191	34.72
106	42	192	40.37
106	42	198	14.37
106	42	231	25.94
106	42	233	14.39
106	42	237	40.85
106	42	244	41.20
106	42	246	14.10
106	42	258	58.42
106	42	288	14.62
106	42	302	13.13
106	42	303	21.25
106	42	306	13.41
106	42	307	11.93
106	42	308	13.00
106	42	316	43.07
106	42	321	18.27
106	42	351	11.28
106	42	353	47.42
106	42	356	16.11
106	42	367	30.87
106	42	375	16.80
106	42	392	14.01
106	42	394	44.04
106	42	401	48.56
106	42	413	11.06
106	42	430	11.06
106	42	435	25.73
106	42	438	15.10
106	42	442	38.42
106	42,49	1	44.93
106	42,49	41	27.11
106	42,49	64	22.68
106	42,49	66	27.20
106	42,49	98	24.76
106	42,49	100	25.61
106	42,49	105	33.11
106	42,49	110	22.58
106	42,49	119	24.25
106	42,49	124	46.62
106	42,49	138	36.65
106	42,49	142	22.58
106	42,49	157	22.89
106	42,49	169	22.61
106	42,49	186	26.96
106	42,49	188	22.55
106	42,49	192	49.73
106	42,49	198	25.58
106	42,49	233	25.55
106	42,49	244	52.00
106	42,49	246	23.69
106	42,49	288	25.42
106	42,49	302	23.97
106	42,49	303	32.14
106	42,49	306	22.03
106	42,49	307	20.37
106	42,49	308	21.94
106	42,49	316	53.03
106	42,49	321	31.35
106	42,49	351	19.44
106	42,49	353	58.15
106	42,49	356	26.93
106	42,49	375	25.68
106	42,49	392	23.56
106	42,49	413	19.18
106	42,49	430	19.18
106	42,49	435	33.00
106	43	6	46.14
106	43	19	22.63
106	43	46	40.25
106	43	47	27.01
106	43	84	29.06
106	43	90	34.90
106	43	94	57.85
106	43	114	41.04
106	43	151	62.44
106	43	163	61.80
106	43	181	46.80
106	43	216	45.13
106	43	301	38.46
106	43	363	43.73
106	43	371	59.28
106	43	410	43.80
106	43,44	6	64.04
106	43,44	19	34.30
106	43,44	46	60.32
106	43,44	216	63.46
106	43,44	410	61.30
106	44	6	42.01
106	44	7	44.93
106	44	11	37.58
106	44	19	24.97
106	44	35	57.87
106	44	46	33.96
106	44	61	42.56
106	44	63	45.20
106	44	93	57.63
106	44	94	58.27
106	44	101	24.99
106	44	144	28.70
106	44	187	37.49
106	44	194	33.96
106	44	216	34.10
106	44	225	57.42
106	44	241	46.92
106	44	250	47.18
106	44	257	37.70
106	44	278	37.04
106	44	299	42.49
106	44	311	35.89
106	44	322	33.99
106	44	340	59.03
106	44	366	38.51
106	44	382	38.46
106	44	395	29.58
106	44	410	34.69
106	45	30	24.44
106	45	34	18.52
106	45	95	32.37
106	45	141	62.24
106	45	147	17.11
106	45	279	42.08
106	45	296	28.79
106	46	15	30.00
106	46	36	17.03
106	46	60	49.38
106	46	74	39.55
106	46	152	38.62
106	46	159	18.90
106	46	161	61.08
106	46	199	53.32
106	46	226	49.06
106	46	248	63.87
106	46	266	50.30
106	46	273	35.62
106	46	372	35.37
106	47	54	18.75
106	47	150	31.35
106	47	190	46.39
106	47	209	40.58
106	47	221	43.51
106	47	248	66.25
106	47	260	45.97
106	47	295	50.24
106	47	357	59.08
106	47	365	37.89
106	47	403	39.38
106	47	429	44.75
106	48	2	31.11
106	48	17	38.52
106	48	23	48.31
106	48	42	43.52
106	48	53	22.48
106	48	54	15.13
106	48	81	43.69
106	48	108	31.45
106	48	120	39.93
106	48	121	47.76
106	48	150	21.07
106	48	160	42.75
106	48	166	41.15
106	48	172	24.56
106	48	190	41.25
106	48	196	41.23
106	48	209	34.34
106	48	214	53.34
106	48	215	33.49
106	48	221	36.89
106	48	260	39.94
106	48	262	18.63
106	48	287	19.03
106	48	295	50.10
106	48	305	34.58
106	48	333	21.59
106	48	334	48.97
106	48	339	25.70
106	48	357	52.76
106	48	365	38.07
106	48	369	20.62
106	48	374	26.54
106	48	391	21.11
106	48	403	33.41
106	48	429	37.44
106	48	446	44.70
106	49	1	37.10
106	49	41	17.08
106	49	64	13.39
106	49	66	15.58
106	49	67	63.52
106	49	88	39.80
106	49	89	34.41
106	49	98	13.92
106	49	100	15.24
106	49	105	22.79
106	49	110	11.85
106	49	119	13.41
106	49	124	37.68
106	49	133	15.49
106	49	137	39.68
106	49	138	26.87
106	49	142	13.58
106	49	157	13.04
106	49	168	36.70
106	49	169	13.89
106	49	174	40.18
106	49	175	40.94
106	49	186	16.30
106	49	188	12.72
106	49	191	34.04
106	49	192	40.20
106	49	198	15.00
106	49	233	15.11
106	49	237	40.38
106	49	244	41.83
106	49	246	12.41
106	49	285	16.51
106	49	288	15.20
106	49	302	13.69
106	49	303	22.11
106	49	306	13.82
106	49	307	10.79
106	49	308	11.20
106	49	316	43.82
106	49	321	18.39
106	49	351	9.32
106	49	353	48.01
106	49	356	16.66
106	49	375	15.73
106	49	384	36.07
106	49	392	13.06
106	49	394	43.45
106	49	401	48.07
106	49	413	9.25
106	49	430	9.25
106	49	435	29.85
106	49	442	39.31
106	50	6	47.10
106	50	19	24.80
106	50	27	27.69
106	50	39	56.93
106	50	46	40.24
106	50	90	34.14
106	50	93	57.07
106	50	94	60.11
106	50	144	34.13
106	50	151	55.27
106	50	163	68.28
106	50	216	50.13
106	50	301	40.42
106	50	363	33.83
106	50	371	59.30
106	50	410	43.20
