Task=107 Orders=39 Vehicles=552 Scores=2352
107	1	10	17.25
107	1	18	50.70
107	1	43	51.83
107	1	49	22.32
107	1	65	17.89
107	1	76	37.65
107	1	107	38.15
107	1	116	35.25
107	1	126	56.92
107	1	130	37.65
107	1	136	20.28
107	1	138	32.17
107	1	144	36.59
107	1	148	29.58
107	1	149	21.86
107	1	165	20.18
107	1	175	20.38
107	1	176	54.28
107	1	179	46.28
107	1	190	19.58
107	1	192	48.55
107	1	200	20.92
107	1	212	24.92
107	1	220	21.65
107	1	241	21.45
107	1	242	22.24
107	1	250	31.89
107	1	253	45.75
107	1	262	20.37
107	1	263	38.17
107	1	268	36.31
107	1	269	42.00
107	1	285	27.59
107	1	289	22.96
107	1	311	19.27
107	1	318	24.93
107	1	321	22.30
107	1	343	22.24
107	1	355	22.14
107	1	370	23.87
107	1	384	28.48
107	1	435	39.87
107	1	447	24.56
107	1	456	63.73
107	1	457	20.56
107	1	488	20.59
107	1	498	29.72
107	1	507	17.97
107	1	508	31.69
107	1	518	23.45
107	1	520	22.55
107	1,3	10	23.93
107	1,3	43	60.06
107	1,3	49	29.08
107	1,3	65	23.82
107	1,3	76	44.38
107	1,3	107	45.73
107	1,3	116	42.25
107	1,3	136	26.52
107	1,3	138	38.90
107	1,3	144	44.54
107	1,3	148	35.83
107	1,3	165	26.25
107	1,3	175	26.94
107	1,3	190	28.35
107	1,3	200	27.61
107	1,3	212	31.54
107	1,3	220	28.68
107	1,3	241	28.39
107	1,3	242	30.38
107	1,3	250	39.42
107	1,3	262	26.73
107	1,3	263	45.79
107	1,3	268	42.99
107	1,3	289	30.18
107	1,3	311	26.37
107	1,3	318	31.97
107	1,3	321	29.65
107	1,3	343	28.85
107	1,3	355	28.56
107	1,3	370	30.68
107	1,3	384	35.49
107	1,3	435	48.32
107	1,3	447	32.13
107	1,3	488	27.34
107	1,3	498	36.61
107	1,3	507	24.28
107	1,3	508	38.34
107	1,3	518	30.25
107	1,3	520	29.13
107	1,5	10	26.07
107	1,5	43	61.96
107	1,5	49	32.77
107	1,5	65	27.18
107	1,5	107	50.55
107	1,5	136	28.00
107	1,5	138	42.14
107	1,5	148	40.41
107	1,5	149	29.41
107	1,5	165	27.03
107	1,5	175	28.07
107	1,5	190	37.41
107	1,5	200	28.30
107	1,5	212	32.63
107	1,5	220	31.35
107	1,5	241	30.04
107	1,5	250	43.90
107	1,5	262	27.55
107	1,5	263	49.89
107	1,5	268	43.69
107	1,5	289	31.21
107	1,5	311	27.77
107	1,5	318	33.66
107	1,5	321	32.01
107	1,5	355	30.03
107	1,5	370	32.32
107	1,5	384	38.21
107	1,5	447	33.32
107	1,5	488	30.45
107	1,5	498	41.11
107	1,5	507	25.75
107	1,5	508	41.62
107	1,5	518	31.18
107	1,5	520	30.44
107	1,7	10	28.96
107	1,7	43	64.83
107	1,7	49	34.14
107	1,7	65	29.25
107	1,7	76	48.32
107	1,7	107	51.25
107	1,7	116	47.73
107	1,7	136	31.49
107	1,7	138	45.06
107	1,7	144	49.77
107	1,7	148	40.85
107	1,7	165	31.66
107	1,7	175	31.97
107	1,7	190	36.04
107	1,7	200	33.63
107	1,7	212	36.80
107	1,7	220	34.38
107	1,7	241	33.28
107	1,7	242	35.04
107	1,7	250	45.37
107	1,7	262	31.83
107	1,7	263	50.69
107	1,7	268	48.65
107	1,7	289	36.34
107	1,7	311	31.92
107	1,7	318	38.20
107	1,7	321	35.72
107	1,7	343	33.15
107	1,7	355	33.73
107	1,7	370	36.62
107	1,7	384	41.41
107	1,7	435	57.93
107	1,7	447	37.30
107	1,7	457	32.61
107	1,7	488	33.68
107	1,7	498	42.76
107	1,7	507	29.32
107	1,7	508	43.96
107	1,7	518	35.17
107	1,7	520	34.27
107	2	8	15.99
107	2	9	21.51
107	2	41	48.23
107	2	51	11.89
107	2	53	16.06
107	2	62	12.27
107	2	67	30.59
107	2	86	34.37
107	2	90	23.89
107	2	98	10.97
107	2	134	14.63
107	2	135	17.69
107	2	153	18.66
107	2	162	19.42
107	2	202	13.27
107	2	243	13.85
107	2	249	16.46
107	2	252	14.79
107	2	256	43.82
107	2	265	48.00
107	2	267	19.10
107	2	284	40.54
107	2	295	22.24
107	2	313	34.45
107	2	329	10.90
107	2	332	15.54
107	2	351	17.20
107	2	382	11.68
107	2	392	25.38
107	2	425	14.65
107	2	467	18.63
107	2	478	14.58
107	2	491	35.48
107	2	504	15.70
107	2	517	37.04
107	2	522	13.77
107	2	537	14.76
107	2	544	18.32
107	2,34	8	24.28
107	2,34	9	31.52
107	2,34	51	19.62
107	2,34	53	25.28
107	2,34	62	20.31
107	2,34	67	40.10
107	2,34	86	40.86
107	2,34	90	33.32
107	2,34	98	19.06
107	2,34	134	22.97
107	2,34	135	26.41
107	2,34	153	28.14
107	2,34	162	31.76
107	2,34	202	21.20
107	2,34	243	21.93
107	2,34	249	26.44
107	2,34	252	23.08
107	2,34	256	52.92
107	2,34	267	28.90
107	2,34	295	32.21
107	2,34	313	42.85
107	2,34	329	18.18
107	2,34	332	25.23
107	2,34	351	26.52
107	2,34	382	19.90
107	2,34	392	35.01
107	2,34	425	25.03
107	2,34	467	28.18
107	2,34	478	22.77
107	2,34	491	44.35
107	2,34	504	25.23
107	2,34	517	46.62
107	2,34	522	23.30
107	2,34	537	22.92
107	2,34	544	27.85
107	3	10	14.01
107	3	18	49.23
107	3	43	49.28
107	3	49	18.87
107	3	65	14.44
107	3	76	35.70
107	3	107	35.15
107	3	116	32.20
107	3	130	34.93
107	3	136	16.96
107	3	138	28.32
107	3	144	34.39
107	3	148	26.92
107	3	165	16.68
107	3	175	17.06
107	3	176	52.69
107	3	179	43.35
107	3	190	16.99
107	3	192	45.15
107	3	200	17.14
107	3	212	21.68
107	3	220	18.55
107	3	241	18.56
107	3	242	20.18
107	3	250	28.01
107	3	253	42.34
107	3	262	16.99
107	3	263	36.07
107	3	268	32.56
107	3	269	39.77
107	3	289	19.01
107	3	290	42.58
107	3	311	15.75
107	3	318	20.86
107	3	321	18.86
107	3	343	19.32
107	3	355	18.61
107	3	370	19.93
107	3	384	24.96
107	3	402	40.75
107	3	435	35.44
107	3	447	21.44
107	3	456	61.96
107	3	463	20.86
107	3	488	16.62
107	3	498	25.56
107	3	507	14.76
107	3	508	27.73
107	3	518	20.20
107	3	520	19.07
107	3,5	10	22.00
107	3,5	43	58.20
107	3,5	49	28.38
107	3,5	65	22.82
107	3,5	107	46.66
107	3,5	136	23.80
107	3,5	138	38.11
107	3,5	148	37.06
107	3,5	165	22.61
107	3,5	175	23.87
107	3,5	190	31.55
107	3,5	200	23.58
107	3,5	212	27.73
107	3,5	220	26.61
107	3,5	241	25.73
107	3,5	250	39.85
107	3,5	262	23.28
107	3,5	263	46.34
107	3,5	268	39.65
107	3,5	289	26.27
107	3,5	311	23.34
107	3,5	318	28.49
107	3,5	321	27.08
107	3,5	355	25.56
107	3,5	370	27.35
107	3,5	384	32.65
107	3,5	447	28.62
107	3,5	463	27.41
107	3,5	488	25.49
107	3,5	498	36.94
107	3,5	507	21.66
107	3,5	508	37.90
107	3,5	518	26.73
107	3,5	520	25.99
107	3,7	10	28.93
107	3,7	43	65.01
107	3,7	49	35.45
107	3,7	65	29.62
107	3,7	76	53.41
107	3,7	107	51.06
107	3,7	116	48.41
107	3,7	136	31.99
107	3,7	138	45.32
107	3,7	144	51.07
107	3,7	148	42.00
107	3,7	165	31.85
107	3,7	175	32.46
107	3,7	190	35.70
107	3,7	200	33.73
107	3,7	212	38.49
107	3,7	220	35.28
107	3,7	241	34.56
107	3,7	242	36.76
107	3,7	250	45.39
107	3,7	262	31.92
107	3,7	263	51.35
107	3,7	268	49.39
107	3,7	289	36.52
107	3,7	311	31.83
107	3,7	318	38.75
107	3,7	321	35.96
107	3,7	343	34.85
107	3,7	355	34.79
107	3,7	370	37.20
107	3,7	384	42.89
107	3,7	435	56.31
107	3,7	447	38.23
107	3,7	463	37.21
107	3,7	488	33.97
107	3,7	498	43.11
107	3,7	507	29.62
107	3,7	508	41.10
107	3,7	518	36.55
107	3,7	520	35.42
107	4	10	18.83
107	4	13	21.08
107	4	18	54.13
107	4	21	21.92
107	4	31	56.00
107	4	49	21.99
107	4	65	16.86
107	4	76	40.62
107	4	94	44.03
107	4	101	63.49
107	4	116	37.87
107	4	130	40.61
107	4	136	21.99
107	4	175	21.77
107	4	176	57.44
107	4	248	38.28
107	4	263	40.61
107	4	311	21.06
107	4	338	35.27
107	4	343	22.94
107	4	456	66.34
107	4	507	19.59
107	4	521	49.08
107	4,10	10	32.51
107	4,10	49	36.94
107	4,10	65	33.27
107	4,10	76	48.46
107	4,10	116	51.04
107	4,10	136	34.39
107	4,10	263	51.32
107	4,10	311	36.10
107	4,10	343	35.34
107	4,10	507	32.63
107	4,29	10	33.65
107	4,29	13	34.04
107	4,29	21	36.03
107	4,29	65	31.70
107	4,29	94	58.96
107	4,29	175	36.82
107	4,29	263	55.66
107	4,29	311	37.30
107	4,29	507	34.04
107	5	10	10.83
107	5	13	14.99
107	5	18	47.31
107	5	21	13.45
107	5	31	47.32
107	5	43	44.99
107	5	49	16.56
107	5	65	11.89
107	5	94	35.17
107	5	97	13.82
107	5	107	33.52
107	5	126	50.34
107	5	130	33.25
107	5	136	12.83
107	5	138	24.76
107	5	148	26.32
107	5	149	14.46
107	5	165	11.39
107	5	169	18.03
107	5	175	12.59
107	5	176	50.89
107	5	184	47.65
107	5	190	16.92
107	5	192	37.97
107	5	200	11.10
107	5	212	15.72
107	5	220	14.48
107	5	228	17.70
107	5	234	28.44
107	5	241	14.39
107	5	250	25.63
107	5	262	12.08
107	5	263	34.52
107	5	268	26.42
107	5	269	41.68
107	5	289	12.86
107	5	311	11.07
107	5	318	14.83
107	5	321	14.10
107	5	355	13.93
107	5	358	14.75
107	5	361	14.37
107	5	370	14.32
107	5	372	15.68
107	5	374	16.03
107	5	384	19.20
107	5	385	29.21
107	5	447	15.99
107	5	463	15.62
107	5	488	12.54
107	5	498	23.15
107	5	507	10.87
107	5	508	24.30
107	5	513	14.76
107	5	518	14.94
107	5	520	14.20
107	5,7	10	25.58
107	5,7	43	62.13
107	5,7	49	32.24
107	5,7	65	26.65
107	5,7	107	50.73
107	5,7	136	27.49
107	5,7	138	42.32
107	5,7	148	40.58
107	5,7	165	26.48
107	5,7	175	27.56
107	5,7	190	36.58
107	5,7	200	27.73
107	5,7	212	32.04
107	5,7	220	30.80
107	5,7	241	29.52
107	5,7	250	44.07
107	5,7	262	27.03
107	5,7	263	50.06
107	5,7	268	43.86
107	5,7	289	30.62
107	5,7	311	27.24
107	5,7	318	33.08
107	5,7	321	31.42
107	5,7	355	29.49
107	5,7	370	31.75
107	5,7	384	37.48
107	5,7	447	32.76
107	5,7	463	31.34
107	5,7	488	29.86
107	5,7	498	40.63
107	5,7	507	25.24
107	5,7	508	41.80
107	5,7	518	30.66
107	5,7	520	29.92
107	6	4	16.82
107	6	14	14.54
107	6	17	21.99
107	6	33	55.31
107	6	37	41.31
107	6	48	17.38
107	6	59	44.25
107	6	64	37.59
107	6	83	49.07
107	6	89	17.83
107	6	102	36.96
107	6	103	28.21
107	6	106	44.69
107	6	108	17.86
107	6	110	40.56
107	6	113	15.76
107	6	114	16.06
107	6	121	40.76
107	6	133	15.83
107	6	142	41.68
107	6	145	29.59
107	6	164	15.80
107	6	189	17.82
107	6	195	15.79
107	6	240	53.89
107	6	303	14.70
107	6	306	16.82
107	6	308	29.69
107	6	319	14.70
107	6	322	50.20
107	6	341	17.39
107	6	396	30.97
107	6	412	17.23
107	6	420	44.96
107	6	443	27.17
107	6	453	14.38
107	6	470	16.10
107	6	472	14.39
107	6	477	13.93
107	6	486	46.87
107	6	499	46.56
107	6	501	15.54
107	6,24	4	27.75
107	6,24	14	26.15
107	6,24	17	34.93
107	6,24	37	56.00
107	6,24	48	29.80
107	6,24	64	54.00
107	6,24	83	62.85
107	6,24	103	42.87
107	6,24	106	59.18
107	6,24	108	30.52
107	6,24	113	29.20
107	6,24	114	26.61
107	6,24	121	54.17
107	6,24	133	26.90
107	6,24	142	56.31
107	6,24	145	40.14
107	6,24	164	27.06
107	6,24	189	29.72
107	6,24	195	27.01
107	6,24	303	25.76
107	6,24	306	28.76
107	6,24	308	40.54
107	6,24	319	24.96
107	6,24	322	65.49
107	6,24	341	29.06
107	6,24	412	28.72
107	6,24	443	41.30
107	6,24	453	25.21
107	6,24	470	27.23
107	6,24	472	24.69
107	6,24	477	25.59
107	6,24	501	27.28
107	7	10	17.56
107	7	18	51.56
107	7	43	52.30
107	7	49	22.25
107	7	65	18.23
107	7	76	38.34
107	7	107	38.83
107	7	116	36.00
107	7	130	38.07
107	7	136	20.37
107	7	138	32.52
107	7	144	37.76
107	7	148	30.45
107	7	165	20.38
107	7	175	20.51
107	7	176	55.07
107	7	179	46.18
107	7	190	22.10
107	7	192	48.54
107	7	200	21.28
107	7	212	24.97
107	7	220	22.37
107	7	241	21.83
107	7	242	23.23
107	7	250	32.00
107	7	253	46.08
107	7	262	20.49
107	7	263	39.35
107	7	268	36.27
107	7	269	39.61
107	7	289	23.15
107	7	290	45.18
107	7	311	19.61
107	7	318	24.92
107	7	321	22.94
107	7	343	22.13
107	7	355	22.06
107	7	370	23.85
107	7	384	28.48
107	7	402	43.42
107	7	435	40.59
107	7	447	24.75
107	7	456	64.11
107	7	457	20.82
107	7	463	23.92
107	7	488	20.94
107	7	498	29.87
107	7	507	18.30
107	7	508	31.66
107	7	518	23.38
107	7	520	22.48
107	8	7	35.25
107	8	22	16.45
107	8	23	46.66
107	8	42	39.83
107	8	45	48.41
107	8	52	41.86
107	8	56	37.92
107	8	61	18.14
107	8	69	20.65
107	8	73	31.37
107	8	75	40.13
107	8	85	14.99
107	8	91	23.69
107	8	139	22.87
107	8	163	34.79
107	8	166	37.79
107	8	180	19.21
107	8	185	15.56
107	8	193	29.61
107	8	245	39.80
107	8	277	32.97
107	8	279	20.21
107	8	280	49.89
107	8	287	57.92
107	8	291	15.54
107	8	299	26.14
107	8	301	50.44
107	8	307	21.83
107	8	316	45.23
107	8	349	46.24
107	8	353	18.17
107	8	357	45.35
107	8	369	39.77
107	8	387	27.56
107	8	411	35.17
107	8	416	49.25
107	8	458	37.73
107	8	469	19.55
107	8	473	19.56
107	8	485	39.72
107	8	487	19.48
107	8	531	15.04
107	8,36	22	23.18
107	8,36	42	46.87
107	8,36	52	50.44
107	8,36	56	44.49
107	8,36	61	25.54
107	8,36	69	27.63
107	8,36	73	39.25
107	8,36	75	47.04
107	8,36	85	22.03
107	8,36	91	30.96
107	8,36	139	32.52
107	8,36	163	41.38
107	8,36	166	45.18
107	8,36	180	26.10
107	8,36	185	22.42
107	8,36	193	37.32
107	8,36	277	40.25
107	8,36	279	26.82
107	8,36	291	22.65
107	8,36	299	34.59
107	8,36	307	29.08
107	8,36	316	52.72
107	8,36	353	24.85
107	8,36	369	48.77
107	8,36	387	34.73
107	8,36	411	42.52
107	8,36	458	44.62
107	8,36	469	26.37
107	8,36	473	27.56
107	8,36	487	27.49
107	8,36	531	23.07
107	9	5	13.63
107	9	19	27.20
107	9	27	14.73
107	9	33	52.80
107	9	37	33.25
107	9	46	30.65
107	9	79	12.11
107	9	80	12.14
107	9	95	40.72
107	9	106	40.99
107	9	108	14.42
107	9	121	35.07
107	9	216	12.04
107	9	219	14.80
107	9	240	49.55
107	9	303	13.54
107	9	306	13.79
107	9	322	48.85
107	9	326	39.56
107	9	330	12.49
107	9	331	15.65
107	9	341	13.86
107	9	346	15.46
107	9	347	12.06
107	9	371	16.58
107	9	404	12.99
107	9	407	35.86
107	9	409	13.17
107	9	412	13.68
107	9	420	39.56
107	9	424	14.30
107	9	449	38.04
107	9	465	12.14
107	9	468	16.99
107	9	470	13.39
107	9	471	12.34
107	9	483	11.21
107	9	493	14.23
107	9	495	14.21
107	9	501	15.72
107	9	515	13.07
107	9	525	12.14
107	9	543	25.69
107	9	546	13.23
107	9	547	13.07
107	9,22	5	22.37
107	9,22	19	35.92
107	9,22	27	25.94
107	9,22	37	42.49
107	9,22	46	39.56
107	9,22	79	19.41
107	9,22	80	18.51
107	9,22	95	50.45
107	9,22	106	50.44
107	9,22	108	23.46
107	9,22	121	43.68
107	9,22	216	21.55
107	9,22	219	25.11
107	9,22	303	20.56
107	9,22	306	22.15
107	9,22	322	58.21
107	9,22	330	21.69
107	9,22	331	24.21
107	9,22	341	21.66
107	9,22	346	23.27
107	9,22	347	19.69
107	9,22	371	26.00
107	9,22	404	20.49
107	9,22	407	45.35
107	9,22	409	21.30
107	9,22	412	21.27
107	9,22	424	21.00
107	9,22	449	46.75
107	9,22	465	20.10
107	9,22	468	27.34
107	9,22	470	20.87
107	9,22	471	20.54
107	9,22	483	18.87
107	9,22	493	21.56
107	9,22	495	22.30
107	9,22	501	22.80
107	9,22	515	20.83
107	9,22	525	20.08
107	9,22	543	35.35
107	9,22	546	21.51
107	9,22	547	20.83
107	10	10	19.08
107	10	18	50.01
107	10	40	20.92
107	10	43	51.20
107	10	49	22.69
107	10	65	19.90
107	10	76	36.85
107	10	107	37.73
107	10	116	36.97
107	10	126	56.28
107	10	130	36.99
107	10	136	21.10
107	10	138	34.83
107	10	144	36.07
107	10	148	31.13
107	10	149	21.51
107	10	165	21.89
107	10	176	53.54
107	10	179	46.55
107	10	190	24.06
107	10	192	50.80
107	10	200	23.11
107	10	212	24.54
107	10	220	21.28
107	10	229	32.04
107	10	241	20.82
107	10	242	21.61
107	10	250	32.89
107	10	253	47.58
107	10	262	21.83
107	10	263	37.73
107	10	268	38.18
107	10	269	44.45
107	10	285	26.94
107	10	311	21.37
107	10	317	22.76
107	10	318	26.92
107	10	321	23.87
107	10	343	22.31
107	10	355	22.70
107	10	370	25.56
107	10	435	35.56
107	10	447	23.99
107	10	456	62.89
107	10	488	23.23
107	10	498	31.68
107	10	507	19.61
107	10	508	28.59
107	11	6	52.35
107	11	12	46.61
107	11	38	44.01
107	11	55	22.66
107	11	96	49.79
107	11	119	25.08
107	11	122	15.06
107	11	125	24.15
107	11	152	45.01
107	11	154	17.27
107	11	170	59.58
107	11	182	21.54
107	11	191	53.06
107	11	201	20.70
107	11	205	20.41
107	11	231	66.14
107	11	258	18.69
107	11	270	51.21
107	11	274	57.58
107	11	278	57.46
107	11	296	45.48
107	11	298	18.18
107	11	312	50.18
107	11	336	67.93
107	11	339	17.85
107	11	345	39.35
107	11	350	22.03
107	11	356	56.54
107	11	363	21.62
107	11	378	56.39
107	11	395	48.28
107	11	400	45.38
107	11	405	27.00
107	11	406	20.24
107	11	415	61.99
107	11	418	27.55
107	11	419	20.14
107	11	426	18.48
107	11	429	17.93
107	11	430	18.90
107	11	432	53.83
107	11	436	46.76
107	11	444	17.97
107	11	451	18.90
107	11	455	21.69
107	11	460	65.28
107	11	461	49.06
107	11	476	32.01
107	11	479	17.08
107	11	481	17.13
107	11	492	52.49
107	11	496	32.21
107	11	502	15.61
107	11	503	17.48
107	11	509	17.85
107	11	511	18.32
107	11	516	18.55
107	11	523	18.77
107	11	524	17.62
107	11	526	23.55
107	11	529	46.72
107	11	533	15.97
107	11	534	15.96
107	11	536	18.59
107	11	540	39.08
107	11	541	18.82
107	11	542	17.62
107	11	548	17.62
107	11	549	17.61
107	11	551	18.77
107	11	552	52.46
107	11,38	55	38.73
107	11,38	96	62.17
107	11,38	182	35.42
107	11,38	205	32.56
107	11,38	270	63.86
107	11,38	274	71.35
107	11,38	296	59.34
107	11,38	345	50.82
107	11,38	378	68.18
107	11,38	395	60.76
107	11,38	429	30.55
107	11,38	436	60.10
107	11,38	460	79.01
107	12	4	20.89
107	12	14	19.21
107	12	17	27.11
107	12	33	59.11
107	12	37	45.41
107	12	48	22.17
107	12	59	47.92
107	12	64	33.27
107	12	83	52.68
107	12	102	41.85
107	12	103	32.07
107	12	106	48.86
107	12	108	22.44
107	12	110	43.83
107	12	113	22.42
107	12	114	20.11
107	12	121	44.55
107	12	133	20.11
107	12	142	45.42
107	12	145	33.37
107	12	164	19.65
107	12	189	22.56
107	12	195	19.46
107	12	240	57.82
107	12	303	18.72
107	12	306	21.30
107	12	308	33.90
107	12	319	18.07
107	12	322	54.99
107	12	341	22.65
107	12	396	34.73
107	12	412	22.58
107	12	420	49.77
107	12	443	31.31
107	12	453	18.49
107	12	470	20.46
107	12	472	17.80
107	12	477	18.85
107	12	486	51.23
107	12	499	50.45
107	12	501	20.75
107	12,24	4	31.85
107	12,24	14	30.32
107	12,24	17	38.08
107	12,24	37	60.69
107	12,24	48	33.93
107	12,24	64	54.54
107	12,24	83	66.99
107	12,24	103	47.27
107	12,24	106	63.89
107	12,24	108	33.90
107	12,24	113	33.68
107	12,24	114	30.66
107	12,24	121	58.45
107	12,24	133	31.14
107	12,24	142	60.65
107	12,24	145	48.89
107	12,24	164	31.08
107	12,24	189	33.27
107	12,24	195	30.89
107	12,24	303	29.79
107	12,24	306	32.58
107	12,24	308	44.75
107	12,24	319	29.01
107	12,24	322	70.89
107	12,24	341	33.37
107	12,24	412	33.28
107	12,24	443	45.96
107	12,24	453	29.25
107	12,24	470	31.41
107	12,24	472	28.75
107	12,24	477	29.86
107	12,24	501	31.76
107	12,39	4	37.77
107	12,39	14	36.83
107	12,39	64	50.56
107	12,39	83	68.75
107	12,39	106	65.37
107	12,39	108	39.89
107	12,39	121	60.34
107	12,39	145	50.28
107	12,39	164	37.52
107	12,39	195	36.35
107	12,39	303	35.15
107	12,39	306	38.44
107	12,39	319	34.75
107	12,39	341	40.07
107	12,39	412	40.11
107	12,39	453	35.73
107	12,39	470	37.14
107	12,39	472	34.48
107	13	11	14.48
107	13	16	14.38
107	13	20	22.32
107	13	28	11.37
107	13	58	28.61
107	13	82	32.32
107	13	88	22.15
107	13	92	36.90
107	13	93	22.21
107	13	100	29.66
107	13	104	10.83
107	13	111	10.51
107	13	112	13.08
107	13	123	14.18
107	13	124	41.24
107	13	132	16.42
107	13	155	36.86
107	13	156	28.07
107	13	181	24.21
107	13	183	15.08
107	13	187	37.48
107	13	196	16.35
107	13	206	34.90
107	13	210	42.75
107	13	224	25.42
107	13	235	25.87
107	13	255	13.68
107	13	264	14.39
107	13	272	10.59
107	13	276	15.10
107	13	283	11.00
107	13	304	11.86
107	13	335	23.77
107	13	342	12.70
107	13	344	14.06
107	13	368	15.49
107	13	377	25.52
107	13	379	13.73
107	13	383	13.97
107	13	388	13.01
107	13	401	11.45
107	13	422	15.27
107	13	427	29.17
107	13	434	36.03
107	13	448	30.62
107	13	452	34.86
107	13	454	13.63
107	13	459	13.65
107	13	462	42.25
107	13	466	19.49
107	13	480	46.00
107	13	505	11.01
107	13	527	10.69
107	13	539	13.82
107	13,26	11	24.21
107	13,26	16	23.08
107	13,26	28	20.73
107	13,26	58	37.08
107	13,26	88	32.13
107	13,26	93	30.83
107	13,26	100	37.86
107	13,26	104	19.66
107	13,26	111	19.44
107	13,26	112	22.04
107	13,26	123	24.17
107	13,26	132	25.17
107	13,26	155	46.08
107	13,26	156	38.92
107	13,26	181	33.69
107	13,26	183	24.94
107	13,26	196	30.31
107	13,26	206	43.51
107	13,26	224	40.63
107	13,26	255	23.85
107	13,26	272	20.08
107	13,26	276	24.96
107	13,26	283	20.08
107	13,26	304	19.63
107	13,26	335	32.42
107	13,26	342	22.80
107	13,26	344	22.75
107	13,26	368	25.01
107	13,26	377	35.38
107	13,26	379	23.35
107	13,26	383	23.03
107	13,26	388	21.68
107	13,26	401	20.54
107	13,26	422	24.85
107	13,26	434	43.15
107	13,26	448	39.25
107	13,26	452	44.34
107	13,26	454	22.94
107	13,26	459	23.63
107	13,26	466	28.35
107	13,26	505	20.07
107	13,26	527	19.41
107	13,26	539	23.13
107	14	6	41.21
107	14	34	9.75
107	14	35	62.51
107	14	38	41.68
107	14	119	18.13
107	14	127	45.72
107	14	170	58.56
107	14	174	26.77
107	14	191	50.27
107	14	258	13.87
107	14	274	52.61
107	14	275	48.51
107	14	292	13.46
107	14	296	45.89
107	14	298	15.32
107	14	310	61.62
107	14	312	37.25
107	14	314	13.58
107	14	367	47.51
107	14	394	21.96
107	14	397	12.42
107	14	406	17.21
107	14	415	50.35
107	14	417	14.00
107	14	426	16.89
107	14	446	11.80
107	14	455	17.55
107	14	461	34.80
107	14	464	12.58
107	14	476	28.14
107	14	492	45.77
107	14	497	39.89
107	14	511	14.25
107	14	516	16.10
107	14	536	14.08
107	14	545	44.89
107	14	550	14.86
107	14	552	38.54
107	14,21	34	33.65
107	14,21	296	68.77
107	14,21	367	69.92
107	14,21	394	43.27
107	14,21	417	33.23
107	14,21	446	29.11
107	15	2	27.14
107	15	7	23.58
107	15	11	10.01
107	15	15	48.07
107	15	16	11.80
107	15	20	23.94
107	15	28	14.34
107	15	39	16.70
107	15	45	43.11
107	15	47	45.11
107	15	63	15.18
107	15	74	13.45
107	15	78	11.87
107	15	88	25.55
107	15	99	22.44
107	15	100	32.44
107	15	104	13.79
107	15	111	11.63
107	15	112	12.08
107	15	118	40.31
107	15	124	37.52
107	15	132	13.34
107	15	156	31.66
107	15	163	29.35
107	15	166	33.46
107	15	167	12.08
107	15	172	39.68
107	15	187	40.66
107	15	196	19.83
107	15	206	28.77
107	15	210	44.18
107	15	222	11.58
107	15	251	19.89
107	15	255	12.20
107	15	271	42.00
107	15	272	12.52
107	15	276	14.23
107	15	279	13.90
107	15	283	11.80
107	15	288	36.32
107	15	302	41.28
107	15	304	12.10
107	15	316	41.13
107	15	320	32.79
107	15	328	35.25
107	15	335	23.21
107	15	340	32.70
107	15	344	11.39
107	15	377	27.00
107	15	386	37.73
107	15	387	15.52
107	15	422	14.35
107	15	427	28.80
107	15	434	35.08
107	15	452	33.59
107	15	454	11.45
107	15	459	11.87
107	15	462	39.13
107	15	485	26.41
107	15	505	13.99
107	15	527	11.73
107	15	539	13.07
107	15,16	11	28.18
107	15,16	16	27.63
107	15,16	63	23.77
107	15,16	99	36.35
107	15,16	100	47.20
107	15,16	111	26.62
107	15,16	112	21.72
107	15,16	163	46.99
107	15,16	166	51.06
107	15,16	167	19.14
107	15,16	206	49.54
107	15,16	222	23.44
107	15,16	251	36.97
107	15,16	272	31.31
107	15,16	276	32.34
107	15,16	279	24.23
107	15,16	316	50.70
107	15,16	340	48.21
107	15,16	344	27.15
107	15,16	387	39.51
107	15,16	422	32.25
107	15,16	434	44.27
107	16	7	27.69
107	16	11	17.76
107	16	15	53.13
107	16	16	18.48
107	16	23	39.11
107	16	24	44.70
107	16	45	44.69
107	16	63	16.56
107	16	77	28.03
107	16	85	16.54
107	16	87	41.66
107	16	99	27.61
107	16	100	38.39
107	16	111	16.34
107	16	112	14.72
107	16	139	31.77
107	16	163	30.97
107	16	166	36.00
107	16	167	12.63
107	16	185	17.87
107	16	187	46.06
107	16	206	38.76
107	16	222	15.62
107	16	251	24.56
107	16	272	20.92
107	16	276	18.44
107	16	279	17.21
107	16	280	51.63
107	16	316	43.52
107	16	320	35.48
107	16	340	34.62
107	16	344	18.63
107	16	387	21.90
107	16	422	19.25
107	16	427	35.30
107	16	434	35.23
107	16	438	22.70
107	16	462	44.58
107	16	474	32.14
107	16	531	19.92
107	17	29	47.44
107	17	30	36.76
107	17	32	20.93
107	17	36	18.04
107	17	44	12.27
107	17	60	15.18
107	17	66	21.04
107	17	70	15.82
107	17	81	11.00
107	17	105	14.31
107	17	117	16.59
107	17	129	50.92
107	17	141	15.94
107	17	143	17.73
107	17	150	13.01
107	17	158	14.54
107	17	159	12.32
107	17	161	29.04
107	17	168	14.30
107	17	173	18.37
107	17	177	15.96
107	17	218	12.14
107	17	221	13.82
107	17	232	36.21
107	17	233	43.99
107	17	244	34.73
107	17	254	11.75
107	17	259	16.96
107	17	261	18.27
107	17	281	15.92
107	17	282	34.69
107	17	294	41.97
107	17	324	24.61
107	17	325	30.54
107	17	348	18.61
107	17	360	19.42
107	17	373	48.20
107	17	375	36.65
107	17	389	25.44
107	17	398	13.72
107	17	403	23.79
107	17	408	36.11
107	17	439	20.51
107	17	441	13.21
107	17	445	10.68
107	17	490	14.70
107	17	500	44.85
107	17	528	15.69
107	17,31	32	28.11
107	17,31	36	24.76
107	17,31	66	26.89
107	17,31	70	22.83
107	17,31	117	24.87
107	17,31	141	25.32
107	17,31	143	23.86
107	17,31	150	20.00
107	17,31	158	21.99
107	17,31	161	35.93
107	17,31	177	22.93
107	17,31	254	23.55
107	17,31	261	27.65
107	17,31	324	34.49
107	17,31	325	40.48
107	17,31	373	57.51
107	17,31	445	21.44
107	17,31	500	55.35
107	18	6	49.61
107	18	34	18.37
107	18	35	69.80
107	18	127	53.17
107	18	170	62.97
107	18	174	30.96
107	18	257	40.80
107	18	275	51.93
107	18	292	16.63
107	18	293	35.86
107	18	296	52.83
107	18	310	67.92
107	18	315	42.23
107	18	359	36.68
107	18	367	52.25
107	18	394	27.10
107	18	397	19.11
107	18	417	19.31
107	18	446	16.28
107	18	461	50.96
107	18	464	20.41
107	18	476	36.24
107	18	497	46.86
107	18	512	39.65
107	18	545	48.01
107	18	550	20.82
107	18,21	34	30.49
107	18,21	257	52.35
107	18,21	293	46.38
107	18,21	296	65.08
107	18,21	367	64.07
107	18,21	394	37.31
107	18,21	417	32.10
107	18,21	446	27.80
107	18,27	34	26.58
107	18,27	174	50.17
107	18,27	257	49.72
107	18,27	275	61.89
107	18,27	292	25.20
107	18,27	293	44.30
107	18,27	296	61.79
107	18,27	315	50.66
107	18,27	367	60.80
107	18,27	394	35.56
107	18,27	397	27.94
107	18,27	417	28.37
107	18,27	446	25.01
107	18,27	464	29.27
107	18,27	476	45.23
107	18,27	512	48.63
107	18,27	545	57.11
107	18,27	550	29.68
107	18,32	34	28.17
107	18,32	174	45.08
107	18,32	257	54.96
107	18,32	275	63.46
107	18,32	292	26.51
107	18,32	293	48.86
107	18,32	296	66.42
107	18,32	315	55.86
107	18,32	367	65.39
107	18,32	394	36.96
107	18,32	397	29.66
107	18,32	417	30.00
107	18,32	446	26.27
107	18,32	464	31.07
107	18,32	476	50.15
107	18,32	512	53.56
107	18,32	545	58.73
107	18,32	550	31.48
107	19	50	23.01
107	19	71	39.25
107	19	72	15.23
107	19	128	15.73
107	19	147	15.54
107	19	151	34.37
107	19	157	36.27
107	19	171	23.41
107	19	194	20.00
107	19	199	16.62
107	19	204	15.44
107	19	209	13.52
107	19	211	16.77
107	19	213	17.65
107	19	214	20.38
107	19	215	23.97
107	19	223	13.80
107	19	225	15.83
107	19	226	42.87
107	19	238	15.46
107	19	273	16.56
107	19	305	25.59
107	19	333	16.00
107	19	334	14.72
107	19	352	30.30
107	19	354	19.77
107	19	362	16.87
107	19	374	18.90
107	19	376	50.24
107	19	410	15.08
107	19	414	19.42
107	19	423	20.86
107	19	431	20.75
107	19	440	23.59
107	19	450	39.85
107	19	482	15.93
107	19	484	37.55
107	19	494	25.92
107	19	538	14.08
107	19,37	72	28.00
107	19,37	147	28.44
107	19,37	157	45.76
107	19,37	199	30.08
107	19,37	211	30.58
107	19,37	213	32.93
107	19,37	223	39.14
107	19,37	225	29.04
107	19,37	238	28.61
107	19,37	273	33.90
107	19,37	305	36.63
107	19,37	333	30.08
107	19,37	362	30.79
107	20	5	20.32
107	20	19	32.31
107	20	27	19.51
107	20	33	56.41
107	20	37	40.61
107	20	48	21.11
107	20	59	47.28
107	20	80	14.63
107	20	95	46.89
107	20	103	27.25
107	20	106	32.72
107	20	108	15.23
107	20	113	24.76
107	20	114	17.03
107	20	121	39.10
107	20	189	19.08
107	20	195	18.58
107	20	216	20.46
107	20	240	55.06
107	20	246	35.52
107	20	297	33.20
107	20	303	13.96
107	20	306	14.01
107	20	309	19.82
107	20	322	41.44
107	20	323	17.77
107	20	326	41.44
107	20	330	18.20
107	20	341	14.62
107	20	347	19.18
107	20	364	28.44
107	20	371	25.10
107	20	404	19.15
107	20	407	36.39
107	20	409	19.07
107	20	412	14.62
107	20	420	44.11
107	20	443	32.21
107	20	449	41.90
107	20	453	22.24
107	20	470	14.14
107	20	471	16.01
107	20	483	15.75
107	20	486	45.06
107	20	493	20.35
107	20	501	16.42
107	20	506	30.69
107	20	515	20.30
107	20	519	20.30
107	20	525	16.90
107	20	543	27.30
107	20	546	20.96
107	20	547	20.59
107	20,28	19	52.46
107	20,28	27	40.58
107	20,28	95	68.37
107	20,28	106	51.37
107	20,28	108	35.30
107	20,28	121	55.82
107	20,28	216	40.52
107	20,28	246	54.86
107	20,28	306	33.24
107	20,28	322	64.92
107	20,28	341	34.65
107	20,28	347	40.04
107	20,28	364	45.04
107	20,28	412	34.59
107	20,28	449	60.75
107	20,28	470	32.37
107	20,28	471	36.08
107	20,28	483	33.97
107	20,28	525	36.97
107	20,28	543	47.54
107	20,33	5	32.86
107	20,33	19	44.15
107	20,33	80	26.44
107	20,33	106	50.58
107	20,33	108	27.92
107	20,33	121	56.00
107	20,33	195	31.11
107	20,33	216	33.18
107	20,33	246	47.92
107	20,33	297	45.45
107	20,33	303	26.14
107	20,33	306	26.49
107	20,33	309	31.92
107	20,33	341	26.72
107	20,33	364	40.32
107	20,33	404	31.39
107	20,33	412	26.72
107	20,33	449	53.90
107	20,33	453	34.58
107	20,33	470	26.25
107	20,33	483	27.86
107	21	34	21.82
107	21	35	69.11
107	21	239	56.15
107	21	257	41.63
107	21	293	36.49
107	21	296	54.69
107	21	310	70.31
107	21	359	36.99
107	21	367	55.69
107	21	394	27.52
107	21	417	21.21
107	21	446	18.41
107	21,27	34	32.56
107	21,27	257	54.14
107	21,27	293	48.04
107	21,27	296	66.82
107	21,27	367	66.21
107	21,27	394	38.93
107	21,27	417	33.89
107	21,27	446	29.49
107	22	5	12.39
107	22	19	26.28
107	22	27	13.63
107	22	33	51.03
107	22	37	32.17
107	22	46	29.76
107	22	79	11.06
107	22	80	10.51
107	22	95	39.87
107	22	103	20.77
107	22	106	40.11
107	22	108	13.34
107	22	114	13.80
107	22	121	34.25
107	22	216	11.94
107	22	219	14.06
107	22	240	48.66
107	22	303	11.92
107	22	306	12.69
107	22	322	47.39
107	22	323	15.25
107	22	326	37.68
107	22	330	11.59
107	22	331	14.59
107	22	341	12.63
107	22	346	14.07
107	22	347	10.27
107	22	371	14.80
107	22	404	11.65
107	22	407	33.93
107	22	409	11.63
107	22	412	12.44
107	22	420	37.58
107	22	424	12.10
107	22	449	36.72
107	22	465	11.44
107	22	468	15.87
107	22	470	12.21
107	22	471	11.42
107	22	483	10.21
107	22	486	42.45
107	22	493	12.34
107	22	495	12.63
107	22	501	13.69
107	22	506	28.24
107	22	515	11.72
107	22	525	10.97
107	22	543	24.23
107	22	546	12.39
107	22	547	11.72
107	23	3	16.39
107	23	9	31.32
107	23	26	26.44
107	23	41	48.35
107	23	67	34.83
107	23	86	34.44
107	23	90	27.90
107	23	98	14.00
107	23	109	16.72
107	23	134	16.17
107	23	202	14.77
107	23	236	14.99
107	23	252	16.51
107	23	256	44.41
107	23	265	47.11
107	23	284	45.21
107	23	391	24.21
107	23	392	20.10
107	23	425	12.83
107	23	467	20.21
107	23	478	16.21
107	23	489	15.97
107	23	491	35.49
107	23	504	17.35
107	23	522	11.30
107	23	537	14.52
107	23	544	18.34
107	23,30	3	31.94
107	23,30	9	41.08
107	23,30	26	43.80
107	23,30	67	50.25
107	23,30	86	42.13
107	23,30	90	43.25
107	23,30	98	29.08
107	23,30	109	31.82
107	23,30	134	25.10
107	23,30	202	23.61
107	23,30	236	34.54
107	23,30	252	25.37
107	23,30	256	59.01
107	23,30	392	35.96
107	23,30	425	30.30
107	23,30	467	35.80
107	23,30	478	25.01
107	23,30	489	31.52
107	23,30	491	49.82
107	23,30	504	26.14
107	23,30	522	26.85
107	23,30	537	29.52
107	23,30	544	33.90
107	24	4	17.65
107	24	14	15.66
107	24	17	23.18
107	24	33	56.04
107	24	37	42.15
107	24	48	18.77
107	24	59	44.93
107	24	64	33.30
107	24	83	49.80
107	24	102	38.08
107	24	103	28.97
107	24	106	45.85
107	24	108	19.17
107	24	110	40.87
107	24	113	17.99
107	24	114	16.89
107	24	121	41.76
107	24	133	16.28
107	24	142	42.11
107	24	145	30.03
107	24	164	16.14
107	24	189	19.20
107	24	195	16.49
107	24	198	15.97
107	24	240	54.80
107	24	303	15.79
107	24	306	18.10
107	24	308	30.11
107	24	319	14.94
107	24	322	51.59
107	24	341	18.99
107	24	396	31.85
107	24	412	18.86
107	24	420	46.06
107	24	443	28.42
107	24	453	14.86
107	24	470	17.34
107	24	472	14.68
107	24	477	15.21
107	24	486	48.10
107	24	499	47.03
107	24	501	17.11
107	24,39	4	36.35
107	24,39	14	35.25
107	24,39	64	58.10
107	24,39	83	70.21
107	24,39	106	67.27
107	24,39	108	38.44
107	24,39	121	61.59
107	24,39	145	48.80
107	24,39	164	35.97
107	24,39	195	35.03
107	24,39	303	33.86
107	24,39	306	37.03
107	24,39	319	33.37
107	24,39	341	38.45
107	24,39	412	38.46
107	24,39	453	34.01
107	24,39	470	35.76
107	24,39	472	33.10
107	25	3	18.28
107	25	8	17.37
107	25	9	32.48
107	25	41	53.41
107	25	51	18.54
107	25	53	17.34
107	25	62	20.25
107	25	67	39.92
107	25	86	35.34
107	25	90	33.10
107	25	98	18.75
107	25	109	17.69
107	25	134	14.45
107	25	135	22.31
107	25	146	16.72
107	25	153	26.82
107	25	162	19.65
107	25	186	24.61
107	25	202	16.03
107	25	208	20.13
107	25	243	21.18
107	25	249	16.37
107	25	252	14.61
107	25	256	46.59
107	25	265	54.08
107	25	266	20.55
107	25	267	20.70
107	25	284	46.75
107	25	295	34.00
107	25	313	34.14
107	25	327	19.90
107	25	329	18.70
107	25	332	17.11
107	25	351	18.80
107	25	365	55.56
107	25	382	18.96
107	25	392	32.10
107	25	413	55.59
107	25	425	23.66
107	25	467	26.41
107	25	478	14.35
107	25	489	18.62
107	25	491	36.03
107	25	504	15.65
107	25	517	40.38
107	25	522	20.27
107	25	537	16.99
107	25	544	19.44
107	25,34	3	30.01
107	25,34	8	27.51
107	25,34	9	40.11
107	25,34	51	30.07
107	25,34	53	28.62
107	25,34	62	33.04
107	25,34	67	48.86
107	25,34	86	43.68
107	25,34	90	44.68
107	25,34	98	30.06
107	25,34	134	26.07
107	25,34	135	32.82
107	25,34	153	38.31
107	25,34	162	35.17
107	25,34	202	27.49
107	25,34	208	32.54
107	25,34	243	32.42
107	25,34	249	28.73
107	25,34	252	26.58
107	25,34	256	57.58
107	25,34	267	32.87
107	25,34	295	43.01
107	25,34	313	44.38
107	25,34	327	32.44
107	25,34	329	29.70
107	25,34	332	29.13
107	25,34	351	30.14
107	25,34	382	29.75
107	25,34	392	44.21
107	25,34	425	36.89
107	25,34	467	38.17
107	25,34	478	26.08
107	25,34	489	30.35
107	25,34	491	46.76
107	25,34	504	27.38
107	25,34	517	52.17
107	25,34	522	32.00
107	25,34	537	28.27
107	25,34	544	31.17
107	26	11	17.20
107	26	16	16.83
107	26	20	20.80
107	26	28	14.15
107	26	47	48.24
107	26	58	31.93
107	26	82	34.92
107	26	88	25.59
107	26	92	40.15
107	26	93	24.66
107	26	100	32.11
107	26	104	13.69
107	26	111	12.17
107	26	112	14.92
107	26	118	46.46
107	26	123	16.68
107	26	124	43.93
107	26	132	19.37
107	26	137	15.68
107	26	155	39.55
107	26	156	33.14
107	26	167	15.03
107	26	172	42.42
107	26	181	28.38
107	26	183	18.63
107	26	187	37.76
107	26	196	18.20
107	26	206	38.31
107	26	210	46.08
107	26	222	18.58
107	26	224	27.68
107	26	251	26.25
107	26	255	16.08
107	26	271	48.49
107	26	272	13.51
107	26	276	17.03
107	26	283	14.77
107	26	304	14.87
107	26	320	39.27
107	26	335	27.24
107	26	342	15.99
107	26	344	16.52
107	26	368	17.66
107	26	377	27.56
107	26	379	17.39
107	26	383	16.07
107	26	388	15.66
107	26	401	15.44
107	26	422	17.24
107	26	427	32.39
107	26	434	34.86
107	26	448	33.90
107	26	452	36.86
107	26	454	15.92
107	26	459	16.23
107	26	462	44.58
107	26	466	22.90
107	26	480	50.07
107	26	505	13.80
107	26	527	13.96
107	26	539	17.35
107	27	6	51.34
107	27	34	20.00
107	27	35	71.55
107	27	127	54.92
107	27	170	64.69
107	27	174	32.11
107	27	257	42.54
107	27	275	52.37
107	27	292	17.66
107	27	293	37.59
107	27	296	54.56
107	27	310	69.63
107	27	315	43.94
107	27	359	38.38
107	27	367	53.99
107	27	394	28.83
107	27	397	20.62
107	27	417	20.93
107	27	446	17.59
107	27	461	52.68
107	27	464	22.11
107	27	476	37.97
107	27	497	48.59
107	27	512	41.37
107	27	545	49.25
107	27	550	22.54
107	27,32	34	28.99
107	27,32	174	46.80
107	27,32	257	56.17
107	27,32	275	65.20
107	27,32	292	27.31
107	27,32	293	50.03
107	27,32	296	67.59
107	27,32	315	57.07
107	27,32	367	66.58
107	27,32	394	41.04
107	27,32	397	30.46
107	27,32	417	30.80
107	27,32	446	27.08
107	27,32	464	31.87
107	27,32	476	51.37
107	27,32	512	54.77
107	27,32	545	64.04
107	27,32	550	32.28
107	28	19	33.03
107	28	27	25.17
107	28	46	36.69
107	28	95	46.23
107	28	106	44.14
107	28	108	25.85
107	28	121	36.76
107	28	216	23.89
107	28	219	19.80
107	28	240	54.70
107	28	246	36.34
107	28	247	18.23
107	28	306	25.01
107	28	322	53.62
107	28	341	26.51
107	28	347	26.21
107	28	364	32.01
107	28	412	26.55
107	28	420	53.23
107	28	449	45.93
107	28	470	24.39
107	28	471	25.73
107	28	483	22.93
107	28	525	25.58
107	28	543	33.32
107	29	10	17.17
107	29	13	12.15
107	29	21	14.56
107	29	31	47.07
107	29	43	51.73
107	29	57	19.65
107	29	65	16.30
107	29	84	24.55
107	29	94	36.79
107	29	97	15.87
107	29	101	52.63
107	29	107	40.46
107	29	115	17.24
107	29	131	31.45
107	29	148	32.07
107	29	165	14.87
107	29	169	13.96
107	29	175	15.89
107	29	197	19.77
107	29	200	18.28
107	29	203	13.66
107	29	217	20.66
107	29	227	22.00
107	29	237	24.89
107	29	248	38.56
107	29	260	19.30
107	29	262	14.18
107	29	263	38.85
107	29	268	28.32
107	29	269	47.18
107	29	289	18.77
107	29	290	37.46
107	29	311	18.24
107	29	337	18.30
107	29	358	13.86
107	29	366	34.17
107	29	372	14.75
107	29	380	20.66
107	29	384	18.69
107	29	385	29.39
107	29	421	14.17
107	29	433	44.80
107	29	437	16.73
107	29	442	19.03
107	29	463	12.97
107	29	507	16.70
107	29	514	30.99
107	29	518	12.28
107	29	520	17.77
107	29	530	35.38
107	29	532	23.14
107	29	535	35.56
107	30	3	17.80
107	30	9	33.03
107	30	26	27.92
107	30	41	51.45
107	30	51	15.99
107	30	62	16.00
107	30	67	36.01
107	30	86	35.14
107	30	90	29.08
107	30	98	14.80
107	30	109	18.31
107	30	134	16.54
107	30	135	21.76
107	30	153	23.55
107	30	162	22.51
107	30	186	24.08
107	30	202	15.14
107	30	208	22.28
107	30	236	18.86
107	30	243	18.45
107	30	249	18.70
107	30	252	16.90
107	30	256	45.07
107	30	265	48.97
107	30	284	45.58
107	30	295	29.52
107	30	329	15.62
107	30	332	19.13
107	30	365	54.46
107	30	392	21.56
107	30	393	24.44
107	30	413	53.28
107	30	425	15.45
107	30	467	21.44
107	30	478	16.61
107	30	489	17.39
107	30	491	37.96
107	30	504	17.73
107	30	522	14.15
107	30	537	15.46
107	30	544	19.54
107	31	32	21.68
107	31	36	18.77
107	31	54	20.20
107	31	66	21.15
107	31	70	17.03
107	31	117	19.03
107	31	120	63.52
107	31	141	19.97
107	31	143	18.41
107	31	150	14.68
107	31	158	16.63
107	31	161	30.54
107	31	177	16.93
107	31	232	37.34
107	31	233	49.00
107	31	254	17.06
107	31	261	20.96
107	31	286	36.52
107	31	324	28.32
107	31	325	34.79
107	31	373	51.80
107	31	408	48.54
107	31	445	15.96
107	31	500	49.70
107	32	6	46.79
107	32	34	15.42
107	32	35	67.54
107	32	127	50.77
107	32	170	60.31
107	32	174	26.83
107	32	257	37.77
107	32	275	44.32
107	32	292	13.10
107	32	293	33.35
107	32	296	50.24
107	32	310	65.58
107	32	315	39.25
107	32	359	33.97
107	32	367	49.65
107	32	394	24.76
107	32	397	15.80
107	32	417	16.25
107	32	446	13.90
107	32	461	48.14
107	32	464	16.93
107	32	476	33.42
107	32	497	44.04
107	32	512	36.83
107	32	545	44.38
107	32	550	17.34
107	33	5	20.27
107	33	19	32.27
107	33	59	47.23
107	33	80	15.11
107	33	106	31.99
107	33	108	15.73
107	33	121	39.06
107	33	195	18.52
107	33	216	20.39
107	33	240	55.00
107	33	246	35.46
107	33	297	33.14
107	33	303	14.48
107	33	306	14.51
107	33	309	19.76
107	33	326	41.38
107	33	341	15.11
107	33	364	28.38
107	33	404	19.10
107	33	412	15.14
107	33	449	41.85
107	33	453	22.18
107	33	470	14.65
107	33	483	16.20
107	33	486	45.17
107	34	3	15.04
107	34	8	14.20
107	34	9	20.37
107	34	41	46.65
107	34	51	8.69
107	34	53	14.15
107	34	62	8.97
107	34	67	28.80
107	34	86	29.14
107	34	90	22.03
107	34	98	8.56
107	34	134	12.14
107	34	135	15.32
107	34	153	16.23
107	34	162	17.11
107	34	202	10.48
107	34	208	18.42
107	34	243	11.23
107	34	249	14.28
107	34	252	12.25
107	34	256	42.24
107	34	265	46.31
107	34	267	17.24
107	34	284	38.38
107	34	295	20.94
107	34	313	32.59
107	34	327	17.54
107	34	329	8.04
107	34	332	13.39
107	34	351	15.59
107	34	365	51.80
107	34	382	9.58
107	34	392	24.35
107	34	413	44.86
107	34	425	13.52
107	34	467	16.94
107	34	478	12.03
107	34	489	14.56
107	34	491	33.92
107	34	504	13.44
107	34	517	35.04
107	34	522	12.34
107	34	537	12.37
107	34	544	16.32
107	35	1	24.32
107	35	21	18.63
107	35	50	28.65
107	35	71	39.25
107	35	72	15.61
107	35	97	20.13
107	35	126	54.54
107	35	128	19.08
107	35	136	18.83
107	35	140	45.83
107	35	147	15.89
107	35	149	18.56
107	35	157	46.44
107	35	160	19.34
107	35	178	24.80
107	35	184	54.93
107	35	199	16.58
107	35	207	20.90
107	35	209	18.20
107	35	211	17.00
107	35	212	22.28
107	35	213	19.82
107	35	214	25.75
107	35	223	18.82
107	35	225	16.17
107	35	226	45.11
107	35	234	24.06
107	35	238	15.94
107	35	273	16.48
107	35	300	53.52
107	35	305	29.21
107	35	333	16.03
107	35	334	20.07
107	35	352	35.55
107	35	354	23.96
107	35	355	19.49
107	35	361	18.76
107	35	362	17.11
107	35	374	20.69
107	35	376	54.08
107	35	381	19.38
107	35	385	38.01
107	35	414	23.83
107	35	428	35.55
107	35	431	20.58
107	35	450	45.75
107	35	484	35.23
107	35	510	31.23
107	35	513	19.62
107	35	520	20.69
107	35	538	19.62
107	35,37	21	35.51
107	35,37	72	31.34
107	35,37	136	35.87
107	35,37	147	31.86
107	35,37	149	35.37
107	35,37	157	59.79
107	35,37	199	33.62
107	35,37	211	34.11
107	35,37	212	41.72
107	35,37	213	36.37
107	35,37	223	35.03
107	35,37	225	32.49
107	35,37	238	31.99
107	35,37	273	35.63
107	35,37	305	47.37
107	35,37	333	33.42
107	35,37	361	36.25
107	35,37	362	34.37
107	35,37	381	36.80
107	36	7	29.68
107	36	22	10.51
107	36	23	39.99
107	36	25	35.11
107	36	42	34.42
107	36	45	42.59
107	36	52	35.45
107	36	56	31.51
107	36	61	11.10
107	36	68	32.56
107	36	69	13.18
107	36	73	26.00
107	36	75	33.34
107	36	85	9.41
107	36	91	17.92
107	36	99	24.08
107	36	139	18.59
107	36	163	27.48
107	36	166	31.27
107	36	180	11.99
107	36	185	9.77
107	36	188	9.21
107	36	193	23.68
107	36	230	24.80
107	36	245	34.27
107	36	277	27.30
107	36	279	12.79
107	36	280	45.10
107	36	291	9.52
107	36	299	15.66
107	36	301	43.76
107	36	307	17.13
107	36	316	38.54
107	36	349	38.82
107	36	353	9.56
107	36	357	39.85
107	36	369	30.93
107	36	386	44.69
107	36	387	17.06
107	36	390	13.32
107	36	399	38.85
107	36	411	28.75
107	36	416	41.79
107	36	458	30.27
107	36	469	12.08
107	36	473	13.28
107	36	475	12.03
107	36	485	32.06
107	36	487	13.21
107	36	531	9.28
107	37	21	20.80
107	37	72	16.85
107	37	126	56.51
107	37	136	20.51
107	37	147	17.14
107	37	149	20.23
107	37	151	40.27
107	37	157	40.18
107	37	175	22.23
107	37	176	56.94
107	37	199	17.96
107	37	211	18.37
107	37	212	24.46
107	37	213	21.56
107	37	223	22.96
107	37	225	17.45
107	37	238	17.37
107	37	241	22.73
107	37	273	20.62
107	37	305	31.25
107	37	333	18.42
107	37	361	20.54
107	37	362	18.49
107	37	381	23.46
107	37	507	21.17
107	38	12	45.99
107	38	34	21.66
107	38	35	65.63
107	38	38	43.69
107	38	55	23.30
107	38	96	48.99
107	38	152	43.21
107	38	170	59.62
107	38	182	21.80
107	38	191	52.86
107	38	205	20.01
107	38	231	65.69
107	38	270	51.96
107	38	274	57.08
107	38	278	56.85
107	38	296	46.14
107	38	312	48.31
107	38	336	67.32
107	38	345	37.94
107	38	356	56.83
107	38	378	49.99
107	38	395	47.39
107	38	415	60.17
107	38	429	17.99
107	38	432	52.79
107	38	436	46.42
107	38	460	63.80
107	39	4	24.54
107	39	14	23.20
107	39	59	51.28
107	39	64	37.24
107	39	83	55.92
107	39	106	52.25
107	39	108	26.11
107	39	110	47.15
107	39	121	47.69
107	39	145	37.13
107	39	164	23.61
107	39	195	22.82
107	39	240	61.23
107	39	303	22.00
107	39	306	24.90
107	39	319	21.59
107	39	341	26.77
107	39	396	36.90
107	39	412	26.77
107	39	453	22.41
107	39	470	23.99
107	39	472	21.32
107	39	486	54.76
107	39	499	54.31
