Task=86 Orders=46 Vehicles=406 Scores=1644
86	1	5	42.76
86	1	12	37.86
86	1	35	26.00
86	1	36	22.24
86	1	41	50.14
86	1	44	41.56
86	1	46	25.06
86	1	61	22.07
86	1	69	49.25
86	1	70	24.20
86	1	71	52.20
86	1	95	32.42
86	1	115	49.24
86	1	132	29.10
86	1	137	23.61
86	1	145	39.76
86	1	155	36.37
86	1	175	39.62
86	1	193	47.52
86	1	220	33.00
86	1	222	36.82
86	1	233	23.76
86	1	238	51.56
86	1	248	42.10
86	1	266	20.44
86	1	270	24.79
86	1	283	61.28
86	1	285	38.62
86	1	288	22.20
86	1	290	22.96
86	1	296	51.68
86	1	305	57.35
86	1	307	20.01
86	1	316	26.34
86	1	347	21.42
86	1	371	22.93
86	1	376	37.06
86	1	386	19.87
86	1,10	5	65.55
86	1,10	35	48.90
86	1,10	44	66.27
86	1,10	61	43.34
86	1,10	95	52.31
86	1,10	137	50.21
86	1,10	145	65.89
86	1,10	155	51.65
86	1,10	175	66.73
86	1,10	220	57.48
86	1,10	222	63.75
86	1,10	238	74.75
86	1,10	266	41.85
86	1,10	285	63.06
86	1,44	5	62.63
86	1,44	44	64.76
86	1,44	61	44.25
86	1,44	95	49.07
86	1,44	137	53.70
86	1,44	145	67.39
86	1,44	155	62.90
86	1,44	175	64.39
86	1,44	238	72.94
86	1,44	266	47.18
86	1,44	285	62.73
86	2	15	15.51
86	2	28	35.87
86	2	32	41.17
86	2	48	58.89
86	2	75	39.69
86	2	111	26.54
86	2	120	48.30
86	2	129	56.99
86	2	162	52.01
86	2	163	47.90
86	2	169	42.24
86	2	187	36.06
86	2	227	24.61
86	2	295	34.76
86	2	304	30.92
86	2	308	49.10
86	2	312	57.66
86	2	363	25.49
86	2	373	41.99
86	2	375	50.90
86	2,36	227	52.76
86	2,36	295	63.94
86	3	13	37.65
86	3	25	44.55
86	3	29	47.35
86	3	43	38.39
86	3	47	29.46
86	3	59	33.73
86	3	72	26.89
86	3	77	24.13
86	3	80	27.17
86	3	110	16.35
86	3	121	23.20
86	3	133	40.45
86	3	136	35.97
86	3	142	53.65
86	3	149	61.35
86	3	151	46.73
86	3	158	15.90
86	3	160	44.31
86	3	173	36.48
86	3	180	19.38
86	3	184	18.27
86	3	186	38.52
86	3	194	28.01
86	3	199	57.34
86	3	205	49.66
86	3	211	47.28
86	3	232	47.06
86	3	234	41.63
86	3	242	47.59
86	3	243	15.42
86	3	244	48.04
86	3	275	51.55
86	3	300	24.32
86	3	324	20.28
86	3	329	38.66
86	3	354	26.20
86	3	366	21.70
86	3	379	26.92
86	3	384	36.14
86	3	396	53.65
86	3	399	36.25
86	3,38	43	62.04
86	3,38	110	37.77
86	3,38	133	65.85
86	3,38	142	80.62
86	3,38	149	88.08
86	3,38	151	70.72
86	3,38	158	39.63
86	3,38	160	68.45
86	3,38	173	61.54
86	3,38	205	75.42
86	3,38	211	70.14
86	3,38	242	72.15
86	3,38	243	38.48
86	3,38	244	69.82
86	3,38	366	45.82
86	3,38	384	60.37
86	3,38	396	77.87
86	4	15	13.27
86	4	32	32.80
86	4	33	40.30
86	4	38	39.31
86	4	39	69.13
86	4	48	54.61
86	4	75	45.58
86	4	109	50.75
86	4	111	24.55
86	4	120	49.55
86	4	129	52.85
86	4	141	32.92
86	4	163	40.42
86	4	187	33.32
86	4	209	37.99
86	4	213	19.14
86	4	227	22.10
86	4	295	23.86
86	4	308	44.93
86	4	312	55.39
86	4	333	34.77
86	4	357	19.76
86	4	373	37.59
86	4	375	47.03
86	4,5	15	28.93
86	4,5	32	44.39
86	4,5	33	51.25
86	4,5	48	65.76
86	4,5	163	54.38
86	4,5	187	44.75
86	4,5	227	39.45
86	4,5	295	41.49
86	4,5	312	66.18
86	4,5	375	57.80
86	4,36	38	48.90
86	4,36	213	28.96
86	4,36	227	37.73
86	4,36	295	53.97
86	4,46	15	26.13
86	4,46	32	48.63
86	4,46	33	56.72
86	4,46	38	56.70
86	4,46	48	72.28
86	4,46	163	68.28
86	4,46	187	48.87
86	4,46	213	35.55
86	4,46	227	36.70
86	4,46	295	38.45
86	4,46	312	72.66
86	4,46	375	63.10
86	5	2	21.49
86	5	15	13.99
86	5	32	34.00
86	5	33	40.42
86	5	39	71.03
86	5	48	56.70
86	5	128	52.61
86	5	129	54.34
86	5	163	42.61
86	5	187	34.37
86	5	227	23.66
86	5	295	27.46
86	5	312	57.96
86	5	375	47.65
86	6	26	67.92
86	6	50	44.70
86	6	85	66.77
86	6	92	56.38
86	6	150	56.34
86	6	171	42.83
86	6	189	65.82
86	6	265	46.42
86	6	280	46.27
86	6	336	64.93
86	6,8	50	55.00
86	6,8	92	67.31
86	6,8	150	66.24
86	6,8	171	51.27
86	6,8	189	84.06
86	6,8	265	56.59
86	6,8	280	56.92
86	6,16	50	72.92
86	6,16	92	79.61
86	6,16	171	58.08
86	6,16	189	86.11
86	6,16	265	73.20
86	6,16	280	68.44
86	6,21	50	60.76
86	6,21	92	89.83
86	6,21	265	75.83
86	7	3	23.89
86	7	27	24.76
86	7	37	25.75
86	7	57	39.65
86	7	99	39.08
86	7	101	60.42
86	7	118	72.62
86	7	139	52.52
86	7	143	25.54
86	7	154	55.77
86	7	156	29.00
86	7	178	53.14
86	7	196	46.21
86	7	254	49.90
86	7	257	23.62
86	7	261	55.08
86	7	319	37.27
86	7	337	47.04
86	7	344	27.65
86	7	390	44.39
86	7	394	39.80
86	7,22	3	39.37
86	7,22	37	41.52
86	7,22	57	54.44
86	7,22	99	52.44
86	7,22	139	58.01
86	7,22	143	43.55
86	7,22	154	70.61
86	7,22	156	44.75
86	7,22	254	64.73
86	7,22	257	39.97
86	7,22	319	52.61
86	7,22	337	62.72
86	7,22	344	43.62
86	7,22	390	60.15
86	7,22	394	55.59
86	8	26	64.82
86	8	34	51.42
86	8	50	40.77
86	8	62	30.73
86	8	85	63.11
86	8	88	46.59
86	8	92	53.70
86	8	150	52.58
86	8	171	37.90
86	8	189	56.30
86	8	206	64.92
86	8	265	43.58
86	8	280	43.52
86	8	336	59.79
86	8,16	50	67.31
86	8,16	62	52.48
86	8,16	88	71.31
86	8,16	92	82.15
86	8,16	171	53.82
86	8,16	189	80.76
86	8,16	265	68.30
86	8,16	280	70.52
86	8,37	50	62.93
86	8,37	92	87.63
86	8,37	171	67.03
86	8,37	189	85.32
86	8,37	265	72.93
86	9	6	45.24
86	9	60	52.68
86	9	62	34.45
86	9	87	29.18
86	9	88	54.90
86	9	128	52.79
86	9	138	45.85
86	9	153	65.18
86	9	241	35.80
86	9	320	33.39
86	9	328	20.38
86	9,21	60	76.04
86	9,21	62	56.34
86	9,21	87	52.01
86	9,21	88	79.11
86	9,21	128	79.76
86	9,21	138	69.63
86	9,21	241	59.93
86	9,21	320	52.10
86	9,21	328	40.03
86	9,32	6	56.83
86	9,32	60	72.00
86	9,32	62	52.30
86	9,32	87	40.70
86	9,32	88	66.38
86	9,32	128	64.08
86	9,32	138	57.46
86	9,32	241	47.77
86	9,32	320	50.17
86	9,32	328	31.49
86	9,37	87	51.30
86	9,37	138	61.72
86	9,37	328	44.44
86	9,41	6	58.80
86	9,41	60	65.93
86	9,41	87	39.38
86	9,41	88	66.42
86	9,41	128	64.13
86	9,41	138	55.25
86	9,41	241	48.97
86	9,41	320	40.44
86	9,41	328	31.17
86	10	5	43.03
86	10	21	21.46
86	10	31	53.75
86	10	35	28.44
86	10	40	22.58
86	10	44	49.83
86	10	61	22.99
86	10	95	35.25
86	10	97	35.46
86	10	137	27.37
86	10	145	41.90
86	10	152	38.83
86	10	155	31.42
86	10	166	46.00
86	10	175	43.17
86	10	193	54.07
86	10	220	42.86
86	10	222	45.13
86	10	238	51.94
86	10	266	21.86
86	10	285	40.46
86	10	313	45.27
86	10	327	32.41
86	11	5	38.72
86	11	21	20.34
86	11	28	43.34
86	11	31	50.21
86	11	32	43.51
86	11	40	21.18
86	11	58	30.18
86	11	61	22.75
86	11	97	30.20
86	11	129	61.49
86	11	137	28.42
86	11	145	43.59
86	11	152	39.28
86	11	155	39.23
86	11	163	50.52
86	11	169	49.85
86	11	187	40.72
86	11	238	47.92
86	11	266	23.62
86	11	285	37.54
86	11	304	40.11
86	11	312	54.94
86	11	313	43.28
86	11	327	29.70
86	11	375	48.38
86	11,12	61	38.25
86	11,12	137	45.45
86	11,12	238	64.54
86	11,12	266	38.69
86	11,17	5	51.51
86	11,17	21	29.85
86	11,17	40	30.06
86	11,17	58	42.69
86	11,17	61	33.24
86	11,17	97	43.75
86	11,17	137	39.38
86	11,17	145	54.35
86	11,17	152	48.59
86	11,17	155	54.41
86	11,17	163	63.92
86	11,17	169	63.01
86	11,17	187	54.28
86	11,17	238	60.70
86	11,17	266	33.38
86	11,17	285	48.65
86	11,17	312	64.17
86	11,17	313	53.17
86	11,17	327	51.48
86	11,17	375	59.00
86	11,30	5	45.85
86	11,30	21	27.37
86	11,30	40	28.07
86	11,30	58	37.63
86	11,30	61	30.34
86	11,30	97	37.13
86	11,30	137	35.87
86	11,30	145	57.32
86	11,30	152	46.31
86	11,30	155	53.65
86	11,30	163	58.28
86	11,30	238	55.45
86	11,30	266	30.69
86	11,30	285	44.54
86	11,30	312	67.23
86	11,30	313	49.87
86	11,30	327	50.38
86	11,30	375	55.58
86	11,44	5	51.24
86	11,44	21	33.01
86	11,44	28	56.30
86	11,44	61	35.92
86	11,44	137	42.21
86	11,44	145	57.25
86	11,44	155	54.37
86	11,44	163	64.30
86	11,44	169	62.77
86	11,44	238	60.79
86	11,44	266	36.30
86	11,44	285	49.97
86	11,44	304	52.82
86	11,44	312	67.35
86	11,44	327	54.54
86	11,44	375	60.94
86	12	11	36.21
86	12	35	28.73
86	12	41	51.56
86	12	44	40.63
86	12	61	21.46
86	12	95	29.27
86	12	137	24.93
86	12	168	40.99
86	12	175	38.56
86	12	220	40.45
86	12	222	41.01
86	12	238	52.41
86	12	248	39.69
86	12	260	44.34
86	12	266	22.70
86	12	296	53.14
86	12	376	40.54
86	12,13	35	42.18
86	12,13	44	56.62
86	12,13	61	35.13
86	12,13	95	42.39
86	12,13	137	39.52
86	12,13	175	51.90
86	12,13	222	55.34
86	12,13	238	65.70
86	12,13	266	35.90
86	12,24	11	45.06
86	12,24	35	42.32
86	12,24	41	59.68
86	12,24	44	54.10
86	12,24	95	46.48
86	12,24	137	40.79
86	12,24	168	51.68
86	12,24	175	46.87
86	12,24	220	48.27
86	12,24	222	51.68
86	12,24	248	48.39
86	12,24	260	52.61
86	12,24	296	61.85
86	12,24	376	50.17
86	12,43	11	46.08
86	12,43	35	37.77
86	12,43	41	59.85
86	12,43	44	52.69
86	12,43	61	31.15
86	12,43	95	36.94
86	12,43	137	35.18
86	12,43	175	47.92
86	12,43	220	49.31
86	12,43	222	49.58
86	12,43	238	61.87
86	12,43	248	50.07
86	12,43	266	31.94
86	12,43	296	62.65
86	12,43	376	48.30
86	13	5	41.25
86	13	12	37.72
86	13	21	18.20
86	13	31	41.34
86	13	35	27.63
86	13	36	19.93
86	13	40	20.56
86	13	44	46.46
86	13	46	19.75
86	13	61	17.15
86	13	63	19.41
86	13	69	54.30
86	13	70	19.68
86	13	71	50.87
86	13	95	30.23
86	13	103	40.93
86	13	137	22.48
86	13	145	40.07
86	13	155	33.54
86	13	166	42.97
86	13	169	50.92
86	13	175	40.59
86	13	193	52.34
86	13	222	42.93
86	13	233	25.17
86	13	238	50.48
86	13	240	32.38
86	13	266	20.18
86	13	283	63.58
86	13	285	39.10
86	13	288	24.86
86	13	312	50.80
86	13	313	42.73
86	13	327	40.35
86	13	347	21.18
86	13	360	20.41
86	13	371	20.11
86	13	375	49.15
86	14	15	13.51
86	14	28	31.11
86	14	32	37.10
86	14	38	34.97
86	14	48	57.27
86	14	75	34.42
86	14	120	49.93
86	14	129	53.18
86	14	162	46.89
86	14	169	33.77
86	14	195	35.04
86	14	213	16.44
86	14	227	20.39
86	14	295	29.39
86	14	297	49.30
86	14	304	41.83
86	14	363	27.55
86	14	367	27.76
86	14	373	37.35
86	14	374	40.48
86	14,36	38	62.31
86	14,36	213	32.96
86	14,36	227	41.30
86	14,36	295	55.68
86	14,46	15	29.37
86	14,46	28	50.82
86	14,46	32	57.10
86	14,46	38	63.97
86	14,46	48	77.03
86	14,46	169	56.80
86	14,46	213	35.31
86	14,46	227	37.75
86	14,46	295	44.54
86	14,46	304	61.32
86	15	11	38.55
86	15	20	26.73
86	15	22	29.23
86	15	45	26.87
86	15	49	32.03
86	15	51	33.06
86	15	78	24.46
86	15	84	28.20
86	15	119	28.03
86	15	144	66.31
86	15	168	40.44
86	15	181	32.07
86	15	214	28.21
86	15	249	24.41
86	15	250	23.42
86	15	258	52.42
86	15	260	44.49
86	15	296	57.10
86	15	298	25.28
86	15	305	70.14
86	15	311	63.11
86	15	348	29.31
86	15	372	27.75
86	15	377	30.48
86	15	404	45.41
86	15	406	40.63
86	15,35	11	51.17
86	15,35	20	38.51
86	15,35	22	43.13
86	15,35	45	39.54
86	15,35	49	43.73
86	15,35	51	45.87
86	15,35	78	36.03
86	15,35	84	39.55
86	15,35	119	40.46
86	15,35	168	52.61
86	15,35	181	44.46
86	15,35	214	39.44
86	15,35	249	37.07
86	15,35	250	34.44
86	15,35	258	63.11
86	15,35	260	56.85
86	15,35	298	36.77
86	15,35	311	74.80
86	15,35	348	41.01
86	15,35	372	39.14
86	15,35	377	42.42
86	15,35	404	58.75
86	15,35	406	52.00
86	16	26	65.68
86	16	50	41.25
86	16	62	33.25
86	16	85	65.65
86	16	88	46.46
86	16	92	53.48
86	16	171	28.54
86	16	189	65.06
86	16	265	43.46
86	16	280	43.44
86	16	306	46.97
86	16	328	21.52
86	16	336	61.63
86	16,37	50	56.08
86	16,37	92	68.52
86	16,37	171	47.56
86	16,37	189	78.70
86	16,37	265	57.17
86	16,37	306	60.48
86	16,37	328	33.61
86	17	5	33.11
86	17	12	35.13
86	17	21	10.68
86	17	31	39.90
86	17	36	13.52
86	17	40	12.85
86	17	46	11.79
86	17	58	24.13
86	17	61	13.72
86	17	63	10.63
86	17	69	47.01
86	17	70	12.46
86	17	71	44.06
86	17	97	24.03
86	17	103	36.76
86	17	111	25.20
86	17	120	43.83
86	17	137	17.75
86	17	145	34.62
86	17	152	29.83
86	17	155	31.66
86	17	163	42.94
86	17	166	37.07
86	17	169	44.38
86	17	187	34.70
86	17	193	47.82
86	17	209	35.28
86	17	238	41.99
86	17	240	17.01
86	17	266	14.25
86	17	273	14.89
86	17	274	23.77
86	17	285	30.25
86	17	312	45.41
86	17	313	31.75
86	17	327	27.55
86	17	330	17.99
86	17	357	15.18
86	17	360	10.39
86	17	371	13.66
86	17	375	40.63
86	18	13	43.80
86	18	64	25.87
86	18	65	36.73
86	18	90	25.39
86	18	96	53.69
86	18	100	23.92
86	18	102	29.76
86	18	110	20.58
86	18	126	26.20
86	18	131	64.86
86	18	151	51.21
86	18	157	32.72
86	18	160	47.58
86	18	164	55.01
86	18	179	39.45
86	18	215	27.58
86	18	228	30.14
86	18	230	44.52
86	18	242	58.28
86	18	310	25.80
86	18	338	61.85
86	18	342	52.69
86	18	359	48.00
86	18	362	55.45
86	18	378	42.82
86	18,20	64	40.18
86	18,20	90	38.87
86	18,20	96	65.55
86	18,20	100	35.87
86	18,20	102	53.30
86	18,20	110	31.35
86	18,20	157	46.48
86	18,20	164	67.61
86	18,20	179	50.94
86	18,20	215	39.48
86	18,20	228	44.45
86	18,20	230	57.34
86	18,20	242	70.85
86	18,20	342	65.76
86	18,20	359	60.59
86	18,20	378	54.51
86	18,26	64	40.75
86	18,26	90	39.08
86	18,26	96	64.37
86	18,26	100	36.34
86	18,26	102	51.68
86	18,26	157	46.58
86	18,26	164	66.07
86	18,26	179	51.55
86	18,26	215	39.94
86	18,26	228	44.49
86	18,26	342	66.42
86	18,26	378	55.08
86	18,38	110	37.61
86	18,38	151	70.37
86	18,38	160	67.23
86	18,38	230	58.59
86	18,38	242	69.70
86	18,38	359	63.21
86	19	4	42.63
86	19	16	27.35
86	19	34	58.73
86	19	52	51.32
86	19	74	51.56
86	19	82	47.79
86	19	86	46.35
86	19	146	38.63
86	19	182	55.89
86	19	204	42.68
86	19	206	71.31
86	19	229	58.79
86	19	236	54.94
86	19	301	50.45
86	19	309	30.89
86	19	369	56.62
86	19	392	50.37
86	19,27	4	48.79
86	19,27	16	35.82
86	19,27	34	67.41
86	19,27	52	59.13
86	19,27	74	58.37
86	19,27	82	55.99
86	19,27	86	52.93
86	19,27	146	47.58
86	19,27	229	67.37
86	19,27	236	64.31
86	19,27	301	61.49
86	19,27	369	75.42
86	19,27	392	58.65
86	19,31	16	35.76
86	19,31	52	71.27
86	19,31	86	53.65
86	19,31	309	39.14
86	19,31	369	67.76
86	19,34	4	49.59
86	19,34	16	35.66
86	19,34	34	67.31
86	19,34	52	59.89
86	19,34	74	59.28
86	19,34	82	53.85
86	19,34	86	52.97
86	19,34	146	47.62
86	19,34	229	68.51
86	19,34	236	64.68
86	19,34	301	56.49
86	19,34	369	75.56
86	19,34	392	59.34
86	19,45	4	55.17
86	19,45	16	42.41
86	19,45	34	73.38
86	19,45	74	66.14
86	19,45	82	60.41
86	19,45	86	62.99
86	19,45	146	55.55
86	19,45	204	61.30
86	19,45	229	78.92
86	19,45	236	73.92
86	19,45	301	63.58
86	19,45	369	77.80
86	19,45	392	66.14
86	20	9	22.00
86	20	10	22.30
86	20	64	21.87
86	20	90	25.00
86	20	91	32.25
86	20	96	53.94
86	20	100	23.39
86	20	102	28.93
86	20	110	20.86
86	20	131	63.73
86	20	157	30.75
86	20	164	54.89
86	20	170	34.46
86	20	172	44.93
86	20	179	39.80
86	20	215	26.62
86	20	216	38.18
86	20	228	26.63
86	20	230	42.20
86	20	239	20.61
86	20	242	57.24
86	20	244	49.70
86	20	334	43.01
86	20	338	63.49
86	20	339	38.58
86	20	342	53.73
86	20	359	48.66
86	20	361	61.25
86	20	370	34.14
86	20	378	44.07
86	20	403	21.11
86	21	50	41.76
86	21	60	53.93
86	21	62	36.86
86	21	87	31.46
86	21	88	56.00
86	21	92	63.94
86	21	128	53.10
86	21	138	46.00
86	21	153	65.87
86	21	241	35.70
86	21	265	52.87
86	21	306	52.13
86	21	320	33.66
86	21	328	18.80
86	22	3	25.07
86	22	18	61.45
86	22	37	26.86
86	22	42	38.65
86	22	56	26.07
86	22	57	41.00
86	22	99	41.23
86	22	101	62.10
86	22	117	57.56
86	22	118	73.93
86	22	139	50.37
86	22	140	54.93
86	22	143	25.31
86	22	154	57.07
86	22	156	30.01
86	22	178	58.32
86	22	191	42.55
86	22	196	47.24
86	22	224	43.99
86	22	237	37.76
86	22	245	35.24
86	22	254	51.21
86	22	257	25.27
86	22	261	56.62
86	22	267	52.97
86	22	276	23.54
86	22	278	37.15
86	22	284	29.23
86	22	314	43.62
86	22	319	39.37
86	22	337	48.18
86	22	343	37.20
86	22	344	29.77
86	22	346	37.68
86	22	351	36.89
86	22	390	46.31
86	22	394	41.39
86	23	8	43.03
86	23	9	16.80
86	23	10	15.89
86	23	17	18.49
86	23	19	28.90
86	23	23	14.27
86	23	24	19.06
86	23	53	13.52
86	23	64	21.97
86	23	66	18.15
86	23	68	19.65
86	23	73	51.62
86	23	76	47.59
86	23	79	17.17
86	23	83	26.68
86	23	89	43.83
86	23	91	24.66
86	23	112	21.21
86	23	113	44.96
86	23	123	17.59
86	23	131	56.38
86	23	135	23.48
86	23	148	21.72
86	23	165	44.83
86	23	167	62.07
86	23	172	40.01
86	23	183	16.90
86	23	188	19.07
86	23	197	49.07
86	23	203	40.15
86	23	207	18.38
86	23	212	24.77
86	23	215	23.68
86	23	216	27.39
86	23	217	20.79
86	23	221	42.61
86	23	223	19.92
86	23	226	19.80
86	23	228	22.79
86	23	255	27.28
86	23	263	34.46
86	23	268	22.72
86	23	269	21.51
86	23	277	54.87
86	23	279	16.83
86	23	282	18.55
86	23	292	19.51
86	23	293	53.30
86	23	294	19.00
86	23	299	56.83
86	23	315	31.86
86	23	317	20.27
86	23	321	16.58
86	23	323	18.24
86	23	338	61.55
86	23	339	30.21
86	23	341	23.45
86	23	342	50.92
86	23	349	17.13
86	23	352	20.85
86	23	370	26.86
86	23	389	16.11
86	23	393	17.65
86	23	403	14.51
86	23,25	9	29.23
86	23,25	10	28.58
86	23,25	64	36.14
86	23,25	76	59.34
86	23,25	83	37.58
86	23,25	91	36.93
86	23,25	172	52.49
86	23,25	203	50.83
86	23,25	215	35.72
86	23,25	216	42.82
86	23,25	228	36.72
86	23,25	255	39.30
86	23,25	293	65.62
86	23,25	294	30.83
86	23,25	315	43.77
86	23,25	339	42.82
86	23,25	342	64.39
86	23,25	370	38.82
86	23,25	403	26.85
86	24	11	36.31
86	24	20	22.48
86	24	35	31.42
86	24	41	52.38
86	24	44	46.08
86	24	78	20.07
86	24	95	32.58
86	24	119	24.56
86	24	137	28.89
86	24	144	62.87
86	24	168	44.28
86	24	175	38.82
86	24	220	40.41
86	24	222	42.85
86	24	248	37.37
86	24	256	26.93
86	24	260	44.41
86	24	296	53.73
86	24	376	42.30
86	24,43	11	46.30
86	24,43	35	41.03
86	24,43	41	69.21
86	24,43	44	64.70
86	24,43	95	47.52
86	24,43	137	39.38
86	24,43	175	48.32
86	24,43	220	49.37
86	24,43	222	61.63
86	24,43	248	47.79
86	24,43	296	63.42
86	24,43	376	58.93
86	25	9	18.73
86	25	10	17.62
86	25	64	22.17
86	25	76	49.32
86	25	83	29.11
86	25	91	27.06
86	25	96	53.97
86	25	102	34.96
86	25	113	45.13
86	25	131	58.20
86	25	167	64.39
86	25	172	42.58
86	25	203	41.52
86	25	215	24.52
86	25	216	30.06
86	25	228	23.87
86	25	255	29.55
86	25	277	57.07
86	25	293	55.20
86	25	294	21.31
86	25	299	58.11
86	25	315	27.41
86	25	338	63.04
86	25	339	32.86
86	25	342	51.63
86	25	370	29.14
86	25	403	16.10
86	26	1	39.55
86	26	8	47.49
86	26	9	20.31
86	26	10	19.99
86	26	19	25.52
86	26	23	20.06
86	26	53	18.75
86	26	54	22.59
86	26	64	18.11
86	26	66	22.07
86	26	68	19.13
86	26	89	38.89
86	26	90	21.27
86	26	91	29.46
86	26	96	52.58
86	26	100	20.18
86	26	102	29.51
86	26	105	31.08
86	26	112	22.59
86	26	113	43.07
86	26	123	23.04
86	26	131	60.45
86	26	134	23.55
86	26	147	34.31
86	26	148	24.62
86	26	157	26.08
86	26	164	50.76
86	26	165	48.82
86	26	170	31.37
86	26	172	41.77
86	26	176	23.01
86	26	177	22.31
86	26	179	36.62
86	26	183	22.93
86	26	207	17.49
86	26	208	45.97
86	26	210	24.24
86	26	212	25.28
86	26	215	25.68
86	26	216	36.86
86	26	217	16.55
86	26	223	16.86
86	26	226	21.80
86	26	228	25.31
86	26	239	17.49
86	26	269	17.32
86	26	277	59.76
86	26	279	22.14
86	26	281	20.58
86	26	282	16.94
86	26	286	19.85
86	26	287	24.59
86	26	292	15.69
86	26	293	56.38
86	26	299	58.90
86	26	315	27.77
86	26	321	23.32
86	26	322	21.68
86	26	332	32.01
86	26	334	39.25
86	26	335	26.44
86	26	338	60.83
86	26	339	35.51
86	26	342	52.66
86	26	345	35.21
86	26	349	19.70
86	26	352	23.89
86	26	361	57.89
86	26	370	31.48
86	26	378	42.73
86	26	381	20.69
86	26	383	22.83
86	26	389	19.63
86	26	403	18.63
86	27	4	37.77
86	27	16	25.39
86	27	34	56.82
86	27	52	48.00
86	27	74	46.92
86	27	82	46.69
86	27	86	42.15
86	27	146	36.87
86	27	150	57.14
86	27	182	52.65
86	27	206	70.20
86	27	229	54.48
86	27	236	51.85
86	27	301	51.10
86	27	369	62.51
86	27	392	47.17
86	27,28	4	58.72
86	27,28	16	45.54
86	27,28	34	77.89
86	27,28	52	71.27
86	27,28	74	69.94
86	27,28	82	66.97
86	27,28	86	61.52
86	27,28	146	59.89
86	27,28	150	81.23
86	27,28	229	82.68
86	27,28	236	79.25
86	27,28	301	75.03
86	27,28	369	87.27
86	27,28	392	70.46
86	27,34	4	44.63
86	27,34	16	31.76
86	27,34	34	63.34
86	27,34	52	54.13
86	27,34	74	53.61
86	27,34	82	52.76
86	27,34	86	48.03
86	27,34	146	43.55
86	27,34	150	64.25
86	27,34	229	61.08
86	27,34	236	58.63
86	27,34	301	53.65
86	27,34	369	70.52
86	27,34	392	53.77
86	27,45	4	52.73
86	27,45	16	39.69
86	27,45	34	69.44
86	27,45	74	62.97
86	27,45	82	58.66
86	27,45	86	53.54
86	27,45	146	52.90
86	27,45	150	73.20
86	27,45	229	73.39
86	27,45	236	67.93
86	27,45	301	61.42
86	27,45	369	80.08
86	27,45	392	63.34
86	28	4	38.18
86	28	16	24.87
86	28	34	57.46
86	28	52	48.75
86	28	74	47.32
86	28	82	46.27
86	28	86	37.08
86	28	146	36.94
86	28	150	57.89
86	28	182	53.13
86	28	206	70.89
86	28	229	55.42
86	28	236	52.73
86	28	301	56.07
86	28	369	63.23
86	28	392	47.92
86	29	11	40.21
86	29	20	26.99
86	29	35	36.06
86	29	41	57.79
86	29	44	55.23
86	29	78	24.77
86	29	84	28.37
86	29	95	46.69
86	29	107	46.23
86	29	115	54.82
86	29	119	28.77
86	29	144	67.68
86	29	168	48.63
86	29	175	45.38
86	29	185	45.08
86	29	220	44.62
86	29	222	48.44
86	29	248	47.52
86	29	260	50.35
86	29	296	61.14
86	29	376	47.70
86	29,33	35	59.01
86	29,33	41	80.44
86	29,33	95	76.00
86	29,33	107	75.31
86	29,33	185	75.58
86	29,33	220	70.76
86	29,33	222	78.55
86	29,33	296	90.99
86	29,42	11	56.14
86	29,42	35	48.76
86	29,42	41	75.52
86	29,42	44	62.31
86	29,42	95	55.94
86	29,42	168	66.46
86	29,42	175	60.11
86	29,42	220	55.37
86	29,42	222	61.58
86	29,42	248	68.38
86	29,42	260	65.31
86	29,42	296	81.92
86	29,42	376	59.41
86	30	5	34.72
86	30	12	32.72
86	30	21	12.08
86	30	31	46.97
86	30	36	13.44
86	30	40	14.30
86	30	46	11.73
86	30	58	25.72
86	30	61	13.89
86	30	63	12.77
86	30	69	48.45
86	30	70	12.39
86	30	71	44.62
86	30	95	25.08
86	30	97	26.14
86	30	103	37.07
86	30	111	26.82
86	30	137	17.86
86	30	145	34.54
86	30	152	31.23
86	30	155	30.90
86	30	163	44.89
86	30	166	37.10
86	30	193	47.82
86	30	222	36.70
86	30	238	43.56
86	30	240	28.23
86	30	266	14.15
86	30	273	17.58
86	30	274	25.70
86	30	285	31.79
86	30	312	45.32
86	30	313	33.70
86	30	327	26.45
86	30	330	20.46
86	30	347	15.54
86	30	357	17.11
86	30	360	12.86
86	30	371	13.58
86	30	375	42.45
86	30	385	16.49
86	31	7	21.56
86	31	16	22.23
86	31	30	48.44
86	31	52	41.30
86	31	67	29.06
86	31	86	43.94
86	31	94	28.86
86	31	98	32.79
86	31	104	51.10
86	31	106	19.15
86	31	108	22.10
86	31	122	31.00
86	31	124	17.21
86	31	125	34.32
86	31	127	19.79
86	31	130	52.39
86	31	161	58.93
86	31	190	40.00
86	31	201	21.49
86	31	202	46.77
86	31	247	34.35
86	31	251	41.28
86	31	262	45.18
86	31	264	16.03
86	31	302	36.00
86	31	303	57.66
86	31	309	26.68
86	31	318	40.59
86	31	325	35.63
86	31	326	19.25
86	31	331	21.13
86	31	340	30.35
86	31	350	57.13
86	31	355	20.87
86	31	356	30.62
86	31	358	20.37
86	31	364	44.39
86	31	365	19.79
86	31	369	52.49
86	31	380	43.83
86	31	387	19.32
86	31	388	20.06
86	31	391	43.39
86	31	395	19.89
86	31	397	39.17
86	31	398	19.11
86	31	400	52.39
86	31	401	31.37
86	31	402	16.34
86	31	405	35.46
86	32	6	38.56
86	32	60	47.23
86	32	62	29.32
86	32	87	23.70
86	32	88	48.87
86	32	93	20.58
86	32	109	45.62
86	32	114	38.54
86	32	116	50.62
86	32	128	47.15
86	32	138	39.90
86	32	153	59.41
86	32	174	28.07
86	32	200	28.13
86	32	225	39.08
86	32	231	36.58
86	32	241	29.93
86	32	252	36.99
86	32	272	35.69
86	32	291	46.10
86	32	320	28.52
86	32	328	15.21
86	32	353	44.63
86	32	368	18.32
86	32	382	36.61
86	32,41	6	52.13
86	32,41	60	60.46
86	32,41	87	33.90
86	32,41	88	60.38
86	32,41	93	33.03
86	32,41	114	49.35
86	32,41	128	58.51
86	32,41	138	49.32
86	32,41	174	41.10
86	32,41	200	41.01
86	32,41	241	43.10
86	32,41	272	49.59
86	32,41	320	35.56
86	32,41	328	26.13
86	32,41	368	30.52
86	32,41	382	46.82
86	33	14	49.10
86	33	35	24.61
86	33	41	51.66
86	33	55	23.89
86	33	95	41.96
86	33	107	40.90
86	33	115	54.80
86	33	185	37.86
86	33	219	55.72
86	33	220	41.27
86	33	222	42.77
86	33	246	49.73
86	33	289	23.51
86	33	296	55.99
86	34	4	37.38
86	34	16	24.07
86	34	34	56.68
86	34	52	48.03
86	34	74	46.42
86	34	82	35.99
86	34	86	41.07
86	34	146	36.06
86	34	150	57.17
86	34	182	52.21
86	34	206	70.23
86	34	229	54.51
86	34	236	51.90
86	34	301	43.83
86	34	369	59.94
86	34	392	47.24
86	34,45	4	51.23
86	34,45	16	37.32
86	34,45	34	69.32
86	34,45	74	61.25
86	34,45	82	58.07
86	34,45	86	51.20
86	34,45	146	50.86
86	34,45	150	70.61
86	34,45	229	71.83
86	34,45	236	68.28
86	34,45	301	56.86
86	34,45	369	71.75
86	34,45	392	61.52
86	35	11	34.68
86	35	20	22.93
86	35	22	26.14
86	35	45	24.52
86	35	49	28.15
86	35	51	29.77
86	35	78	20.96
86	35	84	24.10
86	35	119	24.15
86	35	144	62.58
86	35	168	37.90
86	35	181	27.89
86	35	214	23.59
86	35	249	20.92
86	35	250	19.55
86	35	258	47.49
86	35	260	41.14
86	35	298	21.15
86	35	311	59.56
86	35	348	25.30
86	35	372	23.44
86	35	377	26.21
86	35	404	42.58
86	35	406	36.06
86	36	38	42.55
86	36	159	64.27
86	36	213	22.77
86	36	227	31.96
86	36	235	34.08
86	36	259	43.15
86	36	295	42.49
86	36	297	61.45
86	36,39	38	57.80
86	36,39	213	38.24
86	36,39	227	46.06
86	36,39	295	55.58
86	36,40	38	58.63
86	36,40	213	39.08
86	36,40	227	46.96
86	36,40	295	56.11
86	36,46	38	59.89
86	36,46	213	38.87
86	36,46	227	46.85
86	36,46	295	54.82
86	37	50	41.13
86	37	81	57.51
86	37	87	34.80
86	37	92	57.04
86	37	138	44.45
86	37	171	41.58
86	37	189	67.24
86	37	265	46.55
86	37	306	51.94
86	37	328	23.37
86	38	29	55.79
86	38	43	47.66
86	38	110	27.38
86	38	133	50.32
86	38	142	67.75
86	38	149	71.76
86	38	151	58.92
86	38	158	26.38
86	38	160	55.52
86	38	173	50.55
86	38	198	39.75
86	38	205	64.17
86	38	211	55.97
86	38	230	46.55
86	38	242	57.87
86	38	243	25.34
86	38	244	57.80
86	38	253	37.96
86	38	271	70.00
86	38	359	53.17
86	38	366	33.32
86	38	384	50.20
86	38	396	62.87
86	39	15	9.99
86	39	28	29.96
86	39	32	33.77
86	39	38	35.06
86	39	48	52.45
86	39	75	38.11
86	39	111	20.24
86	39	120	45.25
86	39	129	50.83
86	39	163	39.92
86	39	169	40.48
86	39	187	29.35
86	39	209	35.39
86	39	213	14.62
86	39	227	18.45
86	39	295	27.96
86	39	304	33.41
86	39	308	42.15
86	39	312	50.66
86	39	333	21.07
86	39	363	22.24
86	39	373	34.89
86	39	375	44.21
86	40	15	10.85
86	40	32	35.25
86	40	33	38.65
86	40	38	35.93
86	40	39	68.73
86	40	48	53.59
86	40	75	39.80
86	40	109	50.14
86	40	111	20.66
86	40	120	46.45
86	40	129	51.92
86	40	141	31.45
86	40	163	41.08
86	40	169	41.41
86	40	187	29.61
86	40	209	36.14
86	40	213	16.46
86	40	227	19.21
86	40	295	29.15
86	40	308	43.45
86	40	312	53.31
86	40	333	23.65
86	40	357	17.28
86	40	363	25.34
86	40	373	36.51
86	40	375	45.46
86	41	2	16.23
86	41	6	36.35
86	41	33	40.49
86	41	60	45.52
86	41	87	19.68
86	41	88	45.31
86	41	93	17.03
86	41	109	42.69
86	41	114	32.52
86	41	128	43.87
86	41	138	34.58
86	41	153	56.01
86	41	174	22.58
86	41	200	25.03
86	41	241	27.94
86	41	272	32.17
86	41	291	43.20
86	41	306	41.59
86	41	320	22.79
86	41	328	12.80
86	41	368	13.24
86	41	382	29.41
86	42	11	35.59
86	42	35	27.48
86	42	41	50.35
86	42	44	39.79
86	42	61	22.23
86	42	95	34.66
86	42	115	50.92
86	42	137	24.82
86	42	168	40.39
86	42	175	39.07
86	42	220	29.52
86	42	222	39.32
86	42	238	52.08
86	42	248	42.01
86	42	260	43.89
86	42	266	22.52
86	42	296	51.90
86	42	376	39.01
86	43	11	31.41
86	43	35	22.56
86	43	36	18.75
86	43	41	47.45
86	43	44	38.87
86	43	61	19.13
86	43	69	46.11
86	43	70	20.54
86	43	71	48.93
86	43	95	22.87
86	43	107	36.07
86	43	115	46.11
86	43	132	25.27
86	43	137	19.86
86	43	175	36.21
86	43	218	20.32
86	43	220	35.93
86	43	222	33.39
86	43	233	21.54
86	43	238	49.37
86	43	248	39.01
86	43	266	17.14
86	43	270	20.77
86	43	283	57.63
86	43	288	18.89
86	43	290	19.39
86	43	296	51.73
86	43	305	54.04
86	43	307	16.51
86	43	316	22.56
86	43	347	17.52
86	43	371	19.41
86	43	376	33.93
86	43	386	16.34
86	43	404	34.41
86	43	406	37.75
86	44	5	41.83
86	44	21	22.63
86	44	28	44.83
86	44	31	52.52
86	44	44	50.56
86	44	61	22.20
86	44	95	36.21
86	44	137	28.94
86	44	145	45.18
86	44	155	44.15
86	44	163	52.94
86	44	169	52.92
86	44	175	42.68
86	44	238	51.85
86	44	266	25.48
86	44	285	41.90
86	44	304	43.18
86	44	312	56.39
86	44	327	30.61
86	44	375	52.39
86	45	4	37.48
86	45	16	26.04
86	45	34	55.72
86	45	74	46.97
86	45	82	36.86
86	45	86	40.51
86	45	146	36.59
86	45	150	57.93
86	45	182	53.92
86	45	192	42.72
86	45	204	39.68
86	45	206	68.11
86	45	229	56.42
86	45	236	51.56
86	45	301	46.11
86	45	369	59.04
86	45	392	46.66
86	46	15	16.46
86	46	28	39.76
86	46	32	33.73
86	46	33	46.06
86	46	38	46.21
86	46	39	75.24
86	46	48	61.55
86	46	129	58.77
86	46	163	49.49
86	46	169	39.06
86	46	187	37.87
86	46	213	24.92
86	46	227	26.82
86	46	295	24.25
86	46	304	45.92
86	46	312	62.25
86	46	375	52.54
