Task=37 Orders=29 Vehicles=400 Scores=1460
37	1	1	50.45
37	1	15	19.15
37	1	35	30.06
37	1	45	17.85
37	1	46	37.93
37	1	50	17.49
37	1	59	21.01
37	1	64	23.15
37	1	65	20.03
37	1	69	35.51
37	1	72	20.61
37	1	92	24.08
37	1	99	33.54
37	1	110	21.79
37	1	111	22.86
37	1	120	33.65
37	1	126	22.49
37	1	128	19.59
37	1	129	22.82
37	1	130	43.87
37	1	142	19.92
37	1	145	49.80
37	1	150	47.97
37	1	158	21.28
37	1	159	43.27
37	1	162	19.27
37	1	166	41.92
37	1	168	59.17
37	1	172	19.17
37	1	176	42.13
37	1	180	24.51
37	1	185	54.01
37	1	187	46.37
37	1	191	19.17
37	1	195	20.10
37	1	199	41.68
37	1	208	29.54
37	1	211	27.25
37	1	213	23.21
37	1	215	24.68
37	1	219	54.80
37	1	222	18.90
37	1	223	49.52
37	1	227	22.37
37	1	233	22.82
37	1	235	21.44
37	1	241	44.77
37	1	242	43.77
37	1	252	40.25
37	1	258	19.46
37	1	261	38.51
37	1	263	47.13
37	1	268	17.42
37	1	276	20.99
37	1	310	37.75
37	1	311	23.89
37	1	314	18.54
37	1	317	33.99
37	1	320	33.37
37	1	323	17.69
37	1	324	15.48
37	1	325	17.89
37	1	333	16.80
37	1	343	46.23
37	1	353	42.76
37	1	356	17.69
37	1	359	18.93
37	1	363	21.82
37	1	364	20.07
37	1	384	37.63
37	1	391	19.80
37	1,13	59	50.14
37	1,13	99	59.44
37	1,13	129	51.04
37	1,13	130	59.65
37	1,13	142	44.92
37	1,13	150	73.89
37	1,13	166	63.63
37	1,13	176	68.82
37	1,13	199	66.92
37	1,13	208	55.97
37	1,13	252	64.77
37	1,13	263	72.93
37	1,13	353	68.21
37	1,13	359	42.54
37	1,16	59	44.03
37	1,16	99	60.24
37	1,16	129	42.27
37	1,16	130	58.94
37	1,16	142	36.42
37	1,16	150	74.42
37	1,16	176	69.62
37	1,16	187	61.20
37	1,16	208	56.77
37	1,16	252	65.55
37	1,16	263	73.72
37	1,16	310	59.99
37	1,16	359	34.06
37	2	3	43.62
37	2	4	50.92
37	2	43	14.27
37	2	57	38.42
37	2	68	18.45
37	2	81	19.92
37	2	133	40.73
37	2	144	42.37
37	2	149	22.93
37	2	155	42.83
37	2	156	32.85
37	2	175	54.69
37	2	178	23.76
37	2	203	43.89
37	2	209	23.48
37	2	234	20.92
37	2	244	14.59
37	2	248	40.61
37	2	255	48.58
37	2	262	18.75
37	2	271	59.65
37	2	275	58.20
37	2	300	20.90
37	2	301	35.00
37	2	318	46.73
37	2	332	30.96
37	2	335	20.39
37	2	349	19.83
37	2	352	19.82
37	2	358	30.21
37	2	365	18.82
37	2	386	46.89
37	2	392	17.66
37	2,17	4	64.03
37	2,17	43	26.77
37	2,17	144	55.42
37	2,17	149	35.54
37	2,17	156	46.62
37	2,17	175	67.99
37	2,17	203	56.39
37	2,17	244	27.21
37	3	2	13.75
37	3	6	27.82
37	3	13	44.14
37	3	24	32.79
37	3	28	30.65
37	3	29	42.07
37	3	31	23.13
37	3	36	21.82
37	3	47	29.89
37	3	53	31.70
37	3	55	9.56
37	3	61	33.08
37	3	63	13.04
37	3	66	38.63
37	3	76	43.87
37	3	90	33.10
37	3	95	18.03
37	3	96	17.31
37	3	97	45.70
37	3	102	29.80
37	3	104	48.51
37	3	106	35.65
37	3	107	15.39
37	3	122	52.69
37	3	123	29.08
37	3	132	23.83
37	3	148	38.90
37	3	154	35.46
37	3	163	26.25
37	3	171	42.03
37	3	174	36.65
37	3	186	32.85
37	3	190	23.18
37	3	194	50.56
37	3	196	15.59
37	3	204	20.76
37	3	205	45.92
37	3	236	18.99
37	3	246	9.51
37	3	257	33.59
37	3	279	40.97
37	3	280	10.03
37	3	283	25.44
37	3	293	37.97
37	3	298	15.63
37	3	302	30.04
37	3	303	31.39
37	3	306	10.14
37	3	313	27.21
37	3	328	18.30
37	3	330	23.17
37	3	334	13.89
37	3	338	12.17
37	3	340	13.80
37	3	342	10.52
37	3	345	37.46
37	3	348	9.93
37	3	354	28.90
37	3	355	33.68
37	3	361	14.27
37	3	362	40.86
37	3	366	31.39
37	3	367	28.04
37	3	368	12.79
37	3	375	12.51
37	3	376	18.62
37	3	378	11.99
37	3	379	35.65
37	3	385	12.55
37	3	395	12.66
37	3	396	16.87
37	3	397	34.68
37	3	398	10.94
37	3	400	55.80
37	3,4	24	51.73
37	3,4	28	49.07
37	3,4	29	59.97
37	3,4	53	50.32
37	3,4	61	56.11
37	3,4	97	62.65
37	3,4	132	42.85
37	3,4	148	57.87
37	3,4	163	44.00
37	3,4	171	66.52
37	3,4	174	57.23
37	3,4	186	53.39
37	3,4	196	35.46
37	3,4	205	64.86
37	3,4	283	46.80
37	3,4	293	58.17
37	3,4	313	44.61
37	3,4	354	48.92
37	3,4	355	53.87
37	3,4	362	63.20
37	3,4	379	55.86
37	4	24	43.39
37	4	28	37.85
37	4	29	51.72
37	4	39	54.80
37	4	53	40.49
37	4	61	44.25
37	4	97	52.58
37	4	104	60.83
37	4	132	34.93
37	4	148	46.61
37	4	154	46.63
37	4	163	33.56
37	4	171	55.83
37	4	174	46.28
37	4	186	41.32
37	4	196	23.65
37	4	205	49.83
37	4	256	51.58
37	4	283	35.63
37	4	293	41.63
37	4	299	61.63
37	4	313	34.39
37	4	354	39.56
37	4	355	41.76
37	4	362	48.01
37	4	379	43.92
37	4,12	24	51.96
37	4,12	28	47.04
37	4,12	29	59.94
37	4,12	53	49.39
37	4,12	61	53.17
37	4,12	97	60.99
37	4,12	132	42.90
37	4,12	148	56.15
37	4,12	163	41.99
37	4,12	171	66.65
37	4,12	174	56.52
37	4,12	186	51.21
37	4,12	196	33.21
37	4,12	205	62.68
37	4,12	283	46.10
37	4,12	293	60.17
37	4,12	313	43.37
37	4,12	354	49.14
37	4,12	355	51.44
37	4,12	362	59.97
37	4,12	379	53.62
37	4,14	39	72.75
37	5	7	20.58
37	5	11	16.51
37	5	16	44.31
37	5	18	18.62
37	5	22	38.72
37	5	30	26.06
37	5	32	18.45
37	5	38	42.46
37	5	40	17.99
37	5	49	26.25
37	5	51	17.83
37	5	56	35.42
37	5	87	15.23
37	5	94	32.14
37	5	114	37.94
37	5	119	17.58
37	5	127	16.99
37	5	131	21.27
37	5	139	22.87
37	5	160	43.39
37	5	170	35.54
37	5	179	44.83
37	5	197	18.75
37	5	198	16.93
37	5	206	33.94
37	5	216	27.06
37	5	217	46.82
37	5	220	39.70
37	5	221	28.14
37	5	224	28.52
37	5	239	34.06
37	5	240	29.21
37	5	243	16.00
37	5	247	39.73
37	5	277	18.72
37	5	284	23.96
37	5	286	32.63
37	5	289	23.34
37	5	290	35.20
37	5	296	16.28
37	5	304	54.96
37	5	305	19.07
37	5	309	44.52
37	5	316	42.42
37	5	329	26.89
37	5	339	31.61
37	5	341	14.99
37	5	350	26.92
37	5	351	17.96
37	5	357	29.38
37	5	360	16.27
37	5	369	15.80
37	5	371	64.39
37	5	374	15.24
37	5	389	48.44
37	5,7	7	32.11
37	5,7	11	28.52
37	5,7	16	54.73
37	5,7	22	49.44
37	5,7	30	36.20
37	5,7	51	28.15
37	5,7	87	26.85
37	5,7	94	42.89
37	5,7	114	49.13
37	5,7	127	27.97
37	5,7	139	36.01
37	5,7	160	52.90
37	5,7	198	29.46
37	5,7	206	43.89
37	5,7	216	37.97
37	5,7	217	58.23
37	5,7	220	50.77
37	5,7	221	41.18
37	5,7	224	39.70
37	5,7	239	45.61
37	5,7	277	29.79
37	5,7	284	35.25
37	5,7	289	34.56
37	5,7	290	46.79
37	5,7	304	65.82
37	5,7	329	39.99
37	5,7	341	26.17
37	5,7	369	27.45
37	6	37	32.86
37	6	93	27.04
37	6	144	41.25
37	6	149	33.79
37	6	161	62.10
37	6	256	51.17
37	6	270	59.69
37	6	299	60.21
37	6	312	21.73
37	6	315	49.90
37	6	321	27.23
37	6	326	27.68
37	6	386	55.08
37	6,29	37	46.93
37	6,29	93	51.82
37	6,29	144	52.77
37	6,29	149	48.87
37	6,29	161	77.10
37	6,29	270	74.94
37	6,29	312	37.56
37	6,29	315	65.18
37	6,29	321	53.73
37	6,29	326	43.80
37	7	7	23.20
37	7	11	19.89
37	7	16	45.83
37	7	22	42.85
37	7	30	27.83
37	7	49	28.18
37	7	51	19.61
37	7	87	18.08
37	7	94	33.75
37	7	114	39.42
37	7	127	19.07
37	7	136	18.77
37	7	139	26.68
37	7	160	44.46
37	7	198	20.46
37	7	206	35.01
37	7	216	28.85
37	7	217	49.35
37	7	220	40.97
37	7	221	31.14
37	7	224	30.54
37	7	239	36.23
37	7	277	20.79
37	7	284	26.24
37	7	289	25.89
37	7	290	38.20
37	7	304	51.96
37	7	329	30.83
37	7	341	17.28
37	7	369	18.45
37	7	371	66.00
37	7,21	7	33.15
37	7,21	22	61.14
37	7,21	30	36.52
37	7,21	127	30.56
37	7,21	139	38.51
37	7,21	221	51.07
37	7,21	239	50.52
37	7,21	277	31.55
37	7,21	284	35.87
37	7,21	304	70.55
37	7,21	329	48.32
37	7,21	341	29.86
37	8	1	49.51
37	8	8	26.58
37	8	10	19.93
37	8	14	19.85
37	8	19	41.79
37	8	20	19.17
37	8	23	32.70
37	8	25	19.39
37	8	48	19.20
37	8	58	56.00
37	8	59	21.10
37	8	69	32.90
37	8	70	45.20
37	8	75	20.27
37	8	79	20.14
37	8	82	50.24
37	8	84	39.83
37	8	99	39.69
37	8	111	24.80
37	8	112	18.39
37	8	135	18.86
37	8	142	17.63
37	8	145	51.56
37	8	146	24.31
37	8	150	46.93
37	8	158	20.68
37	8	168	56.46
37	8	173	20.30
37	8	180	23.80
37	8	181	18.41
37	8	183	44.93
37	8	191	22.01
37	8	193	21.83
37	8	207	28.59
37	8	211	24.51
37	8	212	18.97
37	8	214	24.96
37	8	215	27.31
37	8	222	19.51
37	8	223	46.72
37	8	227	22.94
37	8	228	23.11
37	8	229	22.72
37	8	230	60.00
37	8	235	21.94
37	8	241	51.11
37	8	242	48.48
37	8	251	15.86
37	8	252	38.17
37	8	258	21.00
37	8	261	35.83
37	8	263	44.59
37	8	265	50.69
37	8	266	37.39
37	8	274	22.63
37	8	276	22.58
37	8	278	44.77
37	8	291	44.96
37	8	292	20.48
37	8	295	21.51
37	8	308	21.08
37	8	331	23.32
37	8	353	40.17
37	8	370	18.68
37	8	377	55.96
37	8	381	27.13
37	8	390	19.45
37	8	394	39.42
37	8,13	59	36.06
37	8,13	75	43.89
37	8,13	99	53.28
37	8,13	142	28.75
37	8,13	150	62.17
37	8,13	173	29.49
37	8,13	181	32.25
37	8,13	229	36.58
37	8,13	251	29.58
37	8,13	252	64.01
37	8,13	263	71.79
37	8,13	266	67.75
37	8,13	353	66.99
37	8,16	59	36.03
37	8,16	75	32.80
37	8,16	99	52.27
37	8,16	142	29.39
37	8,16	150	61.21
37	8,16	173	29.97
37	8,16	181	32.55
37	8,16	229	36.14
37	8,16	251	29.87
37	8,16	252	52.73
37	8,16	263	60.21
37	8,16	266	54.62
37	9	26	36.90
37	9	33	35.59
37	9	42	45.72
37	9	43	17.68
37	9	52	38.97
37	9	57	38.13
37	9	68	22.65
37	9	73	46.03
37	9	78	18.83
37	9	81	21.30
37	9	101	36.39
37	9	109	40.10
37	9	124	21.30
37	9	155	49.04
37	9	175	54.76
37	9	178	16.14
37	9	202	18.87
37	9	248	38.55
37	9	259	43.38
37	9	273	18.52
37	9	300	21.37
37	9	335	19.17
37	9	349	21.24
37	9	392	18.39
37	9,19	42	74.69
37	9,19	43	45.51
37	9,19	78	32.31
37	9,19	175	66.70
37	9,19	202	49.79
37	9,19	259	56.94
37	10	6	37.38
37	10	13	45.86
37	10	24	36.54
37	10	28	24.24
37	10	29	46.45
37	10	31	25.23
37	10	36	27.77
37	10	47	29.15
37	10	53	34.11
37	10	55	17.82
37	10	61	33.61
37	10	66	40.61
37	10	85	41.46
37	10	86	29.97
37	10	90	39.87
37	10	95	23.55
37	10	97	47.72
37	10	102	32.03
37	10	104	42.83
37	10	106	39.85
37	10	107	18.49
37	10	122	58.06
37	10	123	36.32
37	10	132	30.85
37	10	148	44.11
37	10	154	42.77
37	10	163	28.39
37	10	171	52.30
37	10	174	39.15
37	10	186	35.59
37	10	190	27.08
37	10	196	18.96
37	10	204	27.83
37	10	205	48.30
37	10	236	27.75
37	10	246	18.85
37	10	257	40.68
37	10	260	25.79
37	10	279	44.45
37	10	280	19.90
37	10	283	28.24
37	10	288	37.08
37	10	293	42.99
37	10	298	18.83
37	10	302	37.48
37	10	303	32.77
37	10	306	18.99
37	10	313	31.23
37	10	328	25.83
37	10	330	30.86
37	10	338	20.80
37	10	340	20.83
37	10	342	22.63
37	10	345	45.66
37	10	348	18.38
37	10	354	32.66
37	10	355	38.99
37	10	361	19.85
37	10	362	38.90
37	10	366	35.82
37	10	367	33.82
37	10	368	18.42
37	10	375	18.00
37	10	376	22.97
37	10	378	20.80
37	10	379	39.08
37	10	385	21.03
37	10	395	20.14
37	10	396	20.89
37	10	397	37.24
37	10	398	19.39
37	10	400	57.61
37	10,27	31	34.30
37	10,27	53	44.75
37	10,27	61	43.41
37	10,27	85	52.82
37	10,27	86	42.10
37	10,27	90	49.28
37	10,27	107	30.24
37	10,27	148	53.68
37	10,27	163	37.51
37	10,27	190	43.99
37	10,27	196	28.52
37	10,27	260	34.51
37	10,27	279	55.10
37	10,27	283	43.59
37	10,27	298	29.17
37	10,27	313	40.42
37	10,27	355	48.73
37	10,27	376	32.87
37	10,27	396	30.79
37	11	4	56.18
37	11	12	22.41
37	11	21	39.11
37	11	43	19.45
37	11	44	31.68
37	11	52	35.23
37	11	57	35.32
37	11	68	22.72
37	11	71	29.46
37	11	78	17.58
37	11	98	21.17
37	11	100	44.80
37	11	103	36.23
37	11	121	18.62
37	11	143	60.34
37	11	155	51.04
37	11	175	50.58
37	11	182	17.35
37	11	192	38.04
37	11	200	42.11
37	11	203	47.37
37	11	209	18.06
37	11	218	22.31
37	11	226	59.89
37	11	253	19.86
37	11	259	37.14
37	11	264	48.20
37	11	267	21.28
37	11	273	17.24
37	11	275	54.68
37	11	285	38.24
37	11	287	20.31
37	11	300	14.55
37	11	322	34.15
37	11	335	16.63
37	11	336	30.73
37	11	337	20.94
37	11	349	20.03
37	11	352	19.35
37	11	358	34.39
37	11	392	19.54
37	11,17	4	73.11
37	11,17	43	34.82
37	11,17	71	49.96
37	11,17	175	71.49
37	11,17	200	61.01
37	11,17	203	61.51
37	12	2	17.48
37	12	6	31.82
37	12	13	47.15
37	12	24	35.94
37	12	28	33.52
37	12	29	44.69
37	12	31	26.24
37	12	36	24.83
37	12	47	33.23
37	12	53	34.72
37	12	55	12.35
37	12	61	39.18
37	12	63	17.06
37	12	66	42.32
37	12	76	46.42
37	12	90	36.61
37	12	95	21.08
37	12	96	21.01
37	12	97	48.32
37	12	102	32.79
37	12	104	56.59
37	12	106	38.77
37	12	107	19.79
37	12	122	56.20
37	12	123	32.11
37	12	132	26.85
37	12	148	41.96
37	12	154	39.96
37	12	163	29.17
37	12	171	46.63
37	12	174	39.90
37	12	186	36.21
37	12	190	26.45
37	12	194	53.86
37	12	196	18.83
37	12	204	23.87
37	12	205	48.92
37	12	236	22.90
37	12	246	13.15
37	12	257	37.59
37	12	279	44.94
37	12	280	13.14
37	12	283	28.86
37	12	288	38.58
37	12	293	36.49
37	12	298	19.75
37	12	302	34.77
37	12	303	35.45
37	12	306	13.58
37	12	313	29.83
37	12	328	21.66
37	12	330	26.89
37	12	334	17.89
37	12	338	16.56
37	12	340	18.25
37	12	342	14.70
37	12	345	41.20
37	12	348	12.68
37	12	354	32.07
37	12	355	37.14
37	12	361	18.49
37	12	362	46.11
37	12	366	34.37
37	12	367	31.76
37	12	368	16.51
37	12	375	16.23
37	12	376	22.15
37	12	378	15.80
37	12	379	38.99
37	12	385	16.23
37	12	395	16.01
37	12	396	20.42
37	12	397	38.24
37	12	398	15.04
37	12	400	59.15
37	13	59	23.76
37	13	74	48.76
37	13	75	22.52
37	13	80	38.03
37	13	99	42.00
37	13	116	68.38
37	13	118	62.93
37	13	129	24.62
37	13	130	41.42
37	13	142	18.11
37	13	150	51.82
37	13	166	45.86
37	13	173	18.83
37	13	176	48.56
37	13	181	21.30
37	13	199	45.77
37	13	208	38.00
37	13	229	24.20
37	13	242	50.38
37	13	251	19.15
37	13	252	43.01
37	13	254	19.61
37	13	263	50.00
37	13	266	44.79
37	13	282	46.24
37	13	353	44.87
37	13	359	17.20
37	13	387	32.39
37	13,16	59	34.11
37	13,16	74	56.62
37	13,16	75	45.20
37	13,16	80	46.62
37	13,16	99	50.25
37	13,16	116	77.10
37	13,16	129	32.18
37	13,16	130	49.63
37	13,16	142	27.39
37	13,16	150	59.21
37	13,16	173	27.94
37	13,16	176	56.32
37	13,16	181	30.51
37	13,16	208	46.46
37	13,16	229	34.23
37	13,16	251	27.82
37	13,16	252	50.70
37	13,16	254	28.41
37	13,16	263	58.21
37	13,16	266	52.70
37	13,16	282	53.80
37	13,16	359	25.44
37	13,16	387	39.94
37	13,23	59	41.46
37	13,23	99	57.54
37	13,23	142	37.03
37	13,23	150	69.18
37	13,23	166	61.70
37	13,23	173	39.86
37	13,23	176	64.85
37	13,23	181	37.03
37	13,23	199	63.00
37	13,23	251	33.52
37	13,23	252	57.45
37	13,23	263	65.00
37	13,23	353	57.96
37	13,24	59	46.55
37	13,24	99	61.30
37	13,24	130	54.28
37	13,24	142	30.56
37	13,24	150	72.62
37	13,24	166	64.75
37	13,24	176	61.80
37	13,24	181	41.76
37	13,24	199	66.96
37	13,24	251	31.01
37	13,24	252	61.51
37	13,24	263	69.27
37	13,24	353	61.83
37	14	37	36.65
37	14	39	48.94
37	14	54	64.66
37	14	76	49.99
37	14	93	41.89
37	14	161	58.82
37	14	194	51.62
37	14	237	22.18
37	14	249	21.27
37	14	256	39.18
37	14	299	58.58
37	14	312	20.82
37	14	315	45.68
37	14	321	36.07
37	14	326	20.38
37	15	4	56.32
37	15	12	24.79
37	15	21	41.00
37	15	42	48.23
37	15	43	19.86
37	15	44	33.68
37	15	52	36.89
37	15	57	36.01
37	15	68	23.13
37	15	71	32.08
37	15	78	18.31
37	15	98	22.59
37	15	100	46.96
37	15	103	37.76
37	15	121	21.17
37	15	155	51.44
37	15	175	52.87
37	15	178	24.45
37	15	182	19.87
37	15	192	40.52
37	15	200	44.30
37	15	203	48.34
37	15	209	20.69
37	15	218	21.30
37	15	226	61.72
37	15	253	23.48
37	15	255	52.39
37	15	259	39.89
37	15	264	48.66
37	15	267	23.86
37	15	273	17.52
37	15	275	56.65
37	15	287	23.48
37	15	300	17.48
37	15	322	33.89
37	15	335	17.10
37	15	336	33.56
37	15	337	23.61
37	15	349	20.23
37	15	352	20.77
37	15	358	34.83
37	15	392	20.00
37	15,19	4	72.45
37	15,19	42	64.39
37	15,19	43	36.24
37	15,19	44	48.13
37	15,19	71	47.01
37	15,19	78	31.69
37	15,19	103	50.41
37	15,19	175	66.14
37	15,19	200	60.59
37	15,19	259	56.32
37	16	59	25.25
37	16	74	48.63
37	16	75	23.42
37	16	80	38.52
37	16	99	42.34
37	16	116	68.41
37	16	118	62.82
37	16	129	24.68
37	16	130	42.13
37	16	142	20.07
37	16	150	51.37
37	16	173	20.62
37	16	176	48.66
37	16	181	22.83
37	16	187	45.45
37	16	208	38.56
37	16	229	25.35
37	16	242	50.73
37	16	251	20.65
37	16	252	43.58
37	16	254	20.55
37	16	263	50.59
37	16	266	45.28
37	16	282	46.23
37	16	310	42.42
37	16	359	18.31
37	16	387	32.69
37	16,23	59	32.76
37	16,23	99	49.25
37	16,23	142	26.44
37	16,23	150	58.17
37	16,23	173	26.99
37	16,23	176	55.15
37	16,23	181	29.69
37	16,23	251	27.08
37	16,23	252	49.79
37	16,23	263	65.72
37	17	4	55.66
37	17	43	17.99
37	17	71	32.30
37	17	144	43.10
37	17	149	25.01
37	17	155	49.61
37	17	156	37.00
37	17	175	53.90
37	17	200	43.59
37	17	203	45.11
37	17	244	18.83
37	17	255	52.03
37	17	275	56.13
37	17	386	46.58
37	18	15	16.42
37	18	50	13.61
37	18	60	40.69
37	18	74	36.31
37	18	80	33.25
37	18	89	56.18
37	18	92	18.89
37	18	105	34.83
37	18	115	15.79
37	18	118	54.08
37	18	125	18.97
37	18	129	12.42
37	18	130	36.37
37	18	134	24.54
37	18	151	49.06
37	18	167	38.07
37	18	172	14.58
37	18	177	16.27
37	18	185	46.01
37	18	187	38.83
37	18	195	17.24
37	18	208	30.28
37	18	210	47.06
37	18	223	43.77
37	18	232	41.65
37	18	242	42.76
37	18	245	16.69
37	18	254	14.27
37	18	269	30.32
37	18	272	32.32
37	18	282	34.06
37	18	310	37.55
37	18	314	15.97
37	18	319	18.49
37	18	320	30.70
37	18	324	14.44
37	18	343	39.99
37	18	344	15.10
37	18	347	12.85
37	18	359	13.82
37	18	372	15.28
37	18	380	28.93
37	18	384	30.97
37	18	387	22.39
37	18	391	15.20
37	18,28	15	37.58
37	18,28	74	63.01
37	18,28	80	56.85
37	18,28	129	34.90
37	18,28	130	57.80
37	18,28	187	58.18
37	18,28	208	52.28
37	18,28	254	35.18
37	18,28	269	51.23
37	18,28	282	55.61
37	18,28	310	55.63
37	18,28	320	51.30
37	18,28	343	59.76
37	18,28	359	32.87
37	18,28	387	42.17
37	19	4	62.66
37	19	42	54.76
37	19	43	27.25
37	19	44	37.46
37	19	52	43.52
37	19	71	37.04
37	19	78	22.14
37	19	103	41.01
37	19	155	57.51
37	19	175	56.17
37	19	200	50.83
37	19	202	28.87
37	19	259	46.52
37	19	275	63.32
37	20	27	39.86
37	20	62	21.68
37	20	74	39.55
37	20	80	37.21
37	20	91	30.41
37	20	118	54.41
37	20	129	17.96
37	20	130	39.54
37	20	137	39.06
37	20	151	56.80
37	20	173	21.38
37	20	187	41.49
37	20	208	37.63
37	20	242	49.58
37	20	254	17.82
37	20	269	33.51
37	20	282	38.61
37	20	297	30.62
37	20	307	30.56
37	20	310	41.80
37	20	359	17.77
37	20	387	24.73
37	20,28	74	54.76
37	20,28	80	59.79
37	20,28	129	37.07
37	20,28	130	60.08
37	20,28	173	40.27
37	20,28	187	59.69
37	20,28	208	56.48
37	20,28	254	37.49
37	20,28	269	54.24
37	20,28	282	59.37
37	20,28	297	49.59
37	20,28	310	58.66
37	20,28	359	35.28
37	20,28	387	44.59
37	21	7	15.79
37	21	17	30.20
37	21	18	12.49
37	21	22	41.48
37	21	26	42.73
37	21	30	19.42
37	21	33	27.30
37	21	34	36.92
37	21	49	21.21
37	21	83	13.94
37	21	109	36.54
37	21	124	21.03
37	21	127	14.69
37	21	139	17.07
37	21	147	35.49
37	21	152	13.94
37	21	165	16.41
37	21	188	17.23
37	21	221	32.41
37	21	225	43.52
37	21	239	35.28
37	21	243	16.68
37	21	250	17.72
37	21	277	15.00
37	21	284	19.66
37	21	296	17.04
37	21	304	54.87
37	21	309	44.08
37	21	316	40.34
37	21	329	31.73
37	21	341	14.24
37	21	350	22.97
37	21	382	16.24
37	21	389	42.15
37	21	399	21.25
37	21,22	7	33.52
37	21,22	22	68.14
37	21,22	30	43.07
37	21,22	127	30.52
37	21,22	139	35.20
37	21,22	147	60.11
37	21,22	152	27.94
37	21,22	165	32.90
37	21,22	239	57.56
37	21,22	277	31.87
37	21,22	284	36.20
37	21,22	304	66.39
37	21,22	341	30.01
37	21,25	7	28.30
37	21,25	17	41.07
37	21,25	22	66.63
37	21,25	26	53.83
37	21,25	30	31.14
37	21,25	33	37.99
37	21,25	127	26.39
37	21,25	139	31.10
37	21,25	147	56.77
37	21,25	152	25.54
37	21,25	165	28.90
37	21,25	188	28.83
37	21,25	221	45.49
37	21,25	239	46.51
37	21,25	250	29.24
37	21,25	277	26.97
37	21,25	284	31.70
37	21,25	304	65.80
37	21,25	329	43.42
37	21,25	341	25.90
37	22	5	54.96
37	22	7	26.10
37	22	11	23.10
37	22	22	44.48
37	22	30	27.86
37	22	41	44.51
37	22	49	30.79
37	22	127	23.14
37	22	139	27.17
37	22	147	43.82
37	22	152	20.41
37	22	164	35.21
37	22	165	24.83
37	22	179	51.11
37	22	225	49.85
37	22	239	41.69
37	22	277	24.61
37	22	284	28.69
37	22	304	55.70
37	22	341	22.66
37	22,25	7	38.68
37	22,25	22	67.21
37	22,25	30	46.27
37	22,25	127	34.94
37	22,25	139	39.62
37	22,25	147	54.35
37	22,25	152	32.24
37	22,25	165	37.87
37	22,25	239	52.27
37	22,25	277	36.45
37	22,25	284	39.34
37	22,25	304	68.86
37	22,25	341	34.32
37	23	1	45.65
37	23	8	20.39
37	23	9	13.44
37	23	10	12.38
37	23	14	13.13
37	23	19	36.72
37	23	20	11.04
37	23	23	26.37
37	23	25	12.77
37	23	48	12.94
37	23	58	51.31
37	23	59	13.70
37	23	64	19.52
37	23	65	13.37
37	23	69	29.04
37	23	70	39.49
37	23	72	16.62
37	23	79	9.68
37	23	82	43.86
37	23	84	32.14
37	23	92	17.49
37	23	99	32.83
37	23	108	45.92
37	23	110	21.11
37	23	111	14.61
37	23	112	13.73
37	23	120	23.38
37	23	135	12.30
37	23	140	40.66
37	23	142	13.24
37	23	145	44.55
37	23	146	12.14
37	23	150	44.48
37	23	158	11.44
37	23	162	13.07
37	23	166	41.14
37	23	168	52.41
37	23	173	16.21
37	23	176	39.44
37	23	180	17.20
37	23	181	14.00
37	23	183	41.37
37	23	191	14.11
37	23	193	13.56
37	23	199	38.99
37	23	207	23.46
37	23	211	18.77
37	23	212	11.94
37	23	213	16.06
37	23	214	17.76
37	23	215	20.75
37	23	219	48.66
37	23	222	12.39
37	23	223	42.51
37	23	227	14.32
37	23	230	50.82
37	23	231	14.24
37	23	233	24.82
37	23	235	12.70
37	23	241	44.11
37	23	242	42.59
37	23	251	11.37
37	23	252	34.14
37	23	258	13.13
37	23	261	29.00
37	23	263	40.41
37	23	265	44.32
37	23	268	13.27
37	23	274	14.82
37	23	276	14.31
37	23	278	38.44
37	23	291	38.30
37	23	292	14.48
37	23	294	18.03
37	23	295	13.70
37	23	314	14.65
37	23	323	14.51
37	23	324	12.90
37	23	331	14.55
37	23	333	13.94
37	23	353	33.70
37	23	370	11.65
37	23	373	56.49
37	23	377	49.68
37	23	381	19.89
37	23	388	15.13
37	23	390	16.03
37	23	391	15.52
37	23	394	45.15
37	24	1	47.15
37	24	8	26.14
37	24	9	14.18
37	24	10	13.65
37	24	14	14.34
37	24	19	39.70
37	24	20	13.27
37	24	23	27.58
37	24	25	13.87
37	24	48	14.11
37	24	59	15.80
37	24	64	18.46
37	24	65	14.35
37	24	69	30.35
37	24	70	40.41
37	24	72	17.27
37	24	79	13.41
37	24	82	44.97
37	24	99	33.97
37	24	108	47.18
37	24	110	21.94
37	24	111	16.21
37	24	112	16.20
37	24	120	24.94
37	24	128	18.75
37	24	130	39.65
37	24	135	13.69
37	24	140	41.79
37	24	142	15.11
37	24	145	45.87
37	24	146	16.04
37	24	150	45.28
37	24	158	12.99
37	24	162	13.85
37	24	166	41.79
37	24	168	53.90
37	24	176	42.82
37	24	180	19.85
37	24	181	16.20
37	24	183	43.38
37	24	191	15.82
37	24	193	15.68
37	24	199	40.27
37	24	207	26.44
37	24	211	21.55
37	24	212	12.96
37	24	213	18.80
37	24	214	21.07
37	24	215	19.72
37	24	219	46.58
37	24	222	13.99
37	24	223	44.56
37	24	227	15.45
37	24	230	46.56
37	24	231	15.41
37	24	233	25.72
37	24	235	14.15
37	24	241	45.31
37	24	242	43.03
37	24	251	13.59
37	24	252	35.62
37	24	258	14.03
37	24	261	30.44
37	24	263	42.03
37	24	265	41.14
37	24	268	14.49
37	24	274	16.79
37	24	276	16.89
37	24	278	39.65
37	24	291	39.35
37	24	292	18.17
37	24	294	19.94
37	24	295	15.27
37	24	314	15.96
37	24	323	16.35
37	24	324	13.83
37	24	325	16.79
37	24	331	17.32
37	24	333	15.24
37	24	353	34.97
37	24	356	18.82
37	24	370	13.54
37	24	373	57.76
37	24	377	51.00
37	24	381	22.21
37	24	388	16.28
37	24	391	16.85
37	24	394	46.51
37	25	7	21.93
37	25	17	34.21
37	25	22	48.11
37	25	26	47.14
37	25	30	21.15
37	25	33	31.76
37	25	49	26.83
37	25	127	19.87
37	25	139	24.69
37	25	147	39.48
37	25	152	18.82
37	25	165	21.87
37	25	188	22.30
37	25	221	38.03
37	25	225	48.17
37	25	239	39.41
37	25	250	22.76
37	25	277	20.44
37	25	284	25.13
37	25	304	56.11
37	25	329	36.72
37	25	341	19.37
37	26	27	44.28
37	26	62	24.56
37	26	67	39.89
37	26	74	48.55
37	26	77	56.45
37	26	80	38.46
37	26	91	31.96
37	26	116	67.92
37	26	117	42.03
37	26	137	26.55
37	26	138	55.07
37	26	141	31.62
37	26	153	41.14
37	26	157	60.39
37	26	169	38.39
37	26	184	62.54
37	26	189	54.37
37	26	201	47.41
37	26	281	38.62
37	26	282	49.23
37	26	297	31.66
37	26	346	54.17
37	26	383	23.69
37	26	387	36.10
37	26,28	74	59.65
37	26,28	80	73.82
37	26,28	282	61.63
37	26,28	297	60.58
37	26,28	387	49.39
37	27	31	24.17
37	27	53	26.99
37	27	61	33.73
37	27	85	34.56
37	27	86	20.70
37	27	88	14.70
37	27	90	38.55
37	27	104	47.14
37	27	107	18.94
37	27	113	24.68
37	27	148	42.72
37	27	163	20.58
37	27	190	24.01
37	27	196	16.08
37	27	238	16.42
37	27	260	17.73
37	27	279	33.69
37	27	283	23.14
37	27	298	12.32
37	27	313	23.97
37	27	327	22.07
37	27	355	35.93
37	27	376	21.94
37	27	393	14.96
37	27	396	19.69
37	28	15	28.01
37	28	74	44.89
37	28	80	44.23
37	28	99	44.93
37	28	118	59.13
37	28	129	22.03
37	28	130	45.85
37	28	151	60.85
37	28	173	26.48
37	28	187	46.54
37	28	208	41.77
37	28	242	53.00
37	28	254	23.01
37	28	269	40.30
37	28	282	45.04
37	28	297	36.25
37	28	310	46.35
37	28	320	40.99
37	28	343	48.70
37	28	359	22.11
37	28	387	31.25
37	29	37	30.94
37	29	93	30.76
37	29	144	41.63
37	29	149	34.15
37	29	161	62.45
37	29	256	52.15
37	29	270	60.04
37	29	299	60.59
37	29	312	22.11
37	29	315	50.27
37	29	321	31.17
37	29	326	28.04
37	29	386	55.42
