Task=116 Orders=41 Vehicles=584 Scores=3205
116	1	11	14.63
116	1	30	27.51
116	1	32	14.48
116	1	35	30.39
116	1	42	11.38
116	1	60	14.96
116	1	66	13.89
116	1	79	29.25
116	1	91	12.39
116	1	95	13.97
116	1	99	38.68
116	1	130	37.99
116	1	133	14.79
116	1	154	21.90
116	1	155	22.17
116	1	160	14.86
116	1	166	51.15
116	1	167	42.73
116	1	173	37.65
116	1	182	34.72
116	1	185	13.38
116	1	191	25.01
116	1	192	13.35
116	1	204	9.86
116	1	210	45.97
116	1	213	12.55
116	1	216	29.62
116	1	219	41.08
116	1	228	13.61
116	1	236	28.45
116	1	244	50.39
116	1	263	12.90
116	1	273	25.39
116	1	284	13.62
116	1	290	12.72
116	1	292	35.77
116	1	307	24.14
116	1	323	12.28
116	1	324	31.62
116	1	333	43.23
116	1	341	42.25
116	1	344	30.69
116	1	347	33.80
116	1	349	39.00
116	1	352	10.65
116	1	355	26.58
116	1	368	16.54
116	1	371	11.59
116	1	372	12.83
116	1	387	10.56
116	1	388	41.69
116	1	394	16.04
116	1	402	13.80
116	1	411	24.03
116	1	419	13.46
116	1	442	12.70
116	1	446	12.08
116	1	457	36.24
116	1	465	10.23
116	1	484	11.79
116	1	488	19.66
116	1	494	32.28
116	1	504	32.27
116	1	508	31.96
116	1	511	13.10
116	1	513	18.42
116	1	514	13.63
116	1	518	13.77
116	1	523	10.45
116	1	529	12.23
116	1	533	13.61
116	1	554	10.24
116	1	555	12.83
116	1	561	13.79
116	1	566	24.27
116	1	581	14.97
116	1,13	11	29.75
116	1,13	32	27.03
116	1,13	35	48.79
116	1,13	66	32.37
116	1,13	79	50.94
116	1,13	91	31.79
116	1,13	95	35.96
116	1,13	99	58.92
116	1,13	130	50.76
116	1,13	133	29.63
116	1,13	154	41.08
116	1,13	155	40.52
116	1,13	167	55.44
116	1,13	173	51.49
116	1,13	191	38.49
116	1,13	204	30.44
116	1,13	213	32.13
116	1,13	236	46.01
116	1,13	273	43.27
116	1,13	284	32.10
116	1,13	307	36.97
116	1,13	324	51.49
116	1,13	333	63.58
116	1,13	344	50.44
116	1,13	347	52.32
116	1,13	349	51.34
116	1,13	355	49.51
116	1,13	372	33.34
116	1,13	419	26.32
116	1,13	484	24.20
116	1,13	494	45.32
116	1,13	508	57.34
116	1,13	523	29.65
116	1,13	566	46.73
116	1,28	11	31.49
116	1,28	32	36.08
116	1,28	79	52.20
116	1,28	99	61.15
116	1,28	130	52.52
116	1,28	133	31.83
116	1,28	155	42.55
116	1,28	191	38.89
116	1,28	204	32.77
116	1,28	273	45.23
116	1,28	284	34.13
116	1,28	307	39.30
116	1,28	324	53.73
116	1,28	333	65.96
116	1,28	344	52.66
116	1,28	355	52.28
116	1,28	419	26.46
116	1,28	484	26.79
116	1,28	494	45.66
116	1,28	523	31.83
116	1,38	30	35.01
116	1,38	32	22.31
116	1,38	35	48.39
116	1,38	42	27.18
116	1,38	60	22.45
116	1,38	79	48.72
116	1,38	91	20.20
116	1,38	95	22.13
116	1,38	99	47.06
116	1,38	130	55.44
116	1,38	133	34.94
116	1,38	154	28.20
116	1,38	155	38.04
116	1,38	160	22.79
116	1,38	167	51.63
116	1,38	173	56.34
116	1,38	182	42.86
116	1,38	185	21.99
116	1,38	192	21.31
116	1,38	204	27.68
116	1,38	213	20.51
116	1,38	228	22.45
116	1,38	236	43.68
116	1,38	263	32.30
116	1,38	273	30.52
116	1,38	290	27.92
116	1,38	323	28.59
116	1,38	324	39.51
116	1,38	333	51.83
116	1,38	344	38.49
116	1,38	347	41.38
116	1,38	349	56.45
116	1,38	352	28.97
116	1,38	371	32.24
116	1,38	372	20.35
116	1,38	387	29.48
116	1,38	394	38.68
116	1,38	402	32.34
116	1,38	411	38.03
116	1,38	446	36.45
116	1,38	465	26.23
116	1,38	484	29.41
116	1,38	488	35.79
116	1,38	494	49.03
116	1,38	504	50.68
116	1,38	508	53.52
116	1,38	511	23.07
116	1,38	513	26.48
116	1,38	514	32.00
116	1,38	523	27.06
116	1,38	529	30.59
116	1,38	533	22.11
116	1,38	554	28.61
116	1,38	566	36.45
116	1,38	581	33.34
116	1,40	11	42.48
116	1,40	32	39.15
116	1,40	35	51.75
116	1,40	66	37.25
116	1,40	79	56.34
116	1,40	91	36.90
116	1,40	95	41.86
116	1,40	99	64.23
116	1,40	130	63.72
116	1,40	133	43.21
116	1,40	154	46.34
116	1,40	155	45.42
116	1,40	167	67.55
116	1,40	173	65.31
116	1,40	191	50.70
116	1,40	204	35.92
116	1,40	213	37.23
116	1,40	236	50.66
116	1,40	273	48.03
116	1,40	307	50.21
116	1,40	324	56.80
116	1,40	333	69.13
116	1,40	344	55.69
116	1,40	347	57.08
116	1,40	349	64.73
116	1,40	355	55.79
116	1,40	372	38.92
116	1,40	419	38.83
116	1,40	484	37.82
116	1,40	494	56.79
116	1,40	508	63.54
116	1,40	523	34.82
116	1,40	566	52.59
116	2	1	31.11
116	2	9	18.77
116	2	17	19.24
116	2	22	35.35
116	2	29	19.42
116	2	41	32.97
116	2	53	51.06
116	2	54	23.06
116	2	76	39.63
116	2	102	52.51
116	2	127	23.11
116	2	135	45.70
116	2	178	20.11
116	2	184	52.35
116	2	217	39.10
116	2	221	44.94
116	2	223	60.17
116	2	234	35.17
116	2	241	63.76
116	2	242	62.65
116	2	269	22.15
116	2	270	42.69
116	2	301	24.55
116	2	338	41.54
116	2	354	40.52
116	2	357	59.31
116	2	425	29.03
116	2	505	20.31
116	2,11	1	47.97
116	2,11	17	38.92
116	2,11	29	37.96
116	2,11	41	56.31
116	2,11	76	52.52
116	2,11	178	39.69
116	2,11	234	57.11
116	2,11	338	54.72
116	2,11	505	35.00
116	3	5	14.03
116	3	19	39.90
116	3	33	43.79
116	3	36	10.27
116	3	37	11.31
116	3	49	15.35
116	3	59	12.41
116	3	72	40.07
116	3	83	37.44
116	3	86	11.68
116	3	87	43.97
116	3	101	28.31
116	3	112	35.61
116	3	124	55.54
116	3	126	10.86
116	3	129	16.94
116	3	137	44.42
116	3	138	46.14
116	3	147	13.24
116	3	157	43.21
116	3	161	15.65
116	3	164	22.63
116	3	169	16.38
116	3	177	12.58
116	3	193	22.66
116	3	196	12.07
116	3	198	10.06
116	3	206	42.01
116	3	209	11.61
116	3	211	39.25
116	3	238	24.24
116	3	248	56.28
116	3	257	30.18
116	3	258	42.49
116	3	260	70.46
116	3	275	10.15
116	3	283	65.48
116	3	287	26.85
116	3	311	11.69
116	3	312	12.27
116	3	314	12.10
116	3	315	35.73
116	3	317	41.07
116	3	319	14.87
116	3	321	36.32
116	3	331	38.99
116	3	343	12.66
116	3	348	14.49
116	3	356	13.83
116	3	360	12.11
116	3	364	23.44
116	3	379	36.56
116	3	383	13.99
116	3	385	49.69
116	3	389	12.75
116	3	390	17.34
116	3	393	9.65
116	3	395	12.66
116	3	397	11.31
116	3	405	13.92
116	3	406	48.37
116	3	413	11.76
116	3	428	14.76
116	3	436	13.08
116	3	462	30.49
116	3	467	12.44
116	3	468	10.30
116	3	471	11.97
116	3	475	49.62
116	3	476	19.25
116	3	481	10.31
116	3	496	14.80
116	3	509	47.83
116	3	512	46.85
116	3	522	11.10
116	3	528	12.45
116	3	541	59.87
116	3	557	12.55
116	3	559	40.06
116	3	564	30.94
116	3	576	11.83
116	3,8	317	66.76
116	3,8	321	69.94
116	3,8	475	73.73
116	3,8	512	69.11
116	3,8	564	54.93
116	4	64	48.04
116	4	71	51.45
116	4	73	52.86
116	4	78	58.25
116	4	84	43.10
116	4	107	53.82
116	4	148	69.34
116	4	149	52.79
116	4	259	53.90
116	4	500	55.62
116	4,10	64	61.21
116	4,10	71	65.55
116	4,10	84	50.31
116	4,10	259	69.28
116	4,31	64	62.83
116	4,31	71	59.35
116	4,31	84	54.01
116	4,31	107	64.17
116	4,31	259	70.37
116	5	4	18.85
116	5	8	35.90
116	5	12	19.49
116	5	39	22.56
116	5	44	18.27
116	5	51	44.51
116	5	57	29.35
116	5	67	16.94
116	5	75	15.20
116	5	105	16.93
116	5	110	42.28
116	5	118	48.46
116	5	122	16.85
116	5	128	36.80
116	5	132	42.08
116	5	136	40.52
116	5	144	38.87
116	5	145	49.04
116	5	162	40.23
116	5	172	28.35
116	5	180	32.90
116	5	186	32.17
116	5	187	16.04
116	5	194	35.04
116	5	197	23.18
116	5	200	14.56
116	5	214	16.30
116	5	220	44.28
116	5	231	35.83
116	5	245	32.39
116	5	261	17.54
116	5	280	36.00
116	5	295	21.76
116	5	297	52.80
116	5	298	21.41
116	5	326	20.17
116	5	342	17.79
116	5	351	15.46
116	5	359	49.20
116	5	380	27.37
116	5	382	32.13
116	5	391	37.55
116	5	398	17.77
116	5	399	16.24
116	5	403	27.32
116	5	416	57.17
116	5	421	41.03
116	5	422	14.93
116	5	424	18.11
116	5	434	21.18
116	5	435	15.06
116	5	438	31.00
116	5	473	15.21
116	5	477	55.73
116	5	482	25.56
116	5	495	43.27
116	5	503	56.14
116	5	526	18.52
116	5	530	32.28
116	5	536	14.69
116	5	544	31.07
116	5	571	16.46
116	5	580	16.11
116	5,26	8	57.04
116	5,26	12	40.17
116	5,26	51	65.15
116	5,26	57	49.39
116	5,26	67	36.66
116	5,26	105	36.85
116	5,26	122	36.14
116	5,26	132	61.72
116	5,26	145	65.38
116	5,26	187	34.87
116	5,26	220	68.44
116	5,26	231	57.51
116	5,26	245	54.23
116	5,26	261	35.87
116	5,26	297	76.25
116	5,26	298	39.70
116	5,26	342	39.69
116	5,26	351	35.25
116	5,26	359	69.41
116	5,26	416	81.20
116	5,26	435	33.93
116	5,26	473	34.04
116	5,26	495	63.76
116	5,26	530	52.77
116	5,26	544	52.87
116	5,26	571	36.18
116	6	5	26.38
116	6	18	52.79
116	6	37	17.45
116	6	39	22.86
116	6	49	15.85
116	6	59	20.03
116	6	73	49.13
116	6	83	40.82
116	6	89	50.56
116	6	94	18.73
116	6	101	30.68
116	6	112	36.72
116	6	115	20.45
116	6	126	20.77
116	6	129	22.18
116	6	138	51.24
116	6	142	23.03
116	6	148	58.18
116	6	161	21.15
116	6	163	31.79
116	6	177	18.07
116	6	181	22.32
116	6	198	22.44
116	6	226	51.07
116	6	235	16.97
116	6	238	24.85
116	6	248	65.97
116	6	251	59.56
116	6	258	46.31
116	6	260	75.03
116	6	297	47.15
116	6	299	20.86
116	6	305	64.79
116	6	311	24.00
116	6	312	21.11
116	6	313	19.28
116	6	314	18.77
116	6	315	36.94
116	6	317	46.96
116	6	318	57.42
116	6	319	18.46
116	6	321	55.72
116	6	348	20.87
116	6	360	17.96
116	6	364	28.58
116	6	385	54.85
116	6	389	19.38
116	6	390	21.07
116	6	393	20.68
116	6	395	20.65
116	6	401	47.52
116	6	403	33.69
116	6	405	17.48
116	6	406	51.14
116	6	416	51.89
116	6	428	16.70
116	6	436	19.23
116	6	448	31.21
116	6	453	29.01
116	6	455	25.32
116	6	462	41.48
116	6	468	18.52
116	6	475	52.14
116	6	476	24.39
116	6	477	62.80
116	6	481	21.35
116	6	496	15.34
116	6	509	57.69
116	6	512	55.97
116	6	522	18.18
116	6	541	65.48
116	6	564	36.11
116	6,8	89	69.08
116	6,8	317	69.54
116	6,8	321	79.99
116	6,8	401	67.15
116	6,8	475	73.41
116	6,8	512	75.69
116	6,8	564	57.25
116	6,20	5	35.63
116	6,20	37	27.11
116	6,20	49	25.94
116	6,20	59	30.17
116	6,20	83	50.42
116	6,20	89	59.94
116	6,20	94	29.11
116	6,20	101	38.28
116	6,20	112	46.35
116	6,20	115	30.96
116	6,20	126	31.07
116	6,20	129	34.70
116	6,20	142	33.25
116	6,20	161	30.63
116	6,20	163	42.06
116	6,20	177	27.96
116	6,20	181	32.83
116	6,20	198	32.65
116	6,20	226	60.61
116	6,20	235	26.55
116	6,20	238	35.13
116	6,20	297	57.59
116	6,20	299	30.49
116	6,20	313	28.51
116	6,20	314	28.28
116	6,20	315	46.46
116	6,20	317	57.42
116	6,20	319	29.10
116	6,20	321	65.39
116	6,20	348	31.56
116	6,20	360	27.55
116	6,20	364	37.89
116	6,20	390	30.70
116	6,20	393	30.28
116	6,20	395	31.34
116	6,20	401	56.51
116	6,20	403	45.24
116	6,20	405	26.75
116	6,20	416	61.56
116	6,20	428	26.80
116	6,20	436	28.94
116	6,20	448	48.52
116	6,20	453	38.39
116	6,20	455	35.68
116	6,20	462	50.94
116	6,20	468	28.18
116	6,20	475	62.49
116	6,20	476	33.69
116	6,20	496	25.66
116	6,20	512	65.48
116	6,20	522	27.85
116	6,20	564	45.27
116	7	2	17.49
116	7	6	17.06
116	7	23	16.17
116	7	31	48.03
116	7	45	63.10
116	7	47	17.38
116	7	56	58.37
116	7	65	40.58
116	7	81	35.52
116	7	82	32.13
116	7	85	35.14
116	7	100	37.80
116	7	109	18.69
116	7	150	30.65
116	7	188	18.65
116	7	190	39.15
116	7	229	35.38
116	7	239	36.08
116	7	243	36.37
116	7	252	19.27
116	7	256	17.94
116	7	262	46.75
116	7	264	18.72
116	7	272	18.31
116	7	288	38.62
116	7	294	34.21
116	7	309	19.62
116	7	328	21.32
116	7	358	23.41
116	7	370	30.03
116	7	373	33.28
116	7	377	20.24
116	7	378	34.51
116	7	381	18.34
116	7	400	16.51
116	7	417	22.66
116	7	418	20.72
116	7	430	22.52
116	7	445	19.30
116	7	450	18.99
116	7	454	16.44
116	7	456	33.76
116	7	464	40.65
116	7	466	17.94
116	7	469	18.72
116	7	478	18.31
116	7	479	29.34
116	7	485	31.79
116	7	486	17.70
116	7	487	45.70
116	7	492	17.66
116	7	517	27.96
116	7	531	16.48
116	7	539	16.86
116	7	540	18.18
116	7	543	18.92
116	7	547	18.76
116	7	550	43.14
116	7	558	18.83
116	7	563	16.89
116	7	569	17.96
116	7	570	17.99
116	7	572	41.30
116	7	575	18.37
116	7	583	18.30
116	7	584	18.06
116	7,19	2	31.77
116	7,19	6	31.72
116	7,19	23	29.89
116	7,19	31	64.89
116	7,19	47	32.10
116	7,19	65	58.82
116	7,19	81	52.92
116	7,19	85	52.14
116	7,19	100	54.23
116	7,19	109	33.37
116	7,19	150	48.49
116	7,19	188	33.69
116	7,19	190	56.49
116	7,19	229	52.82
116	7,19	239	53.96
116	7,19	243	53.80
116	7,19	252	34.48
116	7,19	256	32.18
116	7,19	264	33.41
116	7,19	272	33.52
116	7,19	309	34.58
116	7,19	328	37.38
116	7,19	358	39.85
116	7,19	370	46.58
116	7,19	373	53.30
116	7,19	377	36.92
116	7,19	378	51.58
116	7,19	381	34.01
116	7,19	400	30.94
116	7,19	417	38.15
116	7,19	418	36.28
116	7,19	430	38.32
116	7,19	450	34.82
116	7,19	454	30.31
116	7,19	456	52.07
116	7,19	464	59.90
116	7,19	466	32.66
116	7,19	469	33.44
116	7,19	479	48.00
116	7,19	485	50.48
116	7,19	486	32.42
116	7,19	487	63.15
116	7,19	492	32.38
116	7,19	517	48.24
116	7,19	531	31.20
116	7,19	539	30.79
116	7,19	540	32.90
116	7,19	543	33.63
116	7,19	547	33.48
116	7,19	558	33.55
116	7,19	563	31.61
116	7,19	569	32.68
116	7,19	570	32.70
116	7,19	572	59.99
116	7,19	575	33.08
116	7,19	583	33.01
116	7,29	2	32.45
116	7,29	6	32.75
116	7,29	23	30.66
116	7,29	31	62.18
116	7,29	47	33.54
116	7,29	81	50.23
116	7,29	85	48.83
116	7,29	109	34.46
116	7,29	188	35.38
116	7,29	239	51.28
116	7,29	252	35.62
116	7,29	256	33.14
116	7,29	264	33.15
116	7,29	272	34.51
116	7,29	309	34.54
116	7,29	328	38.90
116	7,29	358	42.27
116	7,29	370	43.87
116	7,29	373	50.15
116	7,29	378	47.03
116	7,29	381	35.96
116	7,29	400	32.27
116	7,29	417	40.07
116	7,29	418	37.63
116	7,29	430	40.15
116	7,29	450	36.00
116	7,29	454	31.07
116	7,29	456	49.39
116	7,29	464	57.24
116	7,29	466	33.90
116	7,29	469	34.68
116	7,29	479	45.34
116	7,29	485	47.82
116	7,29	486	33.66
116	7,29	487	60.45
116	7,29	492	33.62
116	7,29	517	45.62
116	7,29	539	31.46
116	7,29	540	34.14
116	7,29	543	34.87
116	7,29	547	34.72
116	7,29	558	34.79
116	7,29	569	33.92
116	7,29	570	33.94
116	7,29	572	57.32
116	7,29	575	34.32
116	7,29	583	34.25
116	8	89	55.48
116	8	138	52.80
116	8	148	60.63
116	8	227	42.30
116	8	248	70.55
116	8	251	66.23
116	8	258	49.13
116	8	260	81.18
116	8	317	57.27
116	8	318	59.70
116	8	321	48.82
116	8	336	52.65
116	8	385	57.21
116	8	401	51.87
116	8	406	55.76
116	8	475	61.72
116	8	500	55.28
116	8	509	62.45
116	8	512	59.89
116	8	541	71.62
116	8	564	43.38
116	8,15	321	73.80
116	8,15	475	86.48
116	8,22	321	69.30
116	8,22	475	71.96
116	9	26	39.25
116	9	103	16.85
116	9	108	39.86
116	9	116	23.72
116	9	123	52.52
116	9	141	29.52
116	9	215	15.97
116	9	237	35.20
116	9	240	60.06
116	9	253	55.55
116	9	265	44.94
116	9	279	22.20
116	9	291	52.21
116	9	308	17.93
116	9	366	42.20
116	9	369	50.86
116	9	426	55.10
116	9	447	24.28
116	9,18	103	31.97
116	9,18	108	54.87
116	9,18	215	30.54
116	9,18	279	37.93
116	9,18	447	35.30
116	10	64	36.39
116	10	71	39.20
116	10	73	44.04
116	10	78	54.10
116	10	84	32.83
116	10	149	45.14
116	10	152	28.82
116	10	168	13.28
116	10	224	23.44
116	10	259	41.93
116	10	277	32.89
116	10	329	16.70
116	10	361	17.92
116	10	439	19.41
116	10	449	21.48
116	10	461	14.85
116	10	551	18.37
116	10	552	25.87
116	10,31	64	54.35
116	10,31	71	54.51
116	10,31	84	48.24
116	10,31	168	34.15
116	10,31	259	61.18
116	10,31	329	28.11
116	10,31	361	31.20
116	10,31	461	25.94
116	10,31	551	31.42
116	10,31	552	38.68
116	11	1	36.30
116	11	17	21.77
116	11	29	20.83
116	11	41	36.97
116	11	53	48.48
116	11	55	48.93
116	11	63	40.45
116	11	68	43.94
116	11	70	44.37
116	11	76	36.85
116	11	102	51.13
116	11	117	41.59
116	11	178	22.10
116	11	205	53.34
116	11	223	63.61
116	11	233	37.44
116	11	234	38.93
116	11	241	58.55
116	11	242	58.42
116	11	249	37.06
116	11	270	37.34
116	11	327	50.73
116	11	338	35.90
116	11	431	34.56
116	11	505	18.86
116	12	3	14.48
116	12	13	50.31
116	12	25	41.01
116	12	40	13.06
116	12	52	12.54
116	12	58	37.46
116	12	74	18.27
116	12	97	15.77
116	12	98	23.15
116	12	106	25.54
116	12	119	16.10
116	12	121	51.13
116	12	134	41.55
116	12	151	20.93
116	12	174	32.63
116	12	176	37.30
116	12	183	28.14
116	12	201	16.38
116	12	208	19.83
116	12	212	28.66
116	12	225	16.83
116	12	230	53.56
116	12	250	43.13
116	12	254	19.55
116	12	268	13.42
116	12	276	38.83
116	12	286	14.00
116	12	289	37.24
116	12	310	13.73
116	12	330	41.93
116	12	332	19.10
116	12	334	13.38
116	12	339	45.49
116	12	340	18.06
116	12	367	32.44
116	12	386	14.49
116	12	408	15.06
116	12	410	26.97
116	12	414	17.99
116	12	415	17.32
116	12	423	26.32
116	12	432	21.55
116	12	433	20.73
116	12	437	22.97
116	12	443	14.41
116	12	444	16.21
116	12	458	45.83
116	12	460	33.63
116	12	472	16.86
116	12	474	12.90
116	12	480	16.15
116	12	498	37.69
116	12	499	13.30
116	12	527	19.15
116	12	556	42.58
116	12	574	34.08
116	12,16	40	30.73
116	12,16	52	33.42
116	12,16	74	36.61
116	12,16	97	25.17
116	12,16	106	33.35
116	12,16	119	28.93
116	12,16	134	51.59
116	12,16	151	40.28
116	12,16	174	42.20
116	12,16	176	55.23
116	12,16	183	45.86
116	12,16	201	25.96
116	12,16	208	39.35
116	12,16	212	46.04
116	12,16	254	39.01
116	12,16	268	32.97
116	12,16	286	37.01
116	12,16	289	44.90
116	12,16	332	40.28
116	12,16	334	31.59
116	12,16	340	28.39
116	12,16	367	52.65
116	12,16	408	35.65
116	12,16	410	47.94
116	12,16	415	30.08
116	12,16	423	43.61
116	12,16	432	42.75
116	12,16	433	39.96
116	12,16	437	41.51
116	12,16	443	34.96
116	12,16	444	35.31
116	12,16	458	58.92
116	12,16	472	27.75
116	12,16	474	32.45
116	12,16	480	26.32
116	12,16	498	47.62
116	12,16	499	32.85
116	12,16	527	41.13
116	12,16	556	54.18
116	12,16	574	56.41
116	12,24	3	30.86
116	12,24	40	26.75
116	12,24	52	28.66
116	12,24	74	32.46
116	12,24	97	29.89
116	12,24	98	38.31
116	12,24	106	40.20
116	12,24	119	34.13
116	12,24	134	55.99
116	12,24	151	35.80
116	12,24	174	47.17
116	12,24	183	42.00
116	12,24	201	31.13
116	12,24	208	35.18
116	12,24	212	40.27
116	12,24	225	32.85
116	12,24	254	34.87
116	12,24	268	28.55
116	12,24	286	31.56
116	12,24	289	49.59
116	12,24	310	29.41
116	12,24	332	35.44
116	12,24	334	27.46
116	12,24	340	34.21
116	12,24	367	48.11
116	12,24	386	31.30
116	12,24	408	30.79
116	12,24	410	43.14
116	12,24	415	35.68
116	12,24	423	39.73
116	12,24	432	37.86
116	12,24	433	35.52
116	12,24	437	37.38
116	12,24	443	30.17
116	12,24	444	30.80
116	12,24	472	34.31
116	12,24	474	28.03
116	12,24	498	52.87
116	12,24	499	28.42
116	12,24	527	36.00
116	12,24	556	57.18
116	12,24	574	58.35
116	12,25	3	28.75
116	12,25	40	25.15
116	12,25	52	26.61
116	12,25	74	30.82
116	12,25	97	28.28
116	12,25	98	36.55
116	12,25	106	37.07
116	12,25	119	31.41
116	12,25	134	54.32
116	12,25	151	33.92
116	12,25	174	45.41
116	12,25	183	40.51
116	12,25	201	29.35
116	12,25	208	33.49
116	12,25	212	42.90
116	12,25	225	30.77
116	12,25	254	33.18
116	12,25	268	26.68
116	12,25	286	29.07
116	12,25	289	48.41
116	12,25	310	27.41
116	12,25	332	33.30
116	12,25	334	25.80
116	12,25	340	32.18
116	12,25	367	46.18
116	12,25	386	29.00
116	12,25	408	28.66
116	12,25	410	41.03
116	12,25	414	32.89
116	12,25	415	33.27
116	12,25	423	38.23
116	12,25	432	35.73
116	12,25	433	33.65
116	12,25	437	35.70
116	12,25	443	28.08
116	12,25	444	28.92
116	12,25	458	61.06
116	12,25	472	32.00
116	12,25	474	26.15
116	12,25	480	30.66
116	12,25	498	51.00
116	12,25	499	26.55
116	12,25	527	33.69
116	12,25	556	55.46
116	12,25	574	52.87
116	13	7	35.07
116	13	11	22.73
116	13	32	20.23
116	13	35	36.66
116	13	50	35.70
116	13	66	20.85
116	13	79	39.54
116	13	91	21.30
116	13	95	24.45
116	13	99	47.75
116	13	130	43.45
116	13	133	19.77
116	13	154	31.00
116	13	155	30.21
116	13	166	55.55
116	13	167	48.30
116	13	173	44.54
116	13	191	31.23
116	13	204	20.17
116	13	210	49.58
116	13	213	21.46
116	13	236	36.15
116	13	244	56.46
116	13	266	19.52
116	13	273	30.37
116	13	284	19.69
116	13	292	39.70
116	13	307	29.70
116	13	316	21.55
116	13	324	38.23
116	13	333	52.69
116	13	341	50.24
116	13	344	37.99
116	13	347	41.51
116	13	349	44.03
116	13	355	37.10
116	13	372	22.66
116	13	375	33.70
116	13	388	46.01
116	13	392	21.25
116	13	419	19.38
116	13	457	41.04
116	13	484	17.07
116	13	494	38.03
116	13	508	43.24
116	13	521	32.49
116	13	523	19.70
116	13	566	28.25
116	13,28	11	31.77
116	13,28	32	29.55
116	13,28	79	47.17
116	13,28	99	58.24
116	13,28	130	52.86
116	13,28	133	32.15
116	13,28	155	39.66
116	13,28	191	39.21
116	13,28	204	30.51
116	13,28	266	28.52
116	13,28	273	41.86
116	13,28	284	28.44
116	13,28	307	39.63
116	13,28	324	48.38
116	13,28	333	62.77
116	13,28	344	48.14
116	13,28	355	47.14
116	13,28	375	43.25
116	13,28	392	29.44
116	13,28	419	26.79
116	13,28	484	27.03
116	13,28	494	46.03
116	13,28	521	45.75
116	13,28	523	29.31
116	13,36	32	35.96
116	13,36	35	48.18
116	13,36	50	55.39
116	13,36	79	49.89
116	13,36	91	32.42
116	13,36	95	36.86
116	13,36	99	65.45
116	13,36	130	64.79
116	13,36	133	39.49
116	13,36	154	41.20
116	13,36	155	44.68
116	13,36	167	68.85
116	13,36	173	67.04
116	13,36	204	37.54
116	13,36	213	32.76
116	13,36	236	49.96
116	13,36	273	40.48
116	13,36	316	38.39
116	13,36	324	52.93
116	13,36	333	60.92
116	13,36	344	51.93
116	13,36	347	55.03
116	13,36	349	65.37
116	13,36	372	33.99
116	13,36	484	34.25
116	13,36	494	58.35
116	13,36	508	55.18
116	13,36	523	34.58
116	13,36	566	48.93
116	13,40	11	39.66
116	13,40	32	35.69
116	13,40	35	49.62
116	13,40	50	50.96
116	13,40	66	35.93
116	13,40	79	53.32
116	13,40	91	37.04
116	13,40	95	41.89
116	13,40	99	64.24
116	13,40	130	59.69
116	13,40	133	38.37
116	13,40	154	46.49
116	13,40	155	45.25
116	13,40	167	64.07
116	13,40	173	61.06
116	13,40	191	47.44
116	13,40	204	36.68
116	13,40	213	37.37
116	13,40	236	50.70
116	13,40	266	34.76
116	13,40	273	47.35
116	13,40	307	46.08
116	13,40	316	37.61
116	13,40	324	54.37
116	13,40	333	69.00
116	13,40	344	54.06
116	13,40	347	56.89
116	13,40	349	60.27
116	13,40	355	55.23
116	13,40	372	39.00
116	13,40	375	48.85
116	13,40	392	37.35
116	13,40	419	35.21
116	13,40	484	32.65
116	13,40	494	53.75
116	13,40	508	59.62
116	13,40	521	52.10
116	13,40	523	35.18
116	13,40	566	56.58
116	14	11	13.23
116	14	32	12.76
116	14	46	13.97
116	14	79	25.17
116	14	80	36.49
116	14	99	40.80
116	14	130	35.20
116	14	133	11.49
116	14	155	23.51
116	14	166	54.27
116	14	191	21.37
116	14	203	16.97
116	14	204	12.96
116	14	263	10.56
116	14	266	11.93
116	14	273	26.39
116	14	284	12.10
116	14	307	21.76
116	14	324	31.25
116	14	333	45.06
116	14	341	43.55
116	14	344	31.10
116	14	352	11.31
116	14	355	27.37
116	14	362	20.51
116	14	371	12.65
116	14	375	26.94
116	14	387	14.14
116	14	392	11.75
116	14	394	12.80
116	14	402	11.03
116	14	411	21.10
116	14	419	9.13
116	14	446	16.68
116	14	452	16.23
116	14	457	31.35
116	14	465	12.66
116	14	484	9.03
116	14	494	28.92
116	14	504	34.89
116	14	511	12.51
116	14	518	9.75
116	14	520	13.90
116	14	521	29.45
116	14	523	12.96
116	14	524	11.56
116	14	529	9.08
116	14	554	13.06
116	14	555	14.21
116	14	561	8.34
116	14	581	17.38
116	14,39	32	23.51
116	14,39	79	45.76
116	14,39	99	50.56
116	14,39	130	53.99
116	14,39	133	32.99
116	14,39	155	35.00
116	14,39	191	40.13
116	14,39	204	23.13
116	14,39	263	27.79
116	14,39	273	34.27
116	14,39	307	34.66
116	14,39	324	42.06
116	14,39	333	55.62
116	14,39	344	41.15
116	14,39	352	25.01
116	14,39	371	28.61
116	14,39	387	24.58
116	14,39	394	32.42
116	14,39	402	27.03
116	14,39	411	34.72
116	14,39	446	31.99
116	14,39	465	20.30
116	14,39	484	25.34
116	14,39	494	46.97
116	14,39	504	47.62
116	14,39	511	22.96
116	14,39	523	20.73
116	14,39	529	28.80
116	14,39	554	24.90
116	14,39	555	27.83
116	14,39	561	28.06
116	14,39	581	30.15
116	15	19	43.59
116	15	33	50.07
116	15	72	45.66
116	15	87	52.21
116	15	124	60.21
116	15	137	48.90
116	15	138	50.34
116	15	157	54.37
116	15	164	32.24
116	15	206	47.18
116	15	209	19.89
116	15	211	53.89
116	15	248	61.93
116	15	257	35.24
116	15	258	48.24
116	15	260	78.24
116	15	283	72.92
116	15	287	28.37
116	15	321	51.79
116	15	385	54.82
116	15	406	54.23
116	15	475	57.32
116	15	541	66.49
116	15	576	19.04
116	15,22	19	66.23
116	15,22	157	75.68
116	15,22	164	50.08
116	15,22	206	65.32
116	15,22	257	59.24
116	15,22	287	47.92
116	15,22	321	71.63
116	15,22	475	73.75
116	16	10	32.73
116	16	13	50.25
116	16	24	17.85
116	16	25	44.83
116	16	40	19.54
116	16	52	21.30
116	16	58	38.56
116	16	74	26.37
116	16	97	15.17
116	16	106	22.99
116	16	119	18.00
116	16	121	50.96
116	16	134	35.79
116	16	151	28.92
116	16	174	32.04
116	16	176	43.11
116	16	183	33.49
116	16	201	15.79
116	16	207	33.82
116	16	208	24.45
116	16	212	35.21
116	16	230	57.46
116	16	250	50.92
116	16	254	26.35
116	16	268	21.30
116	16	276	38.25
116	16	286	24.35
116	16	289	36.58
116	16	330	43.18
116	16	332	26.52
116	16	334	18.51
116	16	339	45.31
116	16	340	17.49
116	16	346	24.59
116	16	367	39.80
116	16	408	23.96
116	16	409	21.93
116	16	410	34.39
116	16	415	18.00
116	16	423	31.75
116	16	432	30.25
116	16	433	25.65
116	16	437	28.14
116	16	443	20.17
116	16	444	24.39
116	16	451	20.27
116	16	458	47.24
116	16	460	40.76
116	16	472	16.31
116	16	474	20.76
116	16	480	15.51
116	16	498	37.11
116	16	499	18.37
116	16	516	31.92
116	16	527	28.87
116	16	556	43.85
116	16	574	32.80
116	16,25	40	28.61
116	16,25	52	31.77
116	16,25	74	35.37
116	16,25	97	24.63
116	16,25	106	34.76
116	16,25	119	28.86
116	16,25	134	51.54
116	16,25	151	38.62
116	16,25	174	41.73
116	16,25	183	47.10
116	16,25	201	25.49
116	16,25	208	35.08
116	16,25	212	49.45
116	16,25	254	36.99
116	16,25	268	31.21
116	16,25	286	35.28
116	16,25	289	44.62
116	16,25	332	37.18
116	16,25	334	27.80
116	16,25	340	28.07
116	16,25	346	36.52
116	16,25	367	50.27
116	16,25	408	34.03
116	16,25	410	44.94
116	16,25	415	29.94
116	16,25	423	40.83
116	16,25	432	40.87
116	16,25	433	35.34
116	16,25	437	37.89
116	16,25	443	30.23
116	16,25	444	33.80
116	16,25	458	58.72
116	16,25	472	27.61
116	16,25	474	30.68
116	16,25	480	26.15
116	16,25	498	47.21
116	16,25	499	28.28
116	16,25	527	39.66
116	16,25	556	53.69
116	16,25	574	51.89
116	16,32	52	35.58
116	16,32	74	39.00
116	16,32	106	37.30
116	16,32	119	33.76
116	16,32	134	54.69
116	16,32	151	42.07
116	16,32	174	44.94
116	16,32	183	45.89
116	16,32	201	28.87
116	16,32	208	38.21
116	16,32	212	45.79
116	16,32	254	40.08
116	16,32	268	34.72
116	16,32	289	47.68
116	16,32	332	40.97
116	16,32	334	31.01
116	16,32	346	41.37
116	16,32	367	53.72
116	16,32	408	37.80
116	16,32	410	48.69
116	16,32	415	34.30
116	16,32	423	43.68
116	16,32	432	44.69
116	16,32	433	38.73
116	16,32	437	40.97
116	16,32	443	34.08
116	16,32	444	37.25
116	16,32	451	35.07
116	16,32	458	62.76
116	16,32	472	31.76
116	16,32	474	34.18
116	16,32	498	50.59
116	16,32	499	31.79
116	16,32	527	43.72
116	16,32	574	54.58
116	17	48	43.27
116	17	77	19.58
116	17	85	40.15
116	17	90	39.70
116	17	125	42.24
116	17	141	26.73
116	17	170	43.82
116	17	199	14.97
116	17	237	27.41
116	17	264	19.61
116	17	271	52.28
116	17	274	49.69
116	17	278	26.25
116	17	285	47.03
116	17	291	45.11
116	17	293	44.58
116	17	306	30.07
116	17	322	40.48
116	17	325	50.63
116	17	328	23.90
116	17	365	21.66
116	17	376	45.62
116	17	440	55.35
116	17	489	23.37
116	17	491	49.35
116	17	507	22.42
116	17	539	18.76
116	17,23	48	60.86
116	17,23	85	56.96
116	17,23	90	57.92
116	17,23	199	30.51
116	17,23	264	39.70
116	17,23	274	64.13
116	17,23	278	47.39
116	17,23	285	68.45
116	17,23	306	51.04
116	17,23	322	55.66
116	17,23	328	47.58
116	17,23	507	43.28
116	17,23	539	37.79
116	18	16	49.01
116	18	103	24.32
116	18	108	47.56
116	18	165	57.48
116	18	215	22.37
116	18	255	42.06
116	18	279	29.89
116	18	412	45.76
116	18	426	58.75
116	18	447	25.23
116	19	2	20.66
116	19	6	17.80
116	19	23	17.14
116	19	31	52.59
116	19	45	64.48
116	19	47	18.23
116	19	56	62.87
116	19	65	45.80
116	19	81	38.23
116	19	85	38.49
116	19	90	41.55
116	19	96	51.01
116	19	100	41.03
116	19	109	19.79
116	19	150	37.00
116	19	158	22.49
116	19	170	53.86
116	19	171	46.55
116	19	175	26.86
116	19	188	18.76
116	19	190	44.62
116	19	222	35.52
116	19	229	36.85
116	19	239	39.62
116	19	243	41.68
116	19	247	18.34
116	19	252	20.10
116	19	256	21.21
116	19	262	49.51
116	19	264	19.80
116	19	272	19.28
116	19	274	49.97
116	19	285	47.28
116	19	288	40.80
116	19	309	20.61
116	19	328	22.38
116	19	353	22.45
116	19	358	24.14
116	19	370	33.21
116	19	373	34.72
116	19	374	44.55
116	19	377	23.76
116	19	378	36.92
116	19	381	20.68
116	19	400	16.94
116	19	404	42.94
116	19	417	23.45
116	19	418	21.86
116	19	420	24.68
116	19	430	24.42
116	19	450	19.79
116	19	454	21.87
116	19	456	36.59
116	19	464	43.83
116	19	466	18.73
116	19	469	19.35
116	19	470	23.68
116	19	479	35.35
116	19	483	30.54
116	19	485	32.94
116	19	486	18.08
116	19	487	51.93
116	19	492	18.39
116	19	517	29.52
116	19	531	22.69
116	19	534	46.90
116	19	535	22.83
116	19	539	18.01
116	19	540	20.62
116	19	542	21.49
116	19	543	19.70
116	19	545	21.15
116	19	547	19.46
116	19	548	34.59
116	19	549	21.51
116	19	550	44.37
116	19	558	19.79
116	19	562	22.04
116	19	563	23.21
116	19	569	18.75
116	19	570	18.79
116	19	572	44.08
116	19	575	19.27
116	19	583	19.18
116	19,35	2	35.77
116	19,35	6	33.68
116	19,35	23	31.80
116	19,35	31	67.25
116	19,35	47	34.59
116	19,35	81	53.55
116	19,35	85	54.21
116	19,35	90	53.97
116	19,35	96	68.46
116	19,35	109	35.73
116	19,35	158	38.41
116	19,35	171	62.41
116	19,35	175	45.82
116	19,35	188	35.75
116	19,35	247	33.39
116	19,35	252	36.63
116	19,35	256	36.61
116	19,35	264	35.44
116	19,35	272	35.65
116	19,35	274	65.62
116	19,35	285	56.63
116	19,35	309	36.83
116	19,35	328	40.20
116	19,35	353	40.35
116	19,35	358	44.00
116	19,35	373	55.15
116	19,35	378	49.66
116	19,35	400	32.90
116	19,35	404	58.94
116	19,35	417	41.79
116	19,35	418	39.00
116	19,35	420	41.39
116	19,35	450	37.01
116	19,35	456	52.93
116	19,35	464	61.18
116	19,35	466	34.89
116	19,35	469	35.51
116	19,35	470	40.34
116	19,35	483	50.83
116	19,35	485	49.66
116	19,35	486	34.24
116	19,35	487	67.24
116	19,35	492	34.55
116	19,35	517	48.06
116	19,35	534	69.21
116	19,35	535	38.99
116	19,35	539	32.77
116	19,35	540	36.77
116	19,35	542	39.39
116	19,35	543	35.86
116	19,35	545	39.06
116	19,35	547	35.62
116	19,35	548	53.13
116	19,35	549	37.66
116	19,35	558	35.94
116	19,35	562	38.20
116	19,35	569	34.90
116	19,35	570	34.94
116	19,35	572	60.80
116	19,35	575	35.42
116	19,35	583	35.34
116	20	5	20.27
116	20	18	46.51
116	20	34	39.82
116	20	37	12.20
116	20	49	9.82
116	20	59	13.79
116	20	71	27.58
116	20	73	44.41
116	20	83	36.24
116	20	89	46.94
116	20	94	14.32
116	20	101	22.00
116	20	112	32.85
116	20	115	14.42
116	20	126	14.49
116	20	129	19.89
116	20	138	46.15
116	20	142	15.99
116	20	148	52.04
116	20	161	13.63
116	20	163	25.75
116	20	177	12.39
116	20	181	17.73
116	20	198	16.13
116	20	226	45.62
116	20	235	12.59
116	20	238	20.32
116	20	248	60.80
116	20	251	56.52
116	20	258	41.28
116	20	260	70.56
116	20	297	42.44
116	20	299	14.49
116	20	305	58.41
116	20	313	14.21
116	20	314	13.23
116	20	315	33.41
116	20	317	42.39
116	20	318	53.48
116	20	319	12.76
116	20	321	49.52
116	20	336	44.54
116	20	348	14.42
116	20	356	14.27
116	20	360	12.25
116	20	364	22.97
116	20	385	49.70
116	20	390	16.30
116	20	393	14.24
116	20	395	14.35
116	20	401	42.76
116	20	403	28.49
116	20	405	11.83
116	20	406	46.18
116	20	416	45.92
116	20	428	11.41
116	20	436	12.56
116	20	448	28.56
116	20	453	23.27
116	20	455	17.10
116	20	462	35.94
116	20	468	13.28
116	20	475	47.96
116	20	476	18.79
116	20	477	58.83
116	20	496	10.08
116	20	500	49.06
116	20	509	52.45
116	20	512	51.65
116	20	522	12.94
116	20	541	61.28
116	20	564	30.87
116	21	7	37.72
116	21	32	18.18
116	21	35	25.11
116	21	50	34.75
116	21	91	17.38
116	21	93	24.62
116	21	95	20.01
116	21	99	43.94
116	21	130	43.89
116	21	131	45.32
116	21	133	24.13
116	21	139	51.72
116	21	143	40.61
116	21	154	27.13
116	21	155	30.76
116	21	166	66.90
116	21	167	39.68
116	21	173	49.24
116	21	192	18.52
116	21	204	20.63
116	21	210	51.24
116	21	236	34.55
116	21	244	55.08
116	21	246	49.21
116	21	266	21.01
116	21	273	29.69
116	21	292	40.42
116	21	296	38.72
116	21	300	22.06
116	21	307	29.35
116	21	316	19.90
116	21	324	33.82
116	21	333	49.52
116	21	337	30.27
116	21	341	47.08
116	21	344	33.63
116	21	347	38.85
116	21	349	46.73
116	21	372	18.34
116	21	375	33.86
116	21	388	45.15
116	21	407	24.07
116	21	457	44.59
116	21	484	21.17
116	21	494	41.70
116	21	508	32.20
116	21	510	48.42
116	21	521	41.59
116	21	523	18.48
116	21	566	39.42
116	21,41	32	34.97
116	21,41	35	39.41
116	21,41	50	51.27
116	21,41	93	42.28
116	21,41	99	61.75
116	21,41	130	61.49
116	21,41	133	44.30
116	21,41	154	43.92
116	21,41	155	47.04
116	21,41	266	37.49
116	21,41	273	45.61
116	21,41	307	47.11
116	21,41	316	37.32
116	21,41	324	51.28
116	21,41	333	67.18
116	21,41	344	51.01
116	21,41	375	50.20
116	21,41	407	42.99
116	21,41	484	38.76
116	21,41	494	58.69
116	21,41	521	59.35
116	22	19	52.49
116	22	33	52.28
116	22	87	57.72
116	22	124	63.45
116	22	137	51.75
116	22	138	49.92
116	22	157	48.28
116	22	164	31.92
116	22	206	51.04
116	22	248	65.89
116	22	257	38.90
116	22	258	51.38
116	22	260	83.59
116	22	283	76.96
116	22	287	40.24
116	22	321	53.27
116	22	336	54.99
116	22	385	56.82
116	22	475	58.10
116	22	541	69.27
116	23	45	65.55
116	23	47	22.76
116	23	48	39.72
116	23	81	38.90
116	23	85	37.77
116	23	88	41.61
116	23	90	38.17
116	23	114	29.63
116	23	159	33.65
116	23	170	47.46
116	23	199	18.73
116	23	222	38.51
116	23	229	35.66
116	23	252	20.77
116	23	264	18.94
116	23	274	51.13
116	23	278	27.68
116	23	285	42.87
116	23	304	19.44
116	23	306	28.32
116	23	322	43.20
116	23	325	44.04
116	23	328	23.42
116	23	370	27.41
116	23	373	35.30
116	23	378	29.44
116	23	400	21.39
116	23	418	23.14
116	23	464	35.63
116	23	487	47.69
116	23	507	21.39
116	23	539	18.07
116	23,27	48	48.37
116	23,27	81	47.31
116	23,27	85	46.45
116	23,27	88	55.07
116	23,27	90	46.99
116	23,27	159	41.83
116	23,27	199	27.69
116	23,27	222	46.90
116	23,27	252	30.25
116	23,27	264	28.23
116	23,27	274	61.97
116	23,27	278	36.52
116	23,27	285	56.35
116	23,27	306	37.10
116	23,27	322	56.72
116	23,27	373	44.86
116	23,27	400	29.89
116	23,27	464	44.89
116	23,27	507	30.24
116	23,27	539	26.72
116	24	3	17.30
116	24	13	51.90
116	24	25	43.76
116	24	40	13.06
116	24	52	13.92
116	24	74	21.18
116	24	97	18.38
116	24	98	23.89
116	24	106	28.25
116	24	119	21.23
116	24	121	52.52
116	24	134	38.66
116	24	151	22.24
116	24	174	34.62
116	24	183	29.85
116	24	201	19.72
116	24	208	22.08
116	24	212	32.07
116	24	225	19.52
116	24	230	55.58
116	24	250	43.37
116	24	254	19.92
116	24	268	13.51
116	24	286	16.13
116	24	289	39.25
116	24	310	16.03
116	24	330	43.27
116	24	332	21.89
116	24	334	15.49
116	24	339	46.86
116	24	340	21.49
116	24	367	33.11
116	24	386	17.42
116	24	408	16.17
116	24	410	27.94
116	24	415	21.87
116	24	423	26.62
116	24	432	25.21
116	24	433	23.35
116	24	437	25.18
116	24	443	16.82
116	24	444	17.77
116	24	460	33.79
116	24	472	21.23
116	24	474	12.77
116	24	498	40.83
116	24	499	16.77
116	24	527	21.20
116	24	556	45.77
116	24	574	34.08
116	24,25	3	28.08
116	24,25	40	22.30
116	24,25	52	24.55
116	24,25	74	30.80
116	24,25	97	28.00
116	24,25	98	34.32
116	24,25	106	38.49
116	24,25	119	32.35
116	24,25	134	53.32
116	24,25	151	32.13
116	24,25	174	44.48
116	24,25	183	39.58
116	24,25	201	29.58
116	24,25	208	32.87
116	24,25	212	38.77
116	24,25	225	30.03
116	24,25	254	30.70
116	24,25	268	23.61
116	24,25	286	27.25
116	24,25	289	48.15
116	24,25	310	26.35
116	24,25	332	32.73
116	24,25	334	24.96
116	24,25	340	32.24
116	24,25	367	43.73
116	24,25	386	28.23
116	24,25	408	26.39
116	24,25	410	38.65
116	24,25	415	33.99
116	24,25	423	35.87
116	24,25	432	36.00
116	24,25	433	33.21
116	24,25	437	35.08
116	24,25	443	27.04
116	24,25	444	27.37
116	24,25	472	32.65
116	24,25	474	22.87
116	24,25	498	51.10
116	24,25	499	26.87
116	24,25	527	32.14
116	24,25	556	55.79
116	24,25	574	55.96
116	24,33	3	26.73
116	24,33	40	21.21
116	24,33	52	23.24
116	24,33	74	29.97
116	24,33	97	26.89
116	24,33	98	33.15
116	24,33	106	40.35
116	24,33	119	30.73
116	24,33	134	52.99
116	24,33	151	30.87
116	24,33	174	43.30
116	24,33	183	38.52
116	24,33	201	28.41
116	24,33	208	31.73
116	24,33	212	37.51
116	24,33	225	28.72
116	24,33	254	29.56
116	24,33	268	22.37
116	24,33	286	25.75
116	24,33	289	47.24
116	24,33	310	25.07
116	24,33	332	31.37
116	24,33	334	23.82
116	24,33	340	30.93
116	24,33	367	42.48
116	24,33	386	26.82
116	24,33	408	25.04
116	24,33	410	37.32
116	24,33	415	32.49
116	24,33	423	34.82
116	24,33	432	34.63
116	24,33	433	31.99
116	24,33	437	33.97
116	24,33	443	25.70
116	24,33	444	26.11
116	24,33	472	31.21
116	24,33	474	21.63
116	24,33	498	49.86
116	24,33	499	25.63
116	24,33	527	30.72
116	24,33	556	54.63
116	24,33	574	51.11
116	25	3	14.97
116	25	13	52.54
116	25	25	42.28
116	25	40	15.06
116	25	52	14.73
116	25	58	39.06
116	25	74	20.07
116	25	97	17.42
116	25	98	25.76
116	25	106	26.45
116	25	119	18.76
116	25	121	53.13
116	25	134	37.41
116	25	151	22.96
116	25	174	34.42
116	25	183	28.34
116	25	201	18.20
116	25	208	20.52
116	25	212	32.14
116	25	225	17.96
116	25	230	54.38
116	25	250	45.48
116	25	254	22.00
116	25	268	15.75
116	25	286	18.03
116	25	289	29.46
116	25	310	14.18
116	25	320	39.42
116	25	330	44.51
116	25	332	20.00
116	25	334	13.65
116	25	339	47.46
116	25	340	20.11
116	25	346	24.03
116	25	367	35.14
116	25	386	15.13
116	25	408	18.46
116	25	410	30.04
116	25	414	19.79
116	25	415	19.72
116	25	423	28.58
116	25	432	24.17
116	25	433	21.85
116	25	437	23.32
116	25	443	17.99
116	25	444	18.35
116	25	458	48.14
116	25	460	35.55
116	25	472	19.20
116	25	474	15.03
116	25	480	18.48
116	25	498	39.59
116	25	499	14.58
116	25	527	22.37
116	25	556	44.34
116	25	574	31.69
116	25,33	3	30.66
116	25,33	40	26.68
116	25,33	52	28.45
116	25,33	74	33.13
116	25,33	97	30.39
116	25,33	98	38.94
116	25,33	106	40.23
116	25,33	119	34.79
116	25,33	134	53.76
116	25,33	151	35.72
116	25,33	174	50.90
116	25,33	183	43.94
116	25,33	201	31.79
116	25,33	208	35.45
116	25,33	212	44.32
116	25,33	225	33.30
116	25,33	254	34.94
116	25,33	268	28.46
116	25,33	286	31.63
116	25,33	289	45.48
116	25,33	310	29.20
116	25,33	332	35.73
116	25,33	334	27.20
116	25,33	340	35.20
116	25,33	367	48.75
116	25,33	386	31.15
116	25,33	408	31.01
116	25,33	410	43.96
116	25,33	414	36.31
116	25,33	415	36.30
116	25,33	423	40.01
116	25,33	432	37.80
116	25,33	433	36.13
116	25,33	437	37.30
116	25,33	443	30.41
116	25,33	444	30.68
116	25,33	458	68.06
116	25,33	472	34.94
116	25,33	474	27.82
116	25,33	480	33.54
116	25,33	498	56.83
116	25,33	499	28.31
116	25,33	527	35.96
116	25,33	556	60.87
116	25,33	574	50.42
116	26	8	38.70
116	26	12	22.38
116	26	51	47.65
116	26	57	32.07
116	26	67	20.01
116	26	105	20.04
116	26	122	19.76
116	26	132	46.15
116	26	145	48.80
116	26	187	18.96
116	26	220	46.24
116	26	231	39.17
116	26	245	34.59
116	26	261	20.32
116	26	297	54.79
116	26	298	24.45
116	26	342	21.42
116	26	351	18.80
116	26	359	50.65
116	26	416	59.18
116	26	435	18.14
116	26	473	18.28
116	26	477	58.97
116	26	495	45.55
116	26	503	57.86
116	26	530	34.93
116	26	544	32.77
116	26	571	19.63
116	26,30	8	47.82
116	26,30	12	31.27
116	26,30	51	55.28
116	26,30	67	28.80
116	26,30	105	28.73
116	26,30	122	28.18
116	26,30	132	54.15
116	26,30	145	56.61
116	26,30	187	27.39
116	26,30	231	47.85
116	26,30	245	43.54
116	26,30	261	28.85
116	26,30	298	33.30
116	26,30	342	30.42
116	26,30	351	27.30
116	26,30	359	59.15
116	26,30	435	26.31
116	26,30	473	26.72
116	26,30	495	54.03
116	26,30	530	43.54
116	26,30	571	28.42
116	27	6	17.23
116	27	23	15.65
116	27	27	36.80
116	27	48	35.89
116	27	61	18.85
116	27	62	32.30
116	27	69	32.37
116	27	81	35.39
116	27	85	35.87
116	27	88	37.32
116	27	90	35.87
116	27	111	47.87
116	27	153	13.76
116	27	158	12.69
116	27	159	30.01
116	27	170	42.99
116	27	171	43.42
116	27	199	14.07
116	27	202	12.00
116	27	222	34.37
116	27	247	14.80
116	27	252	17.10
116	27	264	15.87
116	27	272	17.06
116	27	274	45.21
116	27	278	24.20
116	27	285	43.52
116	27	306	23.27
116	27	309	16.49
116	27	322	39.14
116	27	325	45.49
116	27	345	17.61
116	27	363	24.80
116	27	365	16.48
116	27	373	31.04
116	27	400	17.14
116	27	420	14.86
116	27	440	50.25
116	27	441	17.70
116	27	450	18.10
116	27	456	34.11
116	27	464	30.66
116	27	466	17.06
116	27	469	16.14
116	27	470	13.03
116	27	485	29.62
116	27	486	16.45
116	27	506	37.41
116	27	507	16.79
116	27	525	15.96
116	27	532	16.93
116	27	539	15.18
116	27	540	13.76
116	27	543	16.69
116	27	547	16.15
116	27	550	41.85
116	27	558	15.20
116	27	560	14.65
116	27	562	17.10
116	27	567	20.77
116	27	569	17.04
116	27	570	16.99
116	27	575	17.25
116	27	578	16.68
116	27	579	15.04
116	27	582	45.86
116	27	583	16.72
116	28	11	24.61
116	28	32	22.54
116	28	46	23.30
116	28	79	40.79
116	28	99	50.56
116	28	130	45.35
116	28	133	22.10
116	28	155	32.45
116	28	166	56.46
116	28	191	31.75
116	28	203	29.11
116	28	204	23.13
116	28	266	21.15
116	28	273	32.28
116	28	284	21.14
116	28	307	32.15
116	28	324	40.99
116	28	333	55.28
116	28	341	52.45
116	28	344	40.72
116	28	355	39.03
116	28	375	35.72
116	28	392	21.75
116	28	419	19.65
116	28	457	41.32
116	28	484	19.80
116	28	494	38.51
116	28	521	38.27
116	28	523	22.44
116	28,36	32	37.03
116	28,36	79	50.58
116	28,36	99	67.90
116	28,36	130	60.66
116	28,36	133	39.97
116	28,36	155	46.44
116	28,36	204	38.69
116	28,36	273	41.45
116	28,36	324	60.13
116	28,36	333	63.52
116	28,36	344	59.06
116	28,36	484	35.10
116	28,36	494	53.21
116	28,36	523	36.90
116	28,39	32	33.25
116	28,39	79	51.48
116	28,39	99	60.75
116	28,39	130	60.03
116	28,39	133	41.85
116	28,39	155	44.38
116	28,39	191	49.41
116	28,39	204	33.21
116	28,39	273	43.38
116	28,39	307	45.45
116	28,39	324	52.24
116	28,39	333	66.30
116	28,39	344	51.24
116	28,39	484	34.89
116	28,39	494	55.51
116	28,39	523	30.20
116	28,40	11	41.96
116	28,40	32	38.35
116	28,40	79	55.20
116	28,40	99	67.39
116	28,40	130	61.96
116	28,40	133	41.28
116	28,40	155	47.80
116	28,40	191	48.32
116	28,40	204	39.93
116	28,40	266	36.70
116	28,40	273	50.10
116	28,40	307	48.92
116	28,40	324	57.48
116	28,40	333	71.97
116	28,40	344	57.15
116	28,40	355	57.59
116	28,40	375	51.17
116	28,40	392	38.21
116	28,40	419	35.85
116	28,40	484	35.96
116	28,40	494	54.55
116	28,40	521	54.38
116	28,40	523	38.27
116	29	2	17.87
116	29	6	15.55
116	29	23	13.99
116	29	31	49.62
116	29	45	60.30
116	29	47	17.83
116	29	81	38.34
116	29	85	30.01
116	29	90	36.80
116	29	96	38.18
116	29	109	15.49
116	29	153	18.18
116	29	158	17.21
116	29	170	47.48
116	29	171	41.85
116	29	175	21.76
116	29	188	16.35
116	29	199	18.80
116	29	239	35.15
116	29	247	14.54
116	29	252	15.25
116	29	256	18.31
116	29	262	49.66
116	29	264	12.90
116	29	272	15.30
116	29	274	46.80
116	29	278	26.28
116	29	285	42.55
116	29	288	39.75
116	29	309	13.31
116	29	328	16.63
116	29	335	16.86
116	29	353	14.48
116	29	358	17.58
116	29	370	29.82
116	29	373	29.87
116	29	374	39.62
116	29	378	27.90
116	29	381	20.46
116	29	400	16.42
116	29	404	38.31
116	29	417	18.76
116	29	418	16.89
116	29	420	21.38
116	29	430	24.07
116	29	441	22.15
116	29	450	16.24
116	29	454	22.03
116	29	456	32.37
116	29	464	38.51
116	29	466	15.18
116	29	469	14.77
116	29	470	17.31
116	29	479	33.77
116	29	483	25.65
116	29	485	27.34
116	29	486	15.66
116	29	487	47.20
116	29	492	15.59
116	29	506	44.96
116	29	517	28.48
116	29	525	18.79
116	29	534	39.61
116	29	535	18.24
116	29	539	13.48
116	29	540	17.70
116	29	542	16.17
116	29	543	14.77
116	29	545	15.83
116	29	546	29.75
116	29	547	14.34
116	29	548	29.35
116	29	549	16.90
116	29	550	39.85
116	29	558	16.08
116	29	562	14.92
116	29	569	15.15
116	29	570	15.10
116	29	572	39.18
116	29	575	15.42
116	29	578	19.59
116	29	582	50.08
116	29	583	14.82
116	30	4	19.13
116	30	8	36.06
116	30	12	19.66
116	30	39	23.48
116	30	43	37.08
116	30	44	18.34
116	30	51	41.86
116	30	67	17.17
116	30	75	14.68
116	30	104	19.38
116	30	105	18.82
116	30	110	43.15
116	30	118	45.28
116	30	120	20.73
116	30	122	17.04
116	30	128	35.77
116	30	132	43.35
116	30	136	38.04
116	30	144	40.93
116	30	145	45.86
116	30	162	40.25
116	30	172	32.77
116	30	180	32.79
116	30	186	33.42
116	30	187	17.99
116	30	194	34.76
116	30	197	22.34
116	30	200	17.30
116	30	214	18.56
116	30	231	37.55
116	30	245	32.01
116	30	261	19.04
116	30	280	32.10
116	30	295	24.34
116	30	298	21.56
116	30	342	17.54
116	30	351	15.70
116	30	359	49.68
116	30	380	28.49
116	30	382	31.92
116	30	391	36.69
116	30	398	17.99
116	30	399	18.63
116	30	421	40.14
116	30	422	17.20
116	30	424	19.85
116	30	434	21.62
116	30	435	16.13
116	30	438	30.82
116	30	473	17.01
116	30	482	27.24
116	30	495	42.24
116	30	503	55.27
116	30	526	21.45
116	30	530	32.42
116	30	536	16.49
116	30	571	16.69
116	30	580	18.92
116	31	18	50.06
116	31	21	20.49
116	31	34	37.62
116	31	64	40.59
116	31	71	39.85
116	31	73	46.76
116	31	78	52.20
116	31	84	34.65
116	31	107	47.23
116	31	142	21.45
116	31	146	34.13
116	31	148	59.94
116	31	149	46.94
116	31	168	17.69
116	31	179	34.20
116	31	189	42.48
116	31	195	25.92
116	31	226	55.24
116	31	232	20.20
116	31	259	46.00
116	31	299	20.97
116	31	302	33.46
116	31	305	70.04
116	31	313	18.73
116	31	329	17.17
116	31	361	18.27
116	31	401	45.13
116	31	403	34.51
116	31	416	49.23
116	31	453	33.51
116	31	455	24.54
116	31	461	14.69
116	31	477	62.00
116	31	500	50.45
116	31	501	20.76
116	31	551	20.17
116	31	552	26.27
116	32	3	15.10
116	32	13	54.55
116	32	25	41.44
116	32	28	16.89
116	32	38	34.80
116	32	52	17.99
116	32	58	39.49
116	32	74	21.86
116	32	106	28.73
116	32	119	22.06
116	32	121	54.94
116	32	134	37.58
116	32	151	25.92
116	32	174	36.54
116	32	183	30.59
116	32	201	20.35
116	32	208	19.03
116	32	212	26.86
116	32	225	16.45
116	32	230	52.89
116	32	250	48.27
116	32	254	24.62
116	32	268	18.66
116	32	289	35.08
116	32	310	17.21
116	32	320	38.06
116	32	330	43.87
116	32	332	20.25
116	32	334	12.39
116	32	339	49.27
116	32	346	24.90
116	32	367	37.89
116	32	386	17.65
116	32	408	21.85
116	32	410	33.11
116	32	414	18.52
116	32	415	22.63
116	32	423	30.82
116	32	432	28.03
116	32	433	20.27
116	32	437	22.14
116	32	443	20.79
116	32	444	21.48
116	32	451	20.14
116	32	458	49.93
116	32	460	38.10
116	32	472	21.97
116	32	474	17.93
116	32	497	19.23
116	32	498	41.82
116	32	499	14.94
116	32	527	26.32
116	32	574	40.48
116	32,34	3	32.18
116	32,34	28	28.49
116	32,34	38	44.32
116	32,34	74	37.96
116	32,34	106	39.72
116	32,34	134	55.30
116	32,34	151	40.96
116	32,34	208	33.80
116	32,34	212	45.58
116	32,34	225	33.00
116	32,34	289	49.04
116	32,34	320	52.15
116	32,34	334	26.86
116	32,34	346	35.54
116	32,34	410	48.90
116	32,34	414	33.86
116	32,34	415	36.92
116	32,34	423	43.72
116	32,34	433	34.30
116	32,34	444	36.14
116	32,34	451	28.94
116	32,34	472	35.35
116	32,34	497	32.62
116	32,34	498	52.87
116	32,34	499	29.89
116	32,34	574	49.32
116	33	3	15.69
116	33	13	52.28
116	33	25	43.04
116	33	40	13.77
116	33	52	13.38
116	33	58	39.32
116	33	74	20.25
116	33	97	17.08
116	33	98	24.55
116	33	106	29.31
116	33	119	18.20
116	33	121	52.96
116	33	134	40.06
116	33	151	21.69
116	33	174	34.66
116	33	176	38.13
116	33	183	28.79
116	33	201	17.94
116	33	208	21.08
116	33	212	29.41
116	33	225	18.62
116	33	230	54.75
116	33	250	44.15
116	33	254	20.35
116	33	268	14.30
116	33	276	41.03
116	33	286	15.37
116	33	289	30.01
116	33	310	14.75
116	33	330	43.72
116	33	332	20.68
116	33	334	14.21
116	33	339	47.31
116	33	340	20.06
116	33	367	33.92
116	33	386	15.87
116	33	408	16.25
116	33	410	28.75
116	33	414	20.35
116	33	415	19.18
116	33	423	27.23
116	33	432	22.45
116	33	433	22.45
116	33	437	23.87
116	33	443	15.72
116	33	444	16.93
116	33	458	48.17
116	33	460	34.41
116	33	472	18.69
116	33	474	13.65
116	33	480	17.93
116	33	498	39.82
116	33	499	14.14
116	33	527	20.20
116	33	556	44.58
116	33	574	31.59
116	34	3	18.45
116	34	13	51.17
116	34	20	46.46
116	34	25	40.23
116	34	28	15.62
116	34	38	31.06
116	34	58	35.31
116	34	74	25.00
116	34	106	25.63
116	34	121	51.39
116	34	134	42.11
116	34	140	46.21
116	34	151	27.45
116	34	156	28.77
116	34	208	19.72
116	34	212	33.45
116	34	225	18.45
116	34	230	53.24
116	34	250	49.46
116	34	267	20.65
116	34	289	37.70
116	34	320	38.03
116	34	334	15.03
116	34	339	45.87
116	34	346	18.30
116	34	410	34.21
116	34	414	18.15
116	34	415	20.18
116	34	423	31.49
116	34	433	20.87
116	34	444	22.93
116	34	451	13.72
116	34	460	39.38
116	34	472	19.48
116	34	490	20.30
116	34	497	17.39
116	34	498	39.04
116	34	499	16.13
116	34	537	19.08
116	34	553	22.82
116	34	568	17.94
116	34	574	31.94
116	34,37	3	28.13
116	34,37	28	23.89
116	34,37	38	40.38
116	34,37	74	34.06
116	34,37	106	31.85
116	34,37	134	51.38
116	34,37	151	36.79
116	34,37	208	29.27
116	34,37	212	43.87
116	34,37	225	27.86
116	34,37	289	45.77
116	34,37	320	48.27
116	34,37	334	23.23
116	34,37	346	29.62
116	34,37	410	44.45
116	34,37	414	28.18
116	34,37	415	31.32
116	34,37	423	40.03
116	34,37	433	29.52
116	34,37	444	31.96
116	34,37	451	23.51
116	34,37	472	29.89
116	34,37	497	27.18
116	34,37	498	48.73
116	34,37	499	25.00
116	34,37	553	31.83
116	34,37	568	26.82
116	34,37	574	45.38
116	35	2	19.11
116	35	6	18.24
116	35	23	16.59
116	35	31	51.20
116	35	47	20.44
116	35	48	40.63
116	35	69	37.70
116	35	81	40.45
116	35	85	31.13
116	35	90	29.03
116	35	96	45.49
116	35	109	17.85
116	35	153	19.92
116	35	158	19.10
116	35	170	48.61
116	35	171	43.25
116	35	175	23.83
116	35	188	19.61
116	35	199	20.55
116	35	247	17.24
116	35	252	18.24
116	35	256	19.75
116	35	264	16.41
116	35	272	18.15
116	35	274	48.15
116	35	278	27.14
116	35	285	32.82
116	35	288	42.86
116	35	309	17.17
116	35	328	18.90
116	35	335	18.68
116	35	345	23.70
116	35	353	18.27
116	35	358	20.32
116	35	373	37.24
116	35	374	41.75
116	35	376	45.86
116	35	378	37.17
116	35	400	19.15
116	35	404	39.66
116	35	417	21.62
116	35	418	18.92
116	35	420	23.30
116	35	440	50.20
116	35	441	23.27
116	35	450	19.18
116	35	456	33.96
116	35	464	40.37
116	35	466	18.14
116	35	469	17.87
116	35	470	19.18
116	35	483	28.76
116	35	485	29.41
116	35	486	18.58
116	35	487	48.38
116	35	492	18.48
116	35	506	46.92
116	35	517	32.61
116	35	525	19.86
116	35	534	41.32
116	35	535	19.80
116	35	539	16.15
116	35	540	19.92
116	35	542	19.80
116	35	543	17.87
116	35	545	19.54
116	35	546	31.75
116	35	547	17.52
116	35	548	31.37
116	35	549	18.69
116	35	550	41.56
116	35	558	18.80
116	35	562	16.83
116	35	569	18.13
116	35	570	18.08
116	35	572	40.73
116	35	575	18.31
116	35	578	20.66
116	35	582	50.82
116	35	583	17.90
116	36	7	36.92
116	36	15	21.25
116	36	30	30.10
116	36	32	17.52
116	36	35	32.32
116	36	42	18.14
116	36	50	34.45
116	36	60	16.99
116	36	79	38.80
116	36	91	13.92
116	36	92	32.06
116	36	95	15.86
116	36	99	41.23
116	36	130	43.15
116	36	133	22.83
116	36	154	22.80
116	36	155	28.52
116	36	160	17.23
116	36	166	64.20
116	36	167	46.51
116	36	173	43.54
116	36	182	37.23
116	36	185	15.63
116	36	192	15.45
116	36	204	17.89
116	36	210	50.86
116	36	213	14.08
116	36	218	45.93
116	36	219	49.99
116	36	228	16.79
116	36	236	33.10
116	36	244	54.27
116	36	263	22.04
116	36	273	26.20
116	36	281	15.80
116	36	282	20.72
116	36	290	18.27
116	36	292	40.00
116	36	316	19.17
116	36	323	19.18
116	36	324	33.82
116	36	333	38.77
116	36	341	48.55
116	36	344	32.96
116	36	347	33.07
116	36	349	45.83
116	36	350	17.45
116	36	352	20.92
116	36	371	23.65
116	36	372	14.41
116	36	384	61.37
116	36	387	19.37
116	36	388	44.70
116	36	394	25.24
116	36	396	20.75
116	36	402	20.85
116	36	411	25.90
116	36	427	31.93
116	36	429	26.34
116	36	446	26.72
116	36	457	43.48
116	36	459	16.42
116	36	463	47.69
116	36	465	14.68
116	36	484	19.68
116	36	488	27.30
116	36	494	40.52
116	36	502	27.35
116	36	504	41.52
116	36	508	40.11
116	36	511	18.01
116	36	513	21.01
116	36	514	22.10
116	36	515	39.04
116	36	523	16.27
116	36	529	21.30
116	36	533	16.83
116	36	538	22.04
116	36	554	20.06
116	36	566	25.58
116	36	581	24.10
116	36,38	15	37.42
116	36,38	30	46.68
116	36,38	32	32.48
116	36,38	35	50.11
116	36,38	42	32.65
116	36,38	50	50.48
116	36,38	60	31.49
116	36,38	79	53.72
116	36,38	91	28.82
116	36,38	92	48.90
116	36,38	95	31.93
116	36,38	99	58.62
116	36,38	130	60.42
116	36,38	133	38.18
116	36,38	154	34.44
116	36,38	155	44.23
116	36,38	160	32.35
116	36,38	167	63.17
116	36,38	173	65.66
116	36,38	182	54.21
116	36,38	185	30.99
116	36,38	192	30.92
116	36,38	204	33.68
116	36,38	213	29.07
116	36,38	228	32.52
116	36,38	236	48.15
116	36,38	263	38.20
116	36,38	273	35.28
116	36,38	281	31.58
116	36,38	282	36.41
116	36,38	290	32.65
116	36,38	316	34.52
116	36,38	323	34.15
116	36,38	324	51.03
116	36,38	333	54.87
116	36,38	344	49.90
116	36,38	347	52.18
116	36,38	349	63.10
116	36,38	350	34.04
116	36,38	352	36.72
116	36,38	371	40.37
116	36,38	372	29.83
116	36,38	387	35.18
116	36,38	394	42.59
116	36,38	396	35.69
116	36,38	402	36.68
116	36,38	411	42.94
116	36,38	427	48.87
116	36,38	429	43.75
116	36,38	446	44.61
116	36,38	459	33.13
116	36,38	465	29.34
116	36,38	484	35.13
116	36,38	488	43.24
116	36,38	494	57.07
116	36,38	502	45.79
116	36,38	504	59.72
116	36,38	508	52.96
116	36,38	511	33.77
116	36,38	513	36.77
116	36,38	514	37.86
116	36,38	515	57.56
116	36,38	523	31.25
116	36,38	529	37.06
116	36,38	533	32.59
116	36,38	538	37.80
116	36,38	554	35.82
116	36,38	566	45.21
116	36,38	581	39.86
116	36,40	32	35.49
116	36,40	35	56.48
116	36,40	50	51.27
116	36,40	79	50.06
116	36,40	91	35.07
116	36,40	95	39.89
116	36,40	99	71.41
116	36,40	130	59.76
116	36,40	133	37.85
116	36,40	154	44.00
116	36,40	155	45.61
116	36,40	167	64.34
116	36,40	173	60.58
116	36,40	204	36.20
116	36,40	213	35.42
116	36,40	236	51.10
116	36,40	273	43.96
116	36,40	316	37.56
116	36,40	324	54.38
116	36,40	333	67.07
116	36,40	344	62.55
116	36,40	347	60.56
116	36,40	349	60.00
116	36,40	372	36.85
116	36,40	484	32.13
116	36,40	494	53.87
116	36,40	508	58.17
116	36,40	523	34.89
116	36,40	566	53.90
116	37	3	12.75
116	37	13	50.00
116	37	25	37.69
116	37	28	13.01
116	37	38	32.52
116	37	58	37.32
116	37	74	17.13
116	37	106	22.28
116	37	119	18.27
116	37	121	53.14
116	37	134	33.13
116	37	151	23.61
116	37	174	34.32
116	37	201	17.46
116	37	208	15.85
116	37	212	30.00
116	37	225	13.46
116	37	230	49.85
116	37	250	46.04
116	37	254	22.37
116	37	268	16.37
116	37	289	30.55
116	37	310	14.93
116	37	320	34.80
116	37	330	42.28
116	37	332	17.97
116	37	334	10.30
116	37	339	44.68
116	37	346	21.37
116	37	367	35.97
116	37	386	15.24
116	37	410	31.31
116	37	414	13.63
116	37	415	19.10
116	37	423	28.75
116	37	432	24.70
116	37	433	16.89
116	37	437	20.03
116	37	443	17.62
116	37	444	19.03
116	37	451	16.38
116	37	458	46.65
116	37	460	35.92
116	37	472	18.52
116	37	474	15.63
116	37	497	14.55
116	37	498	39.49
116	37	499	11.77
116	37	527	23.38
116	37	553	20.32
116	37	568	16.08
116	37	574	35.45
116	38	7	35.15
116	38	15	19.10
116	38	30	28.32
116	38	32	15.75
116	38	35	30.68
116	38	42	16.54
116	38	50	32.79
116	38	60	15.51
116	38	79	37.31
116	38	91	13.00
116	38	92	30.35
116	38	95	14.56
116	38	99	39.46
116	38	130	41.32
116	38	133	21.00
116	38	154	21.56
116	38	155	26.92
116	38	160	15.65
116	38	166	62.31
116	38	167	44.75
116	38	173	37.79
116	38	182	35.49
116	38	185	14.42
116	38	192	14.23
116	38	204	16.20
116	38	210	49.49
116	38	213	13.17
116	38	218	43.93
116	38	219	48.14
116	38	228	15.25
116	38	236	31.59
116	38	244	52.41
116	38	263	19.97
116	38	273	23.85
116	38	281	14.58
116	38	282	19.00
116	38	290	16.79
116	38	292	38.52
116	38	316	17.34
116	38	323	17.51
116	38	324	32.24
116	38	333	41.79
116	38	341	46.96
116	38	344	31.23
116	38	347	34.68
116	38	349	44.00
116	38	350	15.76
116	38	352	18.93
116	38	371	21.34
116	38	372	13.34
116	38	384	59.70
116	38	387	17.32
116	38	388	43.27
116	38	394	22.76
116	38	396	19.04
116	38	402	18.82
116	38	411	24.58
116	38	427	30.10
116	38	429	24.94
116	38	446	23.72
116	38	457	41.76
116	38	459	14.83
116	38	463	45.97
116	38	465	13.52
116	38	484	17.80
116	38	488	25.61
116	38	494	38.80
116	38	502	24.37
116	38	504	39.52
116	38	508	39.44
116	38	511	16.17
116	38	513	19.44
116	38	514	20.10
116	38	515	37.37
116	38	523	14.80
116	38	529	19.30
116	38	533	15.21
116	38	538	20.04
116	38	554	18.06
116	38	566	24.54
116	38	581	22.10
116	39	7	35.80
116	39	15	21.83
116	39	30	31.54
116	39	32	17.23
116	39	35	29.23
116	39	42	17.59
116	39	50	34.25
116	39	60	18.32
116	39	66	19.72
116	39	79	38.42
116	39	91	16.27
116	39	95	18.49
116	39	99	42.66
116	39	130	42.04
116	39	133	21.17
116	39	154	25.90
116	39	155	28.01
116	39	160	18.82
116	39	166	62.56
116	39	167	46.51
116	39	173	45.24
116	39	182	38.63
116	39	185	17.58
116	39	191	31.45
116	39	192	17.38
116	39	204	16.08
116	39	210	50.25
116	39	213	16.42
116	39	219	47.11
116	39	228	16.63
116	39	236	32.58
116	39	244	53.17
116	39	263	19.62
116	39	273	27.44
116	39	281	18.54
116	39	290	18.20
116	39	292	39.34
116	39	307	27.25
116	39	316	18.80
116	39	323	18.61
116	39	324	34.51
116	39	333	48.18
116	39	337	28.58
116	39	341	48.06
116	39	344	33.61
116	39	347	39.73
116	39	349	44.72
116	39	350	19.69
116	39	352	18.25
116	39	368	23.82
116	39	371	20.30
116	39	372	17.08
116	39	387	17.59
116	39	388	44.20
116	39	394	22.97
116	39	402	19.46
116	39	411	25.31
116	39	427	32.39
116	39	429	24.42
116	39	446	23.37
116	39	457	42.01
116	39	459	19.69
116	39	463	49.10
116	39	465	14.01
116	39	484	17.96
116	39	488	25.83
116	39	493	18.87
116	39	494	38.25
116	39	502	29.18
116	39	504	40.06
116	39	508	41.54
116	39	511	16.28
116	39	513	22.94
116	39	514	20.73
116	39	515	40.86
116	39	519	21.15
116	39	523	14.23
116	39	529	19.37
116	39	533	16.66
116	39	538	22.65
116	39	554	18.23
116	39	555	20.31
116	39	561	20.37
116	39	565	20.89
116	39	566	34.07
116	39	577	17.75
116	39	581	22.63
116	40	7	40.21
116	40	11	29.03
116	40	32	25.70
116	40	35	40.34
116	40	50	41.48
116	40	66	26.24
116	40	79	43.04
116	40	91	26.79
116	40	95	30.89
116	40	99	53.70
116	40	130	49.35
116	40	133	24.86
116	40	154	36.79
116	40	155	35.87
116	40	166	70.83
116	40	167	54.23
116	40	173	50.15
116	40	191	37.11
116	40	204	25.52
116	40	210	54.04
116	40	213	26.97
116	40	236	41.66
116	40	244	61.97
116	40	266	24.61
116	40	273	30.21
116	40	292	44.83
116	40	307	35.27
116	40	316	27.34
116	40	324	43.90
116	40	333	58.85
116	40	341	55.87
116	40	344	43.92
116	40	347	47.07
116	40	349	49.59
116	40	355	43.83
116	40	372	28.69
116	40	375	38.99
116	40	388	48.17
116	40	392	26.92
116	40	419	24.75
116	40	457	45.70
116	40	484	21.82
116	40	494	39.27
116	40	508	49.44
116	40	521	33.89
116	40	523	24.96
116	40	566	37.14
116	41	7	37.83
116	41	14	27.38
116	41	32	23.85
116	41	35	35.63
116	41	50	37.59
116	41	79	31.69
116	41	93	24.38
116	41	99	54.14
116	41	113	26.58
116	41	130	44.87
116	41	133	27.48
116	41	154	37.23
116	41	155	37.13
116	41	166	72.90
116	41	191	37.80
116	41	266	20.97
116	41	273	38.63
116	41	292	41.20
116	41	303	26.28
116	41	307	33.49
116	41	316	24.45
116	41	324	44.00
116	41	333	60.14
116	41	341	53.85
116	41	344	43.28
116	41	375	35.73
116	41	407	25.85
116	41	419	25.77
116	41	484	25.18
116	41	494	44.17
116	41	510	48.42
116	41	521	52.23
116	41	573	30.65
