Task=9 Orders=43 Vehicles=444 Scores=1613
9	1	6	47.37
9	1	21	38.85
9	1	22	47.82
9	1	63	47.18
9	1	164	43.72
9	1	172	24.44
9	1	181	58.59
9	1	223	20.86
9	1	234	39.94
9	1	257	44.90
9	1	328	21.06
9	1	358	27.69
9	1	390	55.35
9	1	424	64.21
9	1,14	6	57.42
9	1,14	164	52.87
9	1,14	172	33.73
9	1,14	223	33.04
9	1,14	234	48.85
9	1,14	328	31.01
9	1,14	390	65.20
9	2	4	7.04
9	2	7	28.41
9	2	8	9.51
9	2	13	31.45
9	2	20	27.11
9	2	35	38.61
9	2	47	6.83
9	2	69	10.70
9	2	73	53.66
9	2	93	9.72
9	2	95	8.28
9	2	96	41.03
9	2	97	8.11
9	2	106	33.66
9	2	107	7.27
9	2	116	7.45
9	2	124	10.93
9	2	136	11.85
9	2	141	9.89
9	2	143	11.72
9	2	149	7.94
9	2	155	13.21
9	2	156	10.94
9	2	159	30.30
9	2	160	30.27
9	2	165	11.03
9	2	180	7.73
9	2	185	35.21
9	2	186	35.56
9	2	190	34.24
9	2	206	34.35
9	2	224	39.13
9	2	229	54.24
9	2	233	46.37
9	2	235	39.01
9	2	237	10.21
9	2	239	9.23
9	2	246	30.34
9	2	247	12.76
9	2	249	8.68
9	2	251	11.76
9	2	252	11.83
9	2	261	43.59
9	2	276	9.03
9	2	277	8.46
9	2	282	39.23
9	2	293	33.65
9	2	294	11.04
9	2	297	8.37
9	2	299	11.20
9	2	304	30.44
9	2	309	16.31
9	2	325	15.62
9	2	326	37.17
9	2	334	10.70
9	2	342	18.00
9	2	345	35.28
9	2	415	11.49
9	2	416	49.93
9	2	419	21.94
9	2	426	9.27
9	2	430	26.59
9	2	441	45.04
9	2,30	96	65.13
9	2,30	224	64.66
9	2,30	233	72.83
9	2,30	345	58.54
9	3	3	15.37
9	3	30	38.03
9	3	32	17.77
9	3	71	44.39
9	3	118	32.70
9	3	129	39.54
9	3	177	41.37
9	3	183	18.56
9	3	198	47.31
9	3	202	48.37
9	3	227	45.94
9	3	228	33.24
9	3	230	72.48
9	3	258	17.94
9	3	262	21.10
9	3	291	42.77
9	3	323	34.30
9	3	339	43.10
9	3	348	37.66
9	3	374	45.06
9	3	375	21.59
9	3	417	16.56
9	3	421	18.73
9	3	422	17.97
9	3	428	42.18
9	3	429	38.14
9	3	435	19.20
9	3	438	29.45
9	3	442	17.83
9	3	443	18.80
9	3,4	118	51.10
9	3,4	177	51.23
9	3,4	230	95.39
9	3,4	323	49.23
9	3,4	348	59.96
9	4	25	27.06
9	4	50	41.90
9	4	118	39.25
9	4	137	41.17
9	4	177	32.13
9	4	198	53.31
9	4	209	24.68
9	4	214	40.99
9	4	215	57.11
9	4	230	79.58
9	4	274	62.61
9	4	323	36.90
9	4	324	59.07
9	4	341	38.06
9	4	348	45.77
9	4	370	44.58
9	4,32	118	46.51
9	4,32	177	55.41
9	4,32	209	32.20
9	4,32	214	48.87
9	4,32	230	87.39
9	4,32	323	44.58
9	4,32	348	64.28
9	4,32	370	68.83
9	5	2	42.21
9	5	37	46.79
9	5	40	51.23
9	5	45	50.01
9	5	58	57.39
9	5	61	60.37
9	5	100	52.00
9	5	132	38.28
9	5	140	48.66
9	5	154	65.01
9	5	193	59.86
9	5	231	39.11
9	5	248	57.63
9	5	281	59.76
9	5,26	2	53.20
9	5,26	37	58.20
9	5,26	40	62.92
9	5,26	45	61.15
9	5,26	100	62.00
9	5,26	140	59.75
9	5,26	154	79.18
9	5,26	231	50.00
9	5,27	2	59.76
9	5,27	40	64.37
9	5,27	100	65.06
9	5,27	140	60.44
9	5,27	154	87.49
9	6	11	16.41
9	6	52	16.83
9	6	111	40.56
9	6	130	49.17
9	6	139	40.96
9	6	191	26.70
9	6	204	24.14
9	6	265	17.83
9	6	303	28.85
9	6	319	21.97
9	6	399	21.51
9	6	410	30.30
9	6,38	11	36.72
9	6,38	52	36.27
9	6,38	111	60.23
9	6,38	139	62.32
9	6,38	191	49.10
9	6,38	204	50.41
9	6,38	265	41.41
9	6,38	303	50.56
9	6,38	319	46.14
9	6,38	399	43.42
9	7	19	16.28
9	7	34	21.31
9	7	41	33.93
9	7	49	28.14
9	7	64	26.75
9	7	68	35.87
9	7	75	38.65
9	7	87	24.79
9	7	108	26.07
9	7	117	12.52
9	7	122	30.08
9	7	126	39.52
9	7	147	34.59
9	7	175	9.93
9	7	179	40.39
9	7	196	32.52
9	7	197	17.49
9	7	203	24.56
9	7	210	13.54
9	7	254	12.38
9	7	260	35.51
9	7	263	11.77
9	7	288	16.18
9	7	318	16.06
9	7	337	11.23
9	7	351	34.52
9	7	362	10.08
9	7	367	15.38
9	7	371	13.96
9	7	376	43.77
9	7	402	13.32
9	7	412	28.96
9	7	425	8.90
9	7	432	11.32
9	7,11	19	22.32
9	7,11	34	28.93
9	7,11	41	39.70
9	7,11	64	33.90
9	7,11	68	41.68
9	7,11	87	32.11
9	7,11	108	33.62
9	7,11	117	17.89
9	7,11	147	40.87
9	7,11	175	15.59
9	7,11	196	38.62
9	7,11	197	23.14
9	7,11	203	31.28
9	7,11	210	19.59
9	7,11	254	18.44
9	7,11	260	41.41
9	7,11	263	17.62
9	7,11	288	22.01
9	7,11	318	21.73
9	7,11	337	17.14
9	7,11	362	16.24
9	7,11	367	21.38
9	7,11	371	19.63
9	7,11	402	19.08
9	7,11	412	36.68
9	7,11	425	14.66
9	7,11	432	17.08
9	8	6	46.66
9	8	22	46.04
9	8	164	43.27
9	8	170	42.28
9	8	172	22.70
9	8	223	22.54
9	8	234	38.58
9	8	328	20.46
9	8	390	55.06
9	8	424	63.20
9	8,14	6	59.83
9	8,14	164	55.10
9	8,14	170	54.38
9	8,14	172	36.10
9	8,14	223	35.35
9	8,14	234	51.11
9	8,14	328	33.32
9	8,14	390	67.46
9	8,34	6	61.65
9	8,34	164	56.49
9	8,34	223	36.83
9	8,34	234	52.63
9	8,34	328	34.82
9	8,34	390	68.96
9	9	12	41.63
9	9	14	36.82
9	9	18	51.69
9	9	31	18.55
9	9	46	32.37
9	9	54	45.82
9	9	84	17.63
9	9	86	22.82
9	9	88	15.73
9	9	145	37.55
9	9	152	43.25
9	9	157	35.03
9	9	163	33.68
9	9	166	18.46
9	9	182	39.35
9	9	192	55.75
9	9	199	33.75
9	9	208	43.73
9	9	218	16.28
9	9	219	37.86
9	9	220	26.28
9	9	240	57.28
9	9	245	30.08
9	9	259	57.31
9	9	264	53.23
9	9	272	37.01
9	9	279	17.56
9	9	295	21.04
9	9	308	46.46
9	9	312	31.20
9	9	359	47.03
9	9	360	36.73
9	9	361	29.58
9	9	384	16.32
9	9	387	25.62
9	9	434	15.18
9	9	439	14.61
9	9	440	14.61
9	9	444	15.18
9	9,16	12	63.34
9	9,16	14	50.44
9	9,16	18	66.86
9	9,16	31	30.46
9	9,16	46	47.01
9	9,16	86	32.86
9	9,16	88	37.52
9	9,16	157	57.70
9	9,16	163	57.10
9	9,16	166	30.82
9	9,16	199	47.59
9	9,16	264	70.48
9	9,16	279	32.89
9	9,16	295	35.08
9	9,16	359	62.35
9	9,16	387	49.51
9	9,16	434	39.03
9	9,16	439	38.45
9	9,16	440	38.45
9	9,16	444	39.03
9	9,41	12	57.86
9	9,41	14	53.82
9	9,41	18	68.89
9	9,41	31	36.66
9	9,41	46	47.46
9	9,41	84	33.20
9	9,41	88	31.85
9	9,41	152	60.28
9	9,41	157	51.76
9	9,41	163	50.83
9	9,41	166	36.06
9	9,41	199	49.15
9	9,41	208	59.79
9	9,41	218	31.61
9	9,41	219	54.04
9	9,41	264	71.68
9	9,41	272	53.82
9	9,41	279	36.00
9	9,41	295	41.58
9	9,41	359	63.31
9	9,41	360	55.48
9	9,41	361	51.38
9	9,41	384	32.56
9	9,41	387	43.00
9	9,41	434	32.54
9	9,41	439	31.96
9	9,41	440	31.96
9	9,41	444	32.54
9	10	22	39.24
9	10	57	41.69
9	10	60	46.03
9	10	77	19.58
9	10	78	29.59
9	10	127	30.63
9	10	170	41.96
9	10	176	44.93
9	10	268	62.54
9	10	278	30.38
9	10	286	45.20
9	10	306	18.82
9	10	363	40.37
9	10	377	46.94
9	10	424	64.42
9	10	433	33.99
9	10,43	57	53.15
9	10,43	77	31.99
9	10,43	78	40.89
9	10,43	127	41.94
9	10,43	170	52.79
9	10,43	278	40.86
9	10,43	286	58.08
9	11	19	16.32
9	11	34	21.18
9	11	41	33.75
9	11	49	28.62
9	11	64	26.82
9	11	68	35.90
9	11	87	24.70
9	11	108	26.48
9	11	117	12.41
9	11	122	30.00
9	11	126	40.07
9	11	147	34.65
9	11	173	15.13
9	11	175	9.97
9	11	179	40.44
9	11	196	31.13
9	11	197	17.52
9	11	203	24.77
9	11	210	13.03
9	11	254	12.28
9	11	260	35.34
9	11	263	11.92
9	11	288	16.32
9	11	318	16.11
9	11	337	11.37
9	11	351	34.27
9	11	362	10.45
9	11	367	15.11
9	11	371	14.01
9	11	376	46.14
9	11	402	13.30
9	11	412	28.69
9	11	425	8.87
9	11	432	11.30
9	12	4	16.06
9	12	9	39.24
9	12	13	49.21
9	12	35	45.49
9	12	47	16.32
9	12	69	16.70
9	12	73	54.77
9	12	94	36.32
9	12	95	15.01
9	12	96	46.52
9	12	97	15.99
9	12	98	17.25
9	12	102	26.97
9	12	104	19.37
9	12	106	43.80
9	12	107	16.89
9	12	112	16.93
9	12	116	20.93
9	12	124	18.03
9	12	128	39.55
9	12	131	21.86
9	12	141	18.13
9	12	148	21.76
9	12	149	16.11
9	12	155	17.76
9	12	156	15.59
9	12	159	34.90
9	12	160	37.90
9	12	161	18.59
9	12	180	13.77
9	12	185	42.35
9	12	187	22.58
9	12	206	40.24
9	12	222	20.10
9	12	224	47.93
9	12	233	51.58
9	12	237	18.61
9	12	238	16.17
9	12	239	14.38
9	12	246	34.58
9	12	247	19.24
9	12	249	19.94
9	12	261	45.75
9	12	276	15.82
9	12	277	16.07
9	12	290	21.39
9	12	293	41.14
9	12	296	40.10
9	12	297	13.27
9	12	299	16.00
9	12	302	30.28
9	12	304	32.83
9	12	305	26.52
9	12	325	21.92
9	12	326	45.86
9	12	340	48.17
9	12	342	22.89
9	12	344	16.90
9	12	345	39.37
9	12	350	16.89
9	12	354	17.68
9	12	395	42.39
9	12	396	34.73
9	12	416	51.80
9	12	426	14.70
9	12	427	16.99
9	12	430	33.31
9	12,19	69	27.44
9	12,19	94	47.70
9	12,19	96	54.35
9	12,19	98	23.11
9	12,19	102	32.85
9	12,19	104	24.66
9	12,19	106	53.39
9	12,19	112	22.96
9	12,19	128	48.42
9	12,19	131	33.99
9	12,19	141	31.51
9	12,19	148	27.89
9	12,19	149	25.69
9	12,19	155	23.90
9	12,19	156	23.27
9	12,19	160	50.03
9	12,19	161	25.69
9	12,19	180	22.92
9	12,19	185	51.20
9	12,19	187	32.21
9	12,19	206	47.52
9	12,19	224	57.20
9	12,19	233	62.96
9	12,19	237	32.77
9	12,19	238	21.82
9	12,19	239	26.45
9	12,19	247	29.08
9	12,19	276	26.18
9	12,19	277	26.11
9	12,19	290	29.55
9	12,19	296	48.54
9	12,19	297	24.72
9	12,19	299	25.10
9	12,19	302	40.96
9	12,19	304	38.90
9	12,19	305	36.77
9	12,19	325	34.11
9	12,19	342	34.52
9	12,19	344	22.86
9	12,19	345	51.15
9	12,19	350	22.72
9	12,19	396	40.80
9	12,19	426	26.15
9	12,19	427	25.73
9	12,19	430	44.49
9	12,30	94	51.28
9	12,30	96	61.18
9	12,30	161	35.82
9	12,30	187	38.04
9	12,30	224	65.82
9	12,30	233	65.51
9	12,30	305	39.58
9	12,30	345	52.76
9	12,33	4	27.99
9	12,33	47	30.27
9	12,33	69	31.03
9	12,33	97	27.04
9	12,33	102	41.72
9	12,33	104	36.69
9	12,33	106	56.76
9	12,33	107	31.17
9	12,33	116	36.38
9	12,33	124	30.10
9	12,33	141	36.61
9	12,33	148	36.49
9	12,33	149	26.75
9	12,33	155	32.32
9	12,33	156	27.01
9	12,33	160	50.86
9	12,33	180	25.56
9	12,33	185	52.17
9	12,33	206	52.51
9	12,33	233	65.52
9	12,33	237	35.13
9	12,33	239	27.58
9	12,33	247	28.62
9	12,33	249	35.00
9	12,33	276	29.55
9	12,33	277	28.37
9	12,33	296	49.07
9	12,33	297	25.80
9	12,33	299	32.52
9	12,33	304	46.45
9	12,33	325	35.41
9	12,33	342	36.44
9	12,33	350	30.38
9	12,33	426	27.24
9	12,33	430	47.79
9	13	24	14.27
9	13	34	20.23
9	13	64	25.39
9	13	82	33.25
9	13	87	19.30
9	13	117	15.96
9	13	122	27.34
9	13	147	36.01
9	13	173	11.86
9	13	175	13.75
9	13	179	28.77
9	13	196	28.83
9	13	203	21.90
9	13	210	17.58
9	13	254	15.96
9	13	263	11.90
9	13	307	23.42
9	13	337	12.52
9	13	351	30.07
9	13	371	14.70
9	13	402	16.58
9	13	420	34.49
9	13	425	15.28
9	13	432	13.86
9	13,22	24	35.01
9	13,22	34	35.51
9	13,22	64	39.99
9	13,22	87	37.86
9	13,22	117	26.20
9	13,22	147	48.49
9	13,22	173	28.49
9	13,22	175	23.24
9	13,22	196	39.15
9	13,22	203	36.70
9	13,22	210	29.06
9	13,22	254	26.86
9	13,22	263	25.07
9	13,22	337	24.76
9	13,22	371	27.31
9	13,22	402	27.07
9	13,22	420	45.48
9	13,22	425	24.92
9	13,22	432	25.46
9	14	6	40.00
9	14	22	41.11
9	14	115	31.17
9	14	121	16.55
9	14	134	16.61
9	14	153	47.59
9	14	164	38.20
9	14	170	36.52
9	14	172	16.32
9	14	223	16.66
9	14	226	32.24
9	14	234	32.99
9	14	268	54.72
9	14	269	41.55
9	14	314	33.04
9	14	328	14.48
9	14	330	36.61
9	14	363	33.87
9	14	390	49.59
9	14	424	57.20
9	14	433	35.66
9	15	21	35.97
9	15	29	17.63
9	15	115	41.24
9	15	121	18.82
9	15	164	37.54
9	15	181	52.01
9	15	223	18.48
9	15	257	39.23
9	15	266	21.31
9	15	271	26.07
9	15	287	28.89
9	15	314	37.39
9	15	328	19.65
9	15	349	32.39
9	15	358	29.99
9	15	424	64.69
9	15,42	21	53.25
9	15,42	29	28.83
9	15,42	115	52.18
9	15,42	121	32.24
9	15,42	164	54.45
9	15,42	223	30.94
9	15,42	257	58.34
9	15,42	287	45.63
9	15,42	314	52.34
9	15,42	328	32.31
9	15,42	349	46.14
9	15,42	358	40.75
9	16	10	24.18
9	16	12	48.03
9	16	14	36.72
9	16	16	22.14
9	16	18	53.39
9	16	31	18.76
9	16	46	35.03
9	16	86	22.68
9	16	88	22.27
9	16	151	34.92
9	16	157	39.93
9	16	163	44.54
9	16	166	19.00
9	16	182	42.82
9	16	199	35.39
9	16	212	20.93
9	16	240	62.38
9	16	242	31.24
9	16	259	57.28
9	16	264	55.82
9	16	273	22.92
9	16	279	21.24
9	16	295	21.59
9	16	317	29.00
9	16	359	49.45
9	16	365	20.44
9	16	381	28.14
9	16	383	20.73
9	16	387	33.94
9	16	391	21.24
9	16	404	19.32
9	16	408	22.27
9	16	414	30.62
9	16	434	22.80
9	16	439	22.89
9	16	440	22.89
9	16	444	22.80
9	17	30	34.80
9	17	39	49.54
9	17	53	36.11
9	17	71	40.18
9	17	72	17.52
9	17	103	31.08
9	17	105	38.30
9	17	110	48.90
9	17	113	24.37
9	17	114	15.99
9	17	135	30.80
9	17	142	51.18
9	17	183	18.83
9	17	189	15.32
9	17	194	40.90
9	17	195	41.92
9	17	201	32.66
9	17	202	41.32
9	17	207	18.18
9	17	216	41.93
9	17	217	48.51
9	17	227	41.18
9	17	232	16.03
9	17	275	28.85
9	17	301	17.34
9	17	316	46.14
9	17	322	30.42
9	17	329	31.44
9	17	331	53.93
9	17	347	41.62
9	17	366	18.77
9	17	372	16.46
9	17	398	17.25
9	17	406	28.42
9	17	409	20.06
9	17	413	32.59
9	17	421	19.21
9	17	422	19.42
9	17	429	35.07
9	17	442	20.07
9	17	443	17.96
9	17,24	30	43.07
9	17,24	39	60.00
9	17,24	53	48.70
9	17,24	71	52.87
9	17,24	72	31.54
9	17,24	103	40.15
9	17,24	105	50.83
9	17,24	110	61.42
9	17,24	113	35.76
9	17,24	114	32.59
9	17,24	135	44.75
9	17,24	183	28.44
9	17,24	201	44.63
9	17,24	202	53.54
9	17,24	217	58.13
9	17,24	227	53.70
9	17,24	232	25.83
9	17,24	301	30.51
9	17,24	316	57.41
9	17,24	322	37.34
9	17,24	329	43.65
9	17,24	366	28.42
9	17,24	372	32.23
9	17,24	398	26.07
9	17,24	406	38.13
9	17,24	409	29.70
9	17,24	413	42.23
9	17,24	421	28.61
9	17,24	422	28.87
9	17,24	429	45.94
9	17,24	442	29.83
9	17,24	443	27.06
9	17,28	30	50.55
9	17,28	53	52.80
9	17,28	71	56.85
9	17,28	105	55.20
9	17,28	183	36.37
9	17,28	201	48.30
9	17,28	202	58.08
9	17,28	217	64.87
9	17,28	227	57.70
9	17,28	232	32.25
9	17,28	322	47.49
9	17,28	329	47.92
9	17,28	372	36.66
9	18	27	46.97
9	18	38	27.48
9	18	42	36.31
9	18	44	28.17
9	18	79	32.21
9	18	80	25.55
9	18	83	43.90
9	18	99	47.15
9	18	125	53.21
9	18	138	52.83
9	18	146	53.69
9	18	150	29.90
9	18	162	24.48
9	18	188	27.58
9	18	221	34.69
9	18	243	42.56
9	18	255	28.61
9	18	280	51.61
9	18	315	22.73
9	18	335	31.56
9	18	346	36.11
9	18	357	25.20
9	18	364	50.04
9	18	382	23.62
9	18	400	29.93
9	18	403	33.44
9	18	407	41.23
9	18,20	38	41.14
9	18,20	44	41.38
9	18,20	79	44.80
9	18,20	80	35.41
9	18,20	83	56.80
9	18,20	138	65.63
9	18,20	146	68.35
9	18,20	162	34.38
9	18,20	188	37.72
9	18,20	221	44.00
9	18,20	243	56.10
9	18,20	255	39.34
9	18,20	315	31.41
9	18,20	335	45.83
9	18,20	346	46.11
9	18,20	357	39.94
9	18,20	364	63.42
9	18,20	382	37.77
9	18,20	400	44.69
9	18,20	403	48.20
9	19	9	39.45
9	19	35	43.68
9	19	36	16.25
9	19	59	31.20
9	19	69	13.72
9	19	73	43.85
9	19	91	21.04
9	19	94	34.82
9	19	96	42.80
9	19	98	11.61
9	19	102	21.23
9	19	104	10.83
9	19	106	41.55
9	19	112	12.17
9	19	128	36.25
9	19	131	16.79
9	19	141	16.51
9	19	148	14.42
9	19	149	14.10
9	19	155	11.06
9	19	156	11.76
9	19	159	29.97
9	19	160	38.27
9	19	161	12.66
9	19	180	11.54
9	19	185	38.08
9	19	187	21.75
9	19	206	34.83
9	19	224	44.96
9	19	233	50.21
9	19	237	16.37
9	19	238	11.24
9	19	239	14.62
9	19	241	15.04
9	19	246	33.90
9	19	247	16.58
9	19	261	42.72
9	19	276	13.17
9	19	277	13.75
9	19	290	13.49
9	19	293	37.65
9	19	296	36.54
9	19	297	13.68
9	19	299	11.65
9	19	302	25.49
9	19	304	26.46
9	19	305	26.25
9	19	325	22.31
9	19	326	44.80
9	19	338	39.35
9	19	340	48.61
9	19	342	22.45
9	19	344	11.35
9	19	345	38.77
9	19	350	10.59
9	19	353	19.27
9	19	395	39.82
9	19	396	28.63
9	19	397	34.41
9	19	405	21.61
9	19	416	48.82
9	19	426	15.06
9	19	427	13.61
9	19	430	32.83
9	19,33	59	47.79
9	19,33	69	26.06
9	19,33	102	38.66
9	19,33	104	32.46
9	19,33	106	52.82
9	19,33	141	30.68
9	19,33	148	31.07
9	19,33	149	21.68
9	19,33	155	27.24
9	19,33	156	22.04
9	19,33	160	50.68
9	19,33	180	20.89
9	19,33	185	47.77
9	19,33	206	47.99
9	19,33	233	69.13
9	19,33	237	32.27
9	19,33	239	27.48
9	19,33	241	24.41
9	19,33	247	23.38
9	19,33	276	24.70
9	19,33	277	22.61
9	19,33	296	43.13
9	19,33	297	26.00
9	19,33	299	26.44
9	19,33	304	45.18
9	19,33	325	34.59
9	19,33	342	31.39
9	19,33	350	25.75
9	19,33	397	48.42
9	19,33	426	27.45
9	19,33	430	44.11
9	19,35	36	25.27
9	19,35	59	41.56
9	19,35	69	28.61
9	19,35	96	53.90
9	19,35	98	21.82
9	19,35	102	31.72
9	19,35	112	21.61
9	19,35	155	25.10
9	19,35	156	24.01
9	19,35	161	23.54
9	19,35	180	23.97
9	19,35	187	32.38
9	19,35	224	56.96
9	19,35	233	61.90
9	19,35	344	21.54
9	19,35	345	50.06
9	20	27	40.32
9	20	38	20.68
9	20	42	33.55
9	20	44	21.86
9	20	79	26.03
9	20	80	18.00
9	20	83	37.72
9	20	99	48.18
9	20	125	46.42
9	20	138	45.75
9	20	146	46.15
9	20	162	16.51
9	20	188	19.72
9	20	221	26.96
9	20	243	35.86
9	20	255	23.68
9	20	280	45.17
9	20	315	15.59
9	20	335	24.73
9	20	346	28.65
9	20	357	18.18
9	20	364	43.66
9	20	382	16.87
9	20	400	22.90
9	20	403	26.41
9	20	407	34.48
9	21	34	24.27
9	21	49	31.03
9	21	64	28.87
9	21	108	27.48
9	21	117	15.75
9	21	122	31.97
9	21	126	40.99
9	21	147	37.10
9	21	175	13.08
9	21	179	42.35
9	21	196	33.97
9	21	203	26.46
9	21	210	17.04
9	21	254	15.75
9	21	260	37.28
9	21	263	14.85
9	21	288	18.25
9	21	318	18.39
9	21	337	14.45
9	21	351	36.92
9	21	362	11.80
9	21	402	16.37
9	21	412	28.28
9	21	425	12.82
9	21	432	14.76
9	21,23	34	36.03
9	21,23	64	39.82
9	21,23	117	24.35
9	21,23	147	48.45
9	21,23	175	21.80
9	21,23	196	39.49
9	21,23	203	36.69
9	21,23	210	26.82
9	21,23	254	27.44
9	21,23	260	48.83
9	21,23	263	25.66
9	21,23	288	29.03
9	21,23	318	29.27
9	21,23	337	25.32
9	21,23	362	20.70
9	21,23	402	27.55
9	21,23	412	40.41
9	21,23	425	21.72
9	21,23	432	23.66
9	22	19	18.34
9	22	24	20.49
9	22	34	23.35
9	22	41	35.52
9	22	49	33.48
9	22	64	28.59
9	22	87	26.04
9	22	117	15.18
9	22	122	31.54
9	22	126	41.87
9	22	147	36.70
9	22	173	16.90
9	22	175	12.34
9	22	196	27.87
9	22	203	25.99
9	22	210	16.39
9	22	254	15.20
9	22	260	36.94
9	22	263	14.23
9	22	318	18.10
9	22	337	13.85
9	22	351	35.82
9	22	362	14.87
9	22	367	17.59
9	22	371	16.41
9	22	402	15.90
9	22	412	20.18
9	22	420	33.83
9	22	425	13.75
9	22	432	14.30
9	22,23	19	27.31
9	22,23	24	31.00
9	22,23	34	32.66
9	22,23	41	44.28
9	22,23	64	37.45
9	22,23	87	35.07
9	22,23	117	23.17
9	22,23	147	48.66
9	22,23	173	26.06
9	22,23	175	20.94
9	22,23	196	35.04
9	22,23	203	34.39
9	22,23	210	25.04
9	22,23	254	23.72
9	22,23	260	46.00
9	22,23	263	22.89
9	22,23	318	26.72
9	22,23	337	22.51
9	22,23	362	22.69
9	22,23	367	26.59
9	22,23	371	25.00
9	22,23	402	24.38
9	22,23	412	36.79
9	22,23	420	45.61
9	22,23	425	20.56
9	22,23	432	22.38
9	23	19	16.34
9	23	24	18.69
9	23	34	21.35
9	23	41	33.18
9	23	49	30.13
9	23	64	27.23
9	23	68	35.52
9	23	87	24.45
9	23	117	12.58
9	23	122	30.21
9	23	126	39.85
9	23	147	34.72
9	23	168	17.85
9	23	173	15.32
9	23	175	10.35
9	23	179	39.99
9	23	196	26.89
9	23	203	24.69
9	23	210	13.13
9	23	254	12.48
9	23	260	35.48
9	23	263	12.37
9	23	288	16.37
9	23	318	16.13
9	23	337	11.82
9	23	351	34.00
9	23	362	11.89
9	23	367	15.15
9	23	371	14.39
9	23	376	47.51
9	23	402	13.58
9	23	412	19.80
9	23	420	31.72
9	23	425	9.76
9	23	432	11.58
9	24	3	14.03
9	24	30	24.82
9	24	39	44.82
9	24	53	33.21
9	24	71	37.38
9	24	72	13.48
9	24	103	22.77
9	24	105	35.11
9	24	110	46.18
9	24	113	20.32
9	24	114	13.06
9	24	135	28.14
9	24	142	47.34
9	24	183	12.08
9	24	195	38.08
9	24	201	30.08
9	24	202	37.94
9	24	216	39.01
9	24	217	42.90
9	24	227	38.37
9	24	232	10.75
9	24	301	14.03
9	24	316	39.21
9	24	322	20.27
9	24	329	28.34
9	24	331	50.77
9	24	347	35.18
9	24	366	10.37
9	24	368	17.34
9	24	372	13.58
9	24	375	19.01
9	24	398	9.59
9	24	406	20.04
9	24	409	11.65
9	24	413	25.72
9	24	421	12.13
9	24	422	12.39
9	24	429	29.39
9	24	442	13.35
9	24	443	10.58
9	25	89	46.45
9	25	120	30.45
9	25	225	28.92
9	25	270	42.08
9	25	292	51.32
9	25,31	89	66.51
9	25,31	120	51.90
9	25,31	225	50.94
9	25,31	270	53.39
9	25,31	292	63.94
9	26	2	34.11
9	26	15	43.20
9	26	26	67.86
9	26	37	37.97
9	26	40	39.44
9	26	43	45.06
9	26	45	41.39
9	26	58	46.55
9	26	70	49.52
9	26	81	37.15
9	26	100	40.62
9	26	109	14.00
9	26	132	28.03
9	26	140	40.08
9	26	154	55.52
9	26	193	41.55
9	26	231	27.38
9	26	248	49.69
9	26	289	28.01
9	26	373	32.14
9	26	378	35.11
9	26	379	34.56
9	26,29	2	49.56
9	26,29	40	56.28
9	26,29	70	60.00
9	26,29	140	55.27
9	26,29	154	71.94
9	26,29	289	43.93
9	26,29	378	54.06
9	27	2	32.39
9	27	5	46.99
9	27	15	44.94
9	27	26	69.99
9	27	28	25.11
9	27	33	47.07
9	27	40	42.66
9	27	43	47.52
9	27	48	38.68
9	27	55	29.77
9	27	56	25.10
9	27	66	30.59
9	27	67	55.59
9	27	70	53.10
9	27	76	27.82
9	27	81	36.85
9	27	100	47.56
9	27	119	48.20
9	27	132	26.75
9	27	140	41.28
9	27	154	53.04
9	27	158	22.18
9	27	167	47.48
9	27	236	30.31
9	27	248	52.03
9	27	253	26.32
9	27	267	36.76
9	27	289	24.76
9	27	310	31.48
9	27	311	62.07
9	27	333	31.20
9	27	336	35.54
9	27	369	23.85
9	27	373	32.54
9	27	378	39.11
9	27	379	31.14
9	28	30	37.31
9	28	53	41.72
9	28	71	44.93
9	28	105	43.80
9	28	142	55.37
9	28	183	19.10
9	28	201	35.97
9	28	202	46.32
9	28	205	42.48
9	28	217	49.21
9	28	227	46.49
9	28	232	18.72
9	28	322	33.72
9	28	329	36.66
9	28	347	41.85
9	28	372	23.75
9	29	2	35.79
9	29	5	43.82
9	29	15	41.99
9	29	26	66.07
9	29	40	40.54
9	29	43	44.83
9	29	58	45.30
9	29	65	21.24
9	29	67	57.08
9	29	70	53.23
9	29	132	29.73
9	29	140	41.56
9	29	154	54.14
9	29	158	22.41
9	29	253	24.37
9	29	283	49.75
9	29	289	29.18
9	29	336	30.00
9	29	378	37.86
9	29	418	18.25
9	30	9	50.39
9	30	17	23.68
9	30	51	45.87
9	30	62	45.51
9	30	94	40.37
9	30	96	51.41
9	30	123	39.69
9	30	133	60.83
9	30	161	24.92
9	30	169	44.51
9	30	187	28.58
9	30	224	55.38
9	30	233	54.69
9	30	250	42.52
9	30	305	30.73
9	30	340	53.11
9	30	345	41.97
9	30	401	21.76
9	30	431	62.97
9	30,35	17	36.31
9	30,35	96	70.77
9	30,35	161	33.46
9	30,35	187	40.10
9	30,35	224	74.85
9	30,35	233	67.51
9	30,35	345	54.48
9	31	89	43.52
9	31	120	27.25
9	31	225	27.63
9	31	270	38.69
9	31	292	47.86
9	32	3	17.15
9	32	30	38.76
9	32	32	17.49
9	32	71	45.89
9	32	118	36.08
9	32	129	41.96
9	32	137	50.82
9	32	177	31.94
9	32	183	19.46
9	32	198	50.20
9	32	202	47.82
9	32	209	20.42
9	32	214	37.04
9	32	227	47.27
9	32	228	41.03
9	32	230	76.00
9	32	232	18.85
9	32	258	16.51
9	32	262	24.54
9	32	291	41.20
9	32	321	17.58
9	32	323	34.20
9	32	348	38.20
9	32	352	19.77
9	32	370	46.42
9	32	374	43.66
9	32	380	49.08
9	32	386	17.97
9	32	417	17.06
9	32	421	19.94
9	32	422	19.27
9	32	429	37.42
9	32	435	17.37
9	32	436	33.20
9	32	438	28.10
9	32	443	19.11
9	33	4	17.61
9	33	7	38.48
9	33	8	18.76
9	33	20	33.54
9	33	35	44.17
9	33	47	17.93
9	33	59	35.37
9	33	69	16.56
9	33	73	57.03
9	33	93	16.70
9	33	97	15.46
9	33	102	29.17
9	33	104	21.80
9	33	106	43.94
9	33	107	18.49
9	33	116	20.92
9	33	124	15.48
9	33	136	21.04
9	33	141	20.63
9	33	143	16.94
9	33	148	22.18
9	33	149	14.58
9	33	155	18.70
9	33	156	14.96
9	33	159	34.20
9	33	160	41.65
9	33	165	21.54
9	33	178	18.08
9	33	180	13.92
9	33	185	37.99
9	33	186	40.48
9	33	190	43.61
9	33	206	38.72
9	33	229	60.70
9	33	233	55.06
9	33	235	43.03
9	33	237	22.30
9	33	239	18.82
9	33	241	16.70
9	33	247	15.38
9	33	249	20.24
9	33	251	19.99
9	33	261	51.75
9	33	276	15.83
9	33	277	15.27
9	33	282	46.92
9	33	293	38.06
9	33	294	20.01
9	33	296	36.13
9	33	297	17.85
9	33	299	18.07
9	33	304	36.93
9	33	320	21.48
9	33	325	27.17
9	33	326	46.76
9	33	334	18.93
9	33	342	23.38
9	33	350	17.59
9	33	355	42.63
9	33	397	38.56
9	33	415	16.35
9	33	423	18.25
9	33	426	19.30
9	33	430	35.21
9	33	441	45.45
9	34	6	48.20
9	34	21	37.03
9	34	22	46.18
9	34	60	45.85
9	34	164	44.03
9	34	181	57.82
9	34	223	22.61
9	34	234	40.31
9	34	328	18.70
9	34	358	26.45
9	34	390	56.56
9	34	424	65.28
9	35	9	44.06
9	35	17	22.77
9	35	36	19.63
9	35	59	35.69
9	35	69	21.70
9	35	96	48.04
9	35	98	16.11
9	35	102	25.96
9	35	112	15.87
9	35	144	19.52
9	35	155	19.20
9	35	156	18.31
9	35	159	35.93
9	35	161	17.59
9	35	180	18.38
9	35	187	24.39
9	35	224	50.76
9	35	233	55.49
9	35	326	50.08
9	35	340	53.06
9	35	343	49.97
9	35	344	15.83
9	35	345	42.51
9	36	1	26.92
9	36	85	56.51
9	36	90	61.90
9	36	101	29.13
9	36	171	35.96
9	36	184	68.51
9	36	244	25.76
9	36	284	47.61
9	36	285	24.07
9	36	389	18.73
9	36	394	55.58
9	36	411	38.42
9	36,39	85	69.11
9	36,39	90	75.20
9	36,39	101	42.04
9	36,39	171	47.27
9	36,39	244	38.56
9	36,39	284	61.31
9	36,39	285	37.89
9	37	18	54.80
9	37	28	21.97
9	37	33	40.86
9	37	48	43.08
9	37	54	47.72
9	37	74	15.10
9	37	76	24.18
9	37	88	19.08
9	37	92	49.31
9	37	119	50.73
9	37	145	36.87
9	37	152	39.82
9	37	157	41.54
9	37	167	52.07
9	37	174	18.76
9	37	192	61.46
9	37	208	46.70
9	37	218	14.58
9	37	219	38.44
9	37	220	22.58
9	37	240	52.75
9	37	245	24.44
9	37	272	37.24
9	37	308	40.83
9	37	310	25.20
9	37	311	62.97
9	37	312	30.83
9	37	313	19.85
9	37	333	37.96
9	37	356	52.20
9	37	359	50.04
9	37	361	34.32
9	37	369	20.54
9	37	384	16.20
9	37	385	39.27
9	37	392	35.73
9	37,40	54	68.55
9	37,40	119	65.82
9	37,40	167	68.69
9	37,40	208	62.65
9	37,40	218	29.79
9	37,40	245	51.39
9	37,40	310	40.99
9	37,40	333	53.06
9	37,40	359	66.34
9	37,40	361	63.18
9	37,40	384	32.73
9	37,40	385	56.93
9	38	11	18.69
9	38	52	18.97
9	38	111	42.61
9	38	139	42.80
9	38	191	28.92
9	38	204	26.94
9	38	265	20.65
9	38	303	30.61
9	38	319	26.73
9	38	399	23.62
9	39	85	56.93
9	39	90	62.23
9	39	101	29.54
9	39	171	34.32
9	39	184	65.93
9	39	213	20.87
9	39	244	25.97
9	39	256	60.42
9	39	284	49.44
9	39	285	24.39
9	39	394	57.27
9	39	437	18.63
9	40	33	45.15
9	40	54	57.30
9	40	119	54.76
9	40	167	56.51
9	40	192	67.18
9	40	208	51.25
9	40	218	19.31
9	40	240	59.75
9	40	245	37.76
9	40	310	28.89
9	40	311	67.72
9	40	333	41.89
9	40	359	54.82
9	40	361	36.65
9	40	384	21.54
9	40	385	45.59
9	40,41	208	67.01
9	40,41	218	32.99
9	40,41	359	70.77
9	40,41	361	54.39
9	40,41	384	36.03
9	41	12	45.52
9	41	14	40.35
9	41	18	54.39
9	41	23	28.34
9	41	31	21.56
9	41	46	35.99
9	41	84	19.48
9	41	88	19.25
9	41	152	47.93
9	41	157	36.77
9	41	163	40.73
9	41	166	21.30
9	41	182	41.24
9	41	192	57.70
9	41	199	37.51
9	41	208	47.00
9	41	211	37.34
9	41	218	19.48
9	41	219	40.76
9	41	240	61.30
9	41	259	61.10
9	41	264	55.87
9	41	272	41.73
9	41	273	25.46
9	41	279	20.11
9	41	295	24.79
9	41	298	60.66
9	41	327	36.99
9	41	332	20.86
9	41	359	49.69
9	41	360	38.70
9	41	361	31.92
9	41	365	20.44
9	41	384	20.24
9	41	387	29.45
9	41	388	38.52
9	41	393	21.61
9	41	408	21.48
9	41	434	16.24
9	41	439	15.15
9	41	440	15.17
9	41	444	16.24
9	42	21	37.94
9	42	29	17.83
9	42	63	41.38
9	42	115	39.85
9	42	121	20.80
9	42	134	22.46
9	42	164	38.24
9	42	181	56.24
9	42	223	18.83
9	42	257	40.23
9	42	269	47.24
9	42	287	33.56
9	42	314	37.25
9	42	328	20.14
9	42	349	33.45
9	42	358	29.08
9	42	363	35.31
9	42	424	61.15
9	43	57	42.00
9	43	65	22.42
9	43	77	18.97
9	43	78	29.28
9	43	127	29.63
9	43	170	45.76
9	43	176	45.30
9	43	200	61.31
9	43	278	30.30
9	43	286	46.01
9	43	300	41.11
