Task=44 Orders=30 Vehicles=496 Scores=1970
44	1	6	48.87
44	1	20	26.24
44	1	33	21.92
44	1	38	49.80
44	1	81	50.54
44	1	88	44.79
44	1	101	29.85
44	1	102	24.82
44	1	147	54.62
44	1	178	31.04
44	1	219	24.86
44	1	267	25.15
44	1	351	44.34
44	1	362	48.38
44	1	370	23.24
44	1,3	6	64.34
44	1,3	33	36.20
44	1,3	81	64.42
44	1,3	88	64.31
44	1,3	101	43.93
44	1,3	178	58.87
44	1,3	219	39.27
44	1,3	267	39.68
44	1,3	351	59.14
44	1,3	362	62.39
44	1,3	370	37.06
44	1,15	6	58.72
44	1,15	20	43.65
44	1,15	33	40.85
44	1,15	38	56.54
44	1,15	81	58.69
44	1,15	88	53.10
44	1,15	101	46.45
44	1,15	102	44.25
44	1,15	178	49.21
44	1,15	219	43.52
44	1,15	267	42.68
44	1,15	351	51.96
44	1,15	362	55.41
44	1,15	370	39.38
44	1,20	6	67.23
44	1,20	33	34.39
44	1,20	81	66.56
44	1,20	88	58.89
44	1,20	101	42.20
44	1,20	178	53.48
44	1,20	219	34.68
44	1,20	267	37.82
44	1,20	351	60.80
44	1,20	362	64.01
44	1,20	370	35.48
44	1,25	6	63.04
44	1,25	20	37.08
44	1,25	33	39.34
44	1,25	88	54.85
44	1,25	178	50.34
44	1,25	219	33.83
44	1,25	351	59.56
44	1,25	362	61.59
44	1,26	6	70.27
44	1,26	33	45.11
44	1,26	81	69.58
44	1,26	88	60.99
44	1,26	101	50.99
44	1,26	178	57.31
44	1,26	219	41.13
44	1,26	267	46.25
44	1,26	351	63.20
44	1,26	362	67.08
44	1,26	370	43.30
44	2	4	21.42
44	2	13	21.69
44	2	41	22.92
44	2	45	32.01
44	2	46	50.87
44	2	49	45.01
44	2	50	28.03
44	2	64	37.34
44	2	74	40.14
44	2	77	19.49
44	2	78	55.68
44	2	82	19.42
44	2	87	19.49
44	2	109	17.27
44	2	116	44.86
44	2	121	55.06
44	2	122	24.75
44	2	131	59.28
44	2	135	44.42
44	2	136	36.28
44	2	150	22.80
44	2	151	20.87
44	2	164	23.20
44	2	168	23.92
44	2	170	22.75
44	2	174	27.68
44	2	175	21.25
44	2	182	61.73
44	2	185	66.79
44	2	194	19.35
44	2	198	33.42
44	2	203	35.18
44	2	207	50.34
44	2	220	51.37
44	2	221	21.44
44	2	224	41.23
44	2	240	24.01
44	2	258	21.63
44	2	265	23.39
44	2	266	20.41
44	2	269	22.23
44	2	273	22.77
44	2	275	23.65
44	2	282	20.06
44	2	291	45.79
44	2	304	36.41
44	2	305	24.49
44	2	306	50.15
44	2	312	23.69
44	2	315	21.35
44	2	324	34.96
44	2	325	19.04
44	2	327	24.10
44	2	331	40.73
44	2	339	22.34
44	2	341	51.15
44	2	352	45.68
44	2	353	21.94
44	2	354	55.82
44	2	358	20.82
44	2	363	23.07
44	2	365	45.06
44	2	367	68.96
44	2	389	62.83
44	2	395	52.39
44	2	400	23.39
44	2	408	22.94
44	2	422	20.14
44	2	423	21.82
44	2	426	21.92
44	2	430	21.25
44	2	431	54.65
44	2	434	19.08
44	2	447	61.15
44	2	451	53.82
44	2	454	52.69
44	2	492	22.10
44	2,8	4	35.73
44	2,8	41	37.73
44	2,8	45	43.31
44	2,8	49	59.23
44	2,8	64	52.66
44	2,8	74	52.00
44	2,8	82	35.10
44	2,8	87	31.46
44	2,8	121	69.42
44	2,8	122	39.70
44	2,8	135	55.39
44	2,8	150	38.99
44	2,8	151	38.59
44	2,8	174	43.01
44	2,8	182	71.69
44	2,8	194	34.41
44	2,8	203	45.11
44	2,8	207	68.27
44	2,8	220	66.77
44	2,8	224	55.34
44	2,8	240	41.79
44	2,8	258	31.04
44	2,8	269	33.54
44	2,8	275	35.38
44	2,8	282	32.89
44	2,8	291	55.66
44	2,8	304	53.20
44	2,8	305	39.77
44	2,8	312	41.42
44	2,8	315	32.27
44	2,8	325	32.87
44	2,8	327	36.54
44	2,8	331	53.28
44	2,8	339	37.34
44	2,8	353	31.35
44	2,8	358	34.31
44	2,8	365	56.38
44	2,8	367	79.38
44	2,8	400	37.77
44	2,8	408	34.48
44	2,8	423	31.41
44	2,8	430	33.04
44	2,8	434	35.54
44	2,8	454	64.42
44	2,8	492	33.37
44	2,10	64	54.66
44	2,10	121	70.90
44	2,10	207	83.79
44	2,10	224	53.99
44	2,10	291	58.99
44	2,10	331	57.65
44	2,10	365	56.44
44	2,10	367	82.59
44	2,10	430	34.08
44	2,10	454	66.20
44	3	6	43.86
44	3	10	20.79
44	3	17	56.03
44	3	28	31.31
44	3	33	21.45
44	3	42	16.15
44	3	52	40.37
44	3	70	41.27
44	3	76	30.94
44	3	81	45.82
44	3	88	37.34
44	3	93	39.99
44	3	101	27.62
44	3	105	40.04
44	3	107	49.44
44	3	137	47.14
44	3	147	52.25
44	3	156	18.93
44	3	158	41.03
44	3	169	20.68
44	3	178	33.30
44	3	179	30.20
44	3	183	45.94
44	3	199	17.63
44	3	205	50.93
44	3	215	21.66
44	3	219	17.03
44	3	230	49.06
44	3	248	31.17
44	3	251	71.30
44	3	267	21.69
44	3	278	20.45
44	3	307	20.85
44	3	317	24.99
44	3	326	17.92
44	3	330	51.94
44	3	340	29.66
44	3	344	20.58
44	3	351	38.63
44	3	362	43.62
44	3	370	21.80
44	3	372	31.15
44	3	387	29.75
44	3	388	23.45
44	3	399	19.06
44	3	412	21.72
44	3	414	40.23
44	3	429	19.51
44	3	446	46.03
44	3	455	19.35
44	3	461	21.72
44	3	462	22.77
44	3	463	19.55
44	3	469	33.18
44	3	472	20.11
44	3,20	6	61.14
44	3,20	10	34.39
44	3,20	28	46.77
44	3,20	33	34.87
44	3,20	42	29.63
44	3,20	52	57.18
44	3,20	76	45.62
44	3,20	81	61.30
44	3,20	88	53.48
44	3,20	93	56.68
44	3,20	101	40.93
44	3,20	105	57.13
44	3,20	137	63.59
44	3,20	156	33.44
44	3,20	158	57.89
44	3,20	169	35.52
44	3,20	178	48.45
44	3,20	179	46.94
44	3,20	183	61.68
44	3,20	199	30.58
44	3,20	205	67.96
44	3,20	215	35.63
44	3,20	219	30.80
44	3,20	248	47.01
44	3,20	267	35.15
44	3,20	278	34.15
44	3,20	307	35.55
44	3,20	317	40.69
44	3,20	326	32.03
44	3,20	340	44.04
44	3,20	344	34.52
44	3,20	351	55.15
44	3,20	362	59.13
44	3,20	370	35.01
44	3,20	387	41.25
44	3,20	388	38.69
44	3,20	399	31.94
44	3,20	412	35.28
44	3,20	414	57.31
44	3,20	429	33.30
44	3,20	446	63.11
44	3,20	455	33.14
44	3,20	461	35.48
44	3,20	462	36.54
44	3,20	463	33.34
44	3,20	469	50.27
44	3,20	472	33.90
44	4	18	37.83
44	4	24	23.23
44	4	56	16.92
44	4	124	34.61
44	4	145	26.04
44	4	154	52.58
44	4	184	61.08
44	4	229	60.32
44	4	259	39.70
44	4	290	30.72
44	4	343	19.90
44	4	450	39.20
44	4,14	18	48.21
44	4,14	24	30.42
44	4,14	56	23.92
44	4,14	124	40.45
44	4,14	145	33.65
44	4,14	154	60.31
44	4,14	184	67.27
44	4,14	259	51.10
44	4,14	290	35.94
44	4,14	343	27.46
44	5	7	43.01
44	5	8	10.04
44	5	16	48.07
44	5	19	44.28
44	5	21	28.73
44	5	35	25.68
44	5	36	10.41
44	5	43	21.48
44	5	48	26.00
44	5	65	11.87
44	5	83	38.42
44	5	84	17.52
44	5	89	15.25
44	5	103	14.90
44	5	125	11.06
44	5	129	43.56
44	5	142	38.93
44	5	153	14.31
44	5	173	15.04
44	5	176	17.25
44	5	177	13.90
44	5	191	11.17
44	5	216	37.21
44	5	218	17.13
44	5	228	11.01
44	5	231	54.03
44	5	247	32.32
44	5	264	12.35
44	5	283	55.86
44	5	285	11.28
44	5	289	10.48
44	5	292	41.62
44	5	302	14.03
44	5	322	36.65
44	5	356	14.25
44	5	357	16.15
44	5	359	14.28
44	5	364	9.96
44	5	366	16.32
44	5	369	19.27
44	5	378	10.99
44	5	380	33.18
44	5	386	39.68
44	5	402	24.37
44	5	427	15.61
44	5	445	12.45
44	5	459	37.89
44	5	465	14.79
44	5	467	14.56
44	5	479	24.87
44	5	480	10.65
44	5,21	8	20.70
44	5,21	19	55.07
44	5,21	21	39.07
44	5,21	36	22.46
44	5,21	43	40.66
44	5,21	48	42.73
44	5,21	65	21.83
44	5,21	84	35.52
44	5,21	89	26.21
44	5,21	103	27.08
44	5,21	125	21.63
44	5,21	153	30.80
44	5,21	173	26.01
44	5,21	176	33.42
44	5,21	177	25.69
44	5,21	191	22.08
44	5,21	228	24.07
44	5,21	247	48.75
44	5,21	264	22.75
44	5,21	285	25.04
44	5,21	289	20.72
44	5,21	302	27.52
44	5,21	356	33.07
44	5,21	357	28.76
44	5,21	359	28.63
44	5,21	364	24.73
44	5,21	366	29.48
44	5,21	369	28.51
44	5,21	378	24.14
44	5,21	380	43.46
44	5,21	402	48.13
44	5,21	427	28.11
44	5,21	445	26.14
44	5,21	459	49.25
44	5,21	465	26.68
44	5,21	467	25.23
44	5,21	479	36.18
44	5,21	480	20.86
44	6	3	15.77
44	6	23	39.34
44	6	53	32.01
44	6	55	45.55
44	6	57	39.27
44	6	58	36.92
44	6	66	26.24
44	6	67	13.21
44	6	79	14.75
44	6	94	17.46
44	6	97	30.04
44	6	108	11.87
44	6	111	36.23
44	6	117	33.96
44	6	119	39.10
44	6	126	43.32
44	6	146	14.69
44	6	155	12.96
44	6	160	35.42
44	6	166	27.82
44	6	180	14.96
44	6	188	15.41
44	6	196	49.63
44	6	206	26.21
44	6	209	35.90
44	6	242	22.48
44	6	245	16.23
44	6	257	15.90
44	6	268	15.86
44	6	279	52.21
44	6	280	13.55
44	6	297	44.52
44	6	313	13.83
44	6	345	38.51
44	6	346	28.14
44	6	348	14.06
44	6	349	45.06
44	6	374	48.07
44	6	377	14.65
44	6	381	60.30
44	6	382	26.97
44	6	393	39.46
44	6	401	18.92
44	6	421	42.85
44	6	428	43.76
44	6	432	23.32
44	6	435	12.27
44	6	441	24.75
44	6	443	29.31
44	6	482	14.34
44	6	487	13.87
44	6	488	16.35
44	6	490	30.13
44	6	491	42.17
44	6,24	119	51.66
44	6,24	180	40.68
44	6,24	196	76.28
44	6,24	206	53.32
44	6,24	209	50.80
44	6,24	257	43.99
44	6,24	432	48.80
44	6,24	487	39.32
44	6,27	180	42.52
44	6,27	257	45.76
44	6,27	432	41.86
44	6,27	487	41.15
44	7	5	22.61
44	7	29	23.42
44	7	40	31.18
44	7	60	42.18
44	7	62	43.82
44	7	115	19.82
44	7	127	53.38
44	7	132	47.82
44	7	149	21.56
44	7	162	20.01
44	7	167	28.17
44	7	171	20.00
44	7	197	54.18
44	7	202	22.37
44	7	204	68.62
44	7	211	28.75
44	7	213	24.23
44	7	214	24.75
44	7	236	24.06
44	7	241	48.51
44	7	276	40.97
44	7	319	30.51
44	7	328	58.63
44	7	404	31.69
44	7	439	56.87
44	7,29	29	34.76
44	7,29	40	42.17
44	7,29	115	31.82
44	7,29	132	59.75
44	7,29	149	33.03
44	7,29	162	31.38
44	7,29	167	39.58
44	7,29	171	33.08
44	7,29	202	34.69
44	7,29	204	82.21
44	7,29	211	41.52
44	7,29	213	37.51
44	7,29	214	38.18
44	7,29	236	36.07
44	7,29	241	61.00
44	7,29	276	54.24
44	7,29	319	43.35
44	7,29	404	55.52
44	8	4	18.48
44	8	15	16.82
44	8	27	47.21
44	8	41	19.48
44	8	45	27.62
44	8	47	43.61
44	8	49	42.96
44	8	61	35.76
44	8	64	36.44
44	8	74	31.79
44	8	75	46.21
44	8	82	18.61
44	8	87	15.63
44	8	99	17.35
44	8	114	36.90
44	8	116	43.51
44	8	121	52.97
44	8	122	20.72
44	8	131	57.54
44	8	134	17.73
44	8	135	36.35
44	8	144	19.11
44	8	150	21.99
44	8	151	20.03
44	8	152	42.25
44	8	161	15.90
44	8	174	22.87
44	8	182	54.96
44	8	185	62.76
44	8	189	19.59
44	8	194	17.85
44	8	203	27.70
44	8	207	50.46
44	8	220	50.01
44	8	224	39.83
44	8	237	40.28
44	8	238	36.96
44	8	240	22.75
44	8	253	20.34
44	8	255	20.66
44	8	256	18.06
44	8	258	14.56
44	8	260	22.03
44	8	269	16.76
44	8	270	24.76
44	8	272	18.58
44	8	275	17.73
44	8	282	16.70
44	8	284	23.72
44	8	291	38.35
44	8	304	36.27
44	8	305	20.63
44	8	309	17.11
44	8	312	25.66
44	8	315	15.63
44	8	318	50.90
44	8	325	17.20
44	8	327	18.31
44	8	331	36.34
44	8	332	51.45
44	8	333	19.65
44	8	334	16.10
44	8	339	19.30
44	8	353	14.69
44	8	354	54.87
44	8	358	17.72
44	8	365	39.63
44	8	367	60.99
44	8	375	28.38
44	8	379	30.11
44	8	383	20.49
44	8	389	59.07
44	8	391	22.62
44	8	392	18.03
44	8	395	49.63
44	8	400	19.34
44	8	408	17.94
44	8	409	18.72
44	8	411	24.73
44	8	416	42.38
44	8	418	20.96
44	8	423	14.77
44	8	430	17.90
44	8	431	53.80
44	8	433	31.13
44	8	434	18.90
44	8	447	57.45
44	8	451	51.54
44	8	454	47.58
44	8	460	20.17
44	8	466	19.15
44	8	470	18.31
44	8	473	20.63
44	8	484	51.20
44	8	492	16.73
44	8	493	41.35
44	8	495	28.61
44	8,10	15	33.51
44	8,10	64	53.56
44	8,10	75	66.38
44	8,10	114	53.20
44	8,10	121	69.82
44	8,10	152	59.46
44	8,10	207	69.44
44	8,10	224	55.18
44	8,10	237	59.25
44	8,10	238	52.55
44	8,10	272	34.87
44	8,10	291	55.38
44	8,10	331	54.39
44	8,10	332	68.49
44	8,10	365	55.04
44	8,10	367	80.55
44	8,10	416	62.48
44	8,10	430	33.01
44	8,10	454	74.55
44	8,30	4	35.35
44	8,30	15	31.58
44	8,30	27	62.62
44	8,30	41	30.70
44	8,30	45	42.39
44	8,30	47	58.45
44	8,30	49	58.20
44	8,30	61	53.18
44	8,30	64	51.70
44	8,30	74	52.92
44	8,30	75	64.01
44	8,30	82	34.76
44	8,30	87	31.15
44	8,30	99	29.25
44	8,30	114	51.30
44	8,30	121	68.49
44	8,30	122	32.07
44	8,30	134	29.17
44	8,30	135	45.61
44	8,30	144	36.10
44	8,30	150	38.52
44	8,30	151	31.66
44	8,30	152	57.38
44	8,30	161	31.42
44	8,30	174	34.28
44	8,30	182	70.66
44	8,30	189	35.54
44	8,30	194	34.08
44	8,30	203	44.03
44	8,30	207	67.18
44	8,30	220	65.76
44	8,30	224	54.48
44	8,30	237	56.93
44	8,30	238	51.87
44	8,30	240	34.15
44	8,30	253	37.93
44	8,30	255	38.03
44	8,30	256	34.35
44	8,30	258	30.82
44	8,30	260	33.75
44	8,30	269	33.23
44	8,30	270	40.18
44	8,30	272	34.97
44	8,30	275	35.00
44	8,30	282	32.56
44	8,30	284	40.99
44	8,30	291	45.72
44	8,30	304	52.13
44	8,30	305	32.08
44	8,30	309	34.42
44	8,30	312	40.49
44	8,30	315	31.93
44	8,30	325	32.56
44	8,30	327	29.77
44	8,30	331	52.30
44	8,30	332	67.04
44	8,30	333	36.51
44	8,30	334	31.80
44	8,30	339	36.94
44	8,30	353	31.13
44	8,30	358	33.94
44	8,30	365	56.01
44	8,30	367	78.23
44	8,30	375	44.66
44	8,30	379	47.35
44	8,30	383	32.11
44	8,30	391	40.48
44	8,30	392	34.34
44	8,30	400	30.96
44	8,30	408	34.14
44	8,30	409	35.27
44	8,30	411	36.61
44	8,30	416	60.11
44	8,30	418	37.25
44	8,30	423	31.15
44	8,30	430	32.76
44	8,30	433	47.48
44	8,30	434	35.20
44	8,30	454	64.39
44	8,30	460	36.46
44	8,30	466	30.77
44	8,30	470	34.61
44	8,30	473	36.93
44	8,30	484	66.94
44	8,30	492	33.03
44	8,30	493	57.70
44	8,30	495	44.93
44	9	57	52.54
44	9	73	43.15
44	9	111	48.34
44	9	117	40.21
44	9	119	38.28
44	9	165	45.13
44	9	180	25.94
44	9	192	24.21
44	9	196	60.58
44	9	206	43.30
44	9	209	42.00
44	9	212	42.41
44	9	217	35.20
44	9	355	49.23
44	9	377	24.32
44	9	381	74.34
44	9	420	67.31
44	9	436	52.00
44	9,13	111	55.14
44	9,13	119	46.03
44	9,13	165	52.23
44	9,13	180	33.39
44	9,13	192	30.56
44	9,13	196	67.65
44	9,13	206	50.46
44	9,13	209	49.59
44	9,13	212	50.38
44	9,13	217	44.03
44	9,13	355	58.00
44	9,13	377	31.13
44	9,13	436	59.13
44	9,24	119	56.86
44	9,24	165	62.83
44	9,24	180	45.25
44	9,24	192	42.90
44	9,24	196	78.79
44	9,24	206	63.72
44	9,24	209	64.18
44	9,24	212	64.46
44	9,24	355	69.27
44	9,24	436	69.14
44	9,27	180	41.75
44	10	15	26.24
44	10	37	47.04
44	10	64	43.42
44	10	75	55.17
44	10	90	51.14
44	10	114	44.49
44	10	116	52.59
44	10	121	59.44
44	10	123	29.83
44	10	131	64.46
44	10	148	38.21
44	10	152	50.34
44	10	185	73.56
44	10	207	60.24
44	10	210	26.92
44	10	222	63.08
44	10	224	40.87
44	10	237	51.11
44	10	238	37.35
44	10	252	28.17
44	10	272	24.48
44	10	291	45.14
44	10	318	60.23
44	10	331	45.86
44	10	332	52.44
44	10	347	60.11
44	10	365	41.89
44	10	367	70.20
44	10	389	61.87
44	10	395	58.39
44	10	416	53.41
44	10	430	23.18
44	10	431	61.86
44	10	447	65.70
44	10	451	59.28
44	10	454	48.77
44	10	456	37.06
44	10,30	15	40.31
44	10,30	64	60.39
44	10,30	75	74.21
44	10,30	114	59.39
44	10,30	121	77.15
44	10,30	152	66.06
44	10,30	207	76.75
44	10,30	224	62.51
44	10,30	237	66.94
44	10,30	238	60.13
44	10,30	272	44.73
44	10,30	291	64.13
44	10,30	331	61.25
44	10,30	332	76.30
44	10,30	365	62.37
44	10,30	367	88.35
44	10,30	416	70.28
44	10,30	430	41.14
44	10,30	454	73.48
44	11	72	27.35
44	11	91	24.68
44	11	92	53.34
44	11	93	41.11
44	11	98	24.14
44	11	140	52.51
44	11	157	42.24
44	11	199	20.89
44	11	201	24.94
44	11	215	24.39
44	11	225	48.96
44	11	233	71.68
44	11	300	47.73
44	11	311	55.35
44	11	320	63.42
44	11	323	48.39
44	11	350	24.96
44	11	360	28.90
44	11	371	24.73
44	11	372	32.39
44	11	394	75.35
44	11	398	33.34
44	11	407	44.92
44	11	410	60.34
44	11	452	51.69
44	11	458	51.58
44	11,19	72	32.39
44	11,19	91	28.77
44	11,19	92	64.93
44	11,19	98	28.80
44	11,19	140	57.93
44	11,19	157	46.79
44	11,19	225	60.63
44	11,19	323	53.97
44	11,19	350	29.56
44	11,19	360	33.65
44	11,19	371	29.46
44	11,19	407	59.37
44	11,19	410	65.18
44	11,19	458	63.15
44	11,22	93	71.63
44	11,22	98	48.25
44	11,22	199	37.90
44	11,22	201	47.44
44	11,22	215	47.11
44	12	6	45.37
44	12	17	59.73
44	12	20	22.20
44	12	33	23.77
44	12	88	38.89
44	12	95	37.38
44	12	107	51.39
44	12	118	27.31
44	12	147	40.87
44	12	178	34.46
44	12	179	31.99
44	12	183	41.52
44	12	199	18.54
44	12	201	24.54
44	12	205	53.79
44	12	215	24.07
44	12	219	18.49
44	12	230	51.62
44	12	248	34.38
44	12	330	53.46
44	12	342	26.41
44	12	351	41.69
44	12	362	44.94
44	12	372	32.68
44	12,22	6	70.14
44	12,22	33	47.03
44	12,22	88	61.87
44	12,22	118	54.45
44	12,22	178	57.28
44	12,22	179	56.69
44	12,22	183	69.55
44	12,22	199	38.89
44	12,22	201	48.75
44	12,22	205	78.73
44	12,22	215	49.13
44	12,22	219	42.37
44	12,22	248	57.44
44	12,22	342	52.94
44	12,22	351	65.27
44	12,22	362	66.82
44	12,25	6	61.18
44	12,25	20	36.11
44	12,25	33	38.45
44	12,25	88	53.70
44	12,25	118	43.75
44	12,25	178	49.69
44	12,25	179	47.31
44	12,25	183	62.38
44	12,25	199	31.39
44	12,25	201	39.49
44	12,25	205	69.38
44	12,25	215	39.62
44	12,25	219	32.90
44	12,25	248	48.86
44	12,25	342	42.68
44	12,25	351	56.86
44	12,25	362	59.17
44	12,28	6	58.66
44	12,28	33	35.89
44	12,28	88	51.25
44	12,28	178	48.41
44	12,28	179	44.55
44	12,28	183	59.83
44	12,28	199	29.48
44	12,28	205	66.63
44	12,28	215	36.82
44	12,28	219	30.76
44	12,28	248	46.28
44	12,28	351	54.34
44	12,28	362	56.82
44	13	2	51.24
44	13	12	31.89
44	13	57	44.35
44	13	59	23.27
44	13	66	32.04
44	13	68	42.87
44	13	80	18.96
44	13	104	41.65
44	13	108	20.17
44	13	111	39.20
44	13	117	31.30
44	13	119	32.04
44	13	146	16.77
44	13	165	37.76
44	13	180	17.34
44	13	186	13.17
44	13	187	53.20
44	13	188	18.41
44	13	192	15.46
44	13	196	51.35
44	13	206	34.03
44	13	209	31.62
44	13	212	32.55
44	13	217	27.25
44	13	235	27.70
44	13	297	50.75
44	13	301	17.97
44	13	313	16.01
44	13	355	39.93
44	13	374	49.08
44	13	376	18.58
44	13	377	15.48
44	13	381	64.90
44	13	420	59.14
44	13	436	43.82
44	13	441	27.52
44	13	443	39.45
44	13	457	37.27
44	13	468	17.48
44	13,24	119	52.18
44	13,24	165	54.87
44	13,24	180	36.13
44	13,24	192	33.58
44	13,24	196	70.75
44	13,24	206	53.62
44	13,24	209	52.89
44	13,24	212	53.69
44	13,24	355	61.13
44	13,24	436	62.04
44	14	9	47.58
44	14	18	35.06
44	14	24	19.18
44	14	56	10.92
44	14	124	29.03
44	14	145	20.94
44	14	154	47.77
44	14	184	53.80
44	14	226	14.59
44	14	254	13.54
44	14	259	30.70
44	14	290	24.52
44	14	343	14.66
44	14	397	34.42
44	14	417	21.58
44	14	425	17.34
44	14	450	35.24
44	14	481	14.70
44	14	486	25.00
44	15	6	42.49
44	15	20	19.32
44	15	33	16.79
44	15	38	41.96
44	15	42	18.51
44	15	70	41.25
44	15	81	44.42
44	15	88	38.13
44	15	100	33.96
44	15	101	23.18
44	15	102	18.86
44	15	147	48.94
44	15	158	42.20
44	15	178	35.11
44	15	219	18.61
44	15	267	17.97
44	15	326	20.25
44	15	351	36.59
44	15	362	41.17
44	15	370	17.56
44	15	388	20.23
44	15	414	38.49
44	15	429	19.86
44	15	446	43.31
44	15	455	19.89
44	15	461	20.49
44	15,25	6	58.65
44	15,25	20	33.59
44	15,25	33	31.69
44	15,25	42	34.65
44	15,25	88	53.15
44	15,25	158	57.92
44	15,25	178	49.37
44	15,25	219	33.89
44	15,25	326	37.59
44	15,25	351	51.97
44	15,25	362	55.58
44	15,25	388	37.86
44	15,25	414	54.44
44	15,25	429	35.76
44	15,25	455	35.79
44	15,25	461	36.39
44	15,26	6	62.39
44	15,26	33	35.34
44	15,26	42	38.42
44	15,26	81	62.20
44	15,26	88	56.65
44	15,26	101	41.28
44	15,26	158	61.83
44	15,26	178	52.70
44	15,26	219	37.68
44	15,26	267	37.00
44	15,26	326	42.39
44	15,26	351	55.55
44	15,26	362	58.86
44	15,26	370	34.89
44	15,26	388	42.15
44	15,26	414	58.51
44	15,26	429	39.80
44	15,26	446	63.32
44	15,26	455	39.83
44	15,26	461	40.44
44	16	14	41.31
44	16	17	54.89
44	16	20	19.85
44	16	22	37.79
44	16	25	33.41
44	16	26	48.39
44	16	30	21.99
44	16	32	17.90
44	16	42	22.20
44	16	44	20.17
44	16	51	22.01
44	16	52	37.45
44	16	70	37.54
44	16	95	37.69
44	16	105	40.45
44	16	106	39.08
44	16	107	53.24
44	16	118	20.06
44	16	147	53.72
44	16	178	31.07
44	16	179	26.21
44	16	183	36.04
44	16	190	23.79
44	16	199	17.79
44	16	201	19.18
44	16	215	21.52
44	16	219	20.17
44	16	239	21.70
44	16	243	41.42
44	16	278	20.68
44	16	287	17.77
44	16	296	21.92
44	16	307	24.00
44	16	310	18.38
44	16	317	30.03
44	16	326	26.06
44	16	330	53.77
44	16	336	23.06
44	16	342	20.75
44	16	362	45.38
44	16	372	31.48
44	16	390	21.17
44	16	398	33.89
44	16	412	17.61
44	16	419	18.52
44	16	424	22.37
44	16	440	19.14
44	16	448	24.14
44	16	462	22.72
44	16	463	19.28
44	16	464	22.30
44	16	469	35.58
44	16	496	21.14
44	16,22	118	39.77
44	16,22	178	52.83
44	16,22	179	44.45
44	16,22	183	58.69
44	16,22	199	38.20
44	16,22	201	37.04
44	16,22	215	40.04
44	16,22	219	37.44
44	16,22	342	40.17
44	16,22	362	67.17
44	17	31	60.34
44	17	92	39.89
44	17	130	16.17
44	17	139	46.58
44	17	140	43.82
44	17	172	33.00
44	17	181	36.65
44	17	193	32.86
44	17	195	19.37
44	17	225	55.62
44	17	227	36.99
44	17	233	61.04
44	17	286	43.31
44	17	288	32.45
44	17	295	19.55
44	17	303	27.58
44	17	311	52.04
44	17	320	56.90
44	17	323	45.17
44	17	329	55.89
44	17	337	41.18
44	17	361	21.52
44	17	384	48.63
44	17	385	17.20
44	17	405	44.62
44	17	407	33.92
44	17	413	45.30
44	17	415	39.72
44	17	437	49.73
44	17	442	45.04
44	17	449	48.76
44	17	452	49.08
44	17	453	38.55
44	17	458	44.30
44	17	474	17.06
44	17	489	19.38
44	17,18	31	88.61
44	17,18	92	65.75
44	17,18	140	75.23
44	17,18	225	84.79
44	17,18	323	58.24
44	17,18	407	65.11
44	17,18	413	60.52
44	17,18	458	61.70
44	18	29	24.93
44	18	31	68.49
44	18	39	38.97
44	18	91	27.90
44	18	92	52.83
44	18	140	54.03
44	18	157	44.21
44	18	167	33.89
44	18	204	71.27
44	18	211	31.96
44	18	225	62.68
44	18	233	69.93
44	18	300	50.56
44	18	311	59.15
44	18	320	63.76
44	18	323	45.30
44	18	350	28.13
44	18	394	78.27
44	18	406	24.69
44	18	407	43.52
44	18	410	66.48
44	18	413	48.25
44	18	452	53.28
44	18	458	50.08
44	19	1	13.25
44	19	29	12.23
44	19	31	55.07
44	19	39	26.80
44	19	54	12.69
44	19	71	18.63
44	19	72	14.48
44	19	86	14.48
44	19	91	12.06
44	19	92	42.97
44	19	96	16.87
44	19	98	17.77
44	19	110	7.93
44	19	113	11.96
44	19	140	41.80
44	19	141	18.85
44	19	157	31.62
44	19	162	12.39
44	19	167	19.46
44	19	181	27.92
44	19	197	47.06
44	19	200	10.17
44	19	204	54.21
44	19	211	19.63
44	19	225	46.08
44	19	233	59.28
44	19	241	40.63
44	19	246	36.62
44	19	250	47.85
44	19	261	23.82
44	19	281	8.61
44	19	286	38.72
44	19	293	12.48
44	19	300	35.73
44	19	311	48.63
44	19	314	36.62
44	19	320	53.27
44	19	321	39.52
44	19	323	28.27
44	19	335	18.94
44	19	338	29.52
44	19	350	12.31
44	19	360	15.11
44	19	371	13.99
44	19	373	12.28
44	19	384	35.20
44	19	394	61.46
44	19	396	16.21
44	19	403	11.86
44	19	405	32.94
44	19	406	14.37
44	19	407	30.06
44	19	410	52.55
44	19	415	26.42
44	19	437	48.30
44	19	438	21.61
44	19	452	36.55
44	19	458	38.51
44	19	471	13.94
44	19	475	13.31
44	19	477	14.44
44	19	483	12.79
44	19	485	10.89
44	19	489	12.10
44	19	494	13.83
44	20	6	42.00
44	20	10	18.86
44	20	17	54.30
44	20	28	29.63
44	20	33	19.65
44	20	42	14.41
44	20	52	38.44
44	20	70	39.73
44	20	76	29.35
44	20	81	44.13
44	20	88	35.61
44	20	93	38.10
44	20	101	25.89
44	20	105	38.03
44	20	107	47.86
44	20	137	45.28
44	20	147	49.96
44	20	156	16.73
44	20	158	39.07
44	20	169	18.55
44	20	178	31.42
44	20	179	28.24
44	20	183	44.18
44	20	199	16.11
44	20	205	48.97
44	20	215	19.66
44	20	219	15.28
44	20	230	47.30
44	20	248	29.37
44	20	251	69.83
44	20	267	19.86
44	20	278	18.44
44	20	307	18.45
44	20	317	22.37
44	20	326	15.62
44	20	330	47.17
44	20	340	27.30
44	20	344	18.59
44	20	351	36.86
44	20	362	41.99
44	20	370	20.23
44	20	372	29.44
44	20	387	24.51
44	20	388	21.31
44	20	399	17.42
44	20	412	19.87
44	20	414	38.21
44	20	429	17.49
44	20	444	20.39
44	20	446	44.01
44	20	455	17.34
44	20	461	19.73
44	20	462	20.75
44	20	463	17.54
44	20	469	31.17
44	20	472	18.10
44	21	7	49.66
44	21	8	14.35
44	21	16	54.14
44	21	19	48.39
44	21	21	32.73
44	21	34	25.68
44	21	35	31.76
44	21	36	16.00
44	21	43	28.51
44	21	48	30.54
44	21	65	15.68
44	21	84	24.49
44	21	89	19.73
44	21	103	20.97
44	21	120	17.55
44	21	125	15.65
44	21	129	49.00
44	21	133	41.58
44	21	138	18.51
44	21	142	43.48
44	21	153	20.24
44	21	159	22.58
44	21	173	19.73
44	21	176	25.20
44	21	177	18.46
44	21	191	15.58
44	21	223	46.38
44	21	228	17.70
44	21	247	38.34
44	21	262	19.66
44	21	264	16.32
44	21	274	20.68
44	21	283	62.07
44	21	285	18.46
44	21	289	14.65
44	21	292	42.42
44	21	302	20.28
44	21	322	43.39
44	21	356	24.52
44	21	357	21.85
44	21	359	22.13
44	21	364	18.39
44	21	366	21.94
44	21	369	22.42
44	21	378	17.63
44	21	380	37.21
44	21	386	43.30
44	21	402	37.51
44	21	427	21.10
44	21	445	19.70
44	21	459	42.69
44	21	465	20.24
44	21	467	18.72
44	21	478	28.86
44	21	479	29.68
44	21	480	14.49
44	21,23	8	26.30
44	21,23	19	60.93
44	21,23	21	44.41
44	21,23	34	37.65
44	21,23	36	26.77
44	21,23	43	40.89
44	21,23	48	41.51
44	21,23	65	27.48
44	21,23	84	36.58
44	21,23	89	31.62
44	21,23	103	34.96
44	21,23	120	28.99
44	21,23	125	27.93
44	21,23	138	30.20
44	21,23	153	31.18
44	21,23	159	35.03
44	21,23	173	31.80
44	21,23	176	36.00
44	21,23	177	31.24
44	21,23	191	29.01
44	21,23	228	29.37
44	21,23	247	49.03
44	21,23	262	31.44
44	21,23	264	29.10
44	21,23	285	30.90
44	21,23	289	26.55
44	21,23	302	35.32
44	21,23	356	36.65
44	21,23	357	36.04
44	21,23	359	34.70
44	21,23	364	31.62
44	21,23	366	36.73
44	21,23	369	33.85
44	21,23	378	30.38
44	21,23	380	49.31
44	21,23	402	51.65
44	21,23	427	35.13
44	21,23	445	32.32
44	21,23	459	55.08
44	21,23	465	33.65
44	21,23	467	30.97
44	21,23	478	41.25
44	21,23	479	42.00
44	21,23	480	26.92
44	22	6	47.75
44	22	17	58.83
44	22	33	26.45
44	22	88	39.08
44	22	93	43.49
44	22	98	26.59
44	22	107	53.51
44	22	118	29.10
44	22	137	52.23
44	22	147	52.17
44	22	178	37.55
44	22	179	33.83
44	22	183	48.11
44	22	199	18.65
44	22	201	24.99
44	22	205	56.52
44	22	215	23.89
44	22	219	19.83
44	22	230	52.45
44	22	248	36.01
44	22	251	73.85
44	22	330	55.59
44	22	342	28.42
44	22	351	43.34
44	22	362	46.56
44	22	372	32.75
44	23	7	45.21
44	23	8	10.46
44	23	16	49.72
44	23	19	44.31
44	23	21	28.80
44	23	34	21.63
44	23	35	27.31
44	23	36	11.92
44	23	43	23.17
44	23	48	24.77
44	23	65	11.86
44	23	84	19.94
44	23	89	15.79
44	23	103	15.35
44	23	120	13.86
44	23	125	11.58
44	23	129	45.44
44	23	133	37.89
44	23	138	14.35
44	23	142	39.58
44	23	153	15.96
44	23	159	18.04
44	23	173	15.56
44	23	176	21.10
44	23	177	14.44
44	23	191	11.46
44	23	216	38.90
44	23	228	12.75
44	23	247	33.90
44	23	262	15.87
44	23	264	11.90
44	23	283	58.03
44	23	285	13.00
44	23	289	11.01
44	23	292	42.41
44	23	302	14.73
44	23	322	38.34
44	23	356	19.31
44	23	357	16.62
44	23	359	16.97
44	23	364	12.68
44	23	366	16.80
44	23	369	19.06
44	23	378	12.52
44	23	380	32.89
44	23	386	39.38
44	23	402	35.99
44	23	427	16.08
44	23	445	13.94
44	23	459	38.41
44	23	465	15.27
44	23	467	14.35
44	23	476	15.32
44	23	478	24.61
44	23	479	25.38
44	23	480	10.92
44	24	57	50.14
44	24	69	45.03
44	24	119	42.77
44	24	143	23.04
44	24	165	41.51
44	24	180	20.90
44	24	192	23.51
44	24	196	60.73
44	24	206	41.49
44	24	209	40.85
44	24	212	44.08
44	24	232	65.70
44	24	244	31.72
44	24	257	27.61
44	24	263	39.68
44	24	271	33.17
44	24	355	44.32
44	24	381	68.92
44	24	420	66.49
44	24	432	30.56
44	24	436	51.61
44	24	487	25.04
44	24,27	143	41.66
44	24,27	180	44.28
44	24,27	244	48.86
44	24,27	257	47.11
44	24,27	263	49.72
44	24,27	271	50.94
44	24,27	432	49.55
44	24,27	487	43.85
44	25	6	41.90
44	25	17	55.10
44	25	20	18.56
44	25	28	29.13
44	25	33	20.56
44	25	42	16.42
44	25	52	38.55
44	25	70	39.32
44	25	88	36.23
44	25	93	40.34
44	25	105	39.48
44	25	107	48.97
44	25	118	23.17
44	25	137	47.08
44	25	147	49.58
44	25	156	18.59
44	25	158	40.38
44	25	169	20.86
44	25	178	33.51
44	25	179	28.32
44	25	183	45.49
44	25	199	15.92
44	25	201	21.23
44	25	205	50.54
44	25	215	20.30
44	25	219	14.54
44	25	230	49.52
44	25	248	31.89
44	25	251	71.68
44	25	278	18.70
44	25	307	18.52
44	25	317	24.68
44	25	326	18.54
44	25	330	48.54
44	25	340	26.85
44	25	342	22.41
44	25	344	20.79
44	25	351	39.49
44	25	362	43.06
44	25	372	29.65
44	25	388	23.63
44	25	412	19.97
44	25	414	38.24
44	25	429	19.48
44	25	444	22.80
44	25	455	19.39
44	25	461	20.65
44	25	462	21.06
44	25	463	17.03
44	25	469	31.32
44	25	472	20.34
44	25,26	6	54.58
44	25,26	28	40.35
44	25,26	33	32.10
44	25,26	42	28.85
44	25,26	52	50.58
44	25,26	88	48.07
44	25,26	93	52.35
44	25,26	105	51.63
44	25,26	137	58.87
44	25,26	156	32.77
44	25,26	158	52.44
44	25,26	169	34.90
44	25,26	178	45.51
44	25,26	179	40.18
44	25,26	183	56.79
44	25,26	199	26.48
44	25,26	205	62.69
44	25,26	215	32.35
44	25,26	219	26.17
44	25,26	248	43.21
44	25,26	278	30.31
44	25,26	307	31.59
44	25,26	317	39.32
44	25,26	326	31.13
44	25,26	340	39.83
44	25,26	344	33.27
44	25,26	351	51.58
44	25,26	362	54.49
44	25,26	388	37.08
44	25,26	412	31.45
44	25,26	414	50.39
44	25,26	429	31.44
44	25,26	455	31.35
44	25,26	461	32.73
44	25,26	462	33.14
44	25,26	463	28.99
44	25,26	469	43.48
44	25,26	472	32.30
44	25,28	6	54.79
44	25,28	28	40.49
44	25,28	33	32.30
44	25,28	42	29.07
44	25,28	52	50.83
44	25,28	88	48.23
44	25,28	93	52.58
44	25,28	105	51.93
44	25,28	137	59.08
44	25,28	156	33.20
44	25,28	158	52.69
44	25,28	169	35.28
44	25,28	178	45.65
44	25,28	179	40.45
44	25,28	183	56.97
44	25,28	199	26.55
44	25,28	205	62.96
44	25,28	215	32.62
44	25,28	219	26.41
44	25,28	248	43.41
44	25,28	278	30.59
44	25,28	307	32.04
44	25,28	317	39.87
44	25,28	326	31.59
44	25,28	340	40.27
44	25,28	344	33.55
44	25,28	351	51.76
44	25,28	362	54.61
44	25,28	388	37.44
44	25,28	412	31.66
44	25,28	414	50.69
44	25,28	429	31.73
44	25,28	444	35.18
44	25,28	455	31.65
44	25,28	461	33.03
44	25,28	462	33.44
44	25,28	463	29.28
44	25,28	469	43.77
44	25,28	472	32.59
44	26	6	45.58
44	26	10	22.65
44	26	17	58.06
44	26	28	32.30
44	26	33	22.94
44	26	42	17.42
44	26	52	42.44
44	26	70	42.45
44	26	76	32.14
44	26	81	47.63
44	26	88	39.13
44	26	93	42.20
44	26	101	29.51
44	26	105	42.41
44	26	107	50.59
44	26	137	48.90
44	26	147	47.72
44	26	156	20.73
44	26	158	43.17
44	26	169	22.35
44	26	178	36.82
44	26	179	32.25
44	26	183	48.03
44	26	199	18.52
44	26	205	53.11
44	26	215	23.62
44	26	219	18.31
44	26	230	51.13
44	26	248	33.21
44	26	251	73.01
44	26	267	23.61
44	26	278	22.27
44	26	307	22.75
44	26	317	27.76
44	26	326	19.82
44	26	330	53.34
44	26	340	31.55
44	26	344	22.20
44	26	351	40.72
44	26	362	45.51
44	26	370	23.10
44	26	372	32.55
44	26	387	34.52
44	26	388	25.66
44	26	399	20.42
44	26	412	23.68
44	26	414	42.06
44	26	429	21.00
44	26	446	48.39
44	26	455	20.80
44	26	461	23.15
44	26	462	24.66
44	26	463	21.06
44	26	469	34.68
44	26	472	21.75
44	26,28	6	58.85
44	26,28	10	35.56
44	26,28	28	44.86
44	26,28	33	35.72
44	26,28	42	30.23
44	26,28	52	55.38
44	26,28	76	44.58
44	26,28	81	60.18
44	26,28	88	52.31
44	26,28	93	55.52
44	26,28	101	42.15
44	26,28	105	55.63
44	26,28	137	61.79
44	26,28	156	34.55
44	26,28	158	56.23
44	26,28	169	36.52
44	26,28	178	48.59
44	26,28	179	45.34
44	26,28	183	60.73
44	26,28	199	30.80
44	26,28	205	66.24
44	26,28	215	36.93
44	26,28	219	31.41
44	26,28	248	45.92
44	26,28	267	36.39
44	26,28	278	35.30
44	26,28	307	36.77
44	26,28	317	42.79
44	26,28	326	33.25
44	26,28	340	45.25
44	26,28	344	35.45
44	26,28	351	54.01
44	26,28	362	58.39
44	26,28	370	35.66
44	26,28	387	47.99
44	26,28	388	40.24
44	26,28	399	32.66
44	26,28	412	36.59
44	26,28	414	55.20
44	26,28	429	34.11
44	26,28	446	61.62
44	26,28	455	33.92
44	26,28	461	36.25
44	26,28	462	37.76
44	26,28	463	34.17
44	26,28	469	47.82
44	26,28	472	34.86
44	27	11	34.55
44	27	63	38.89
44	27	69	38.00
44	27	85	73.94
44	27	112	27.68
44	27	128	53.63
44	27	143	21.70
44	27	160	51.46
44	27	163	46.38
44	27	180	24.70
44	27	208	25.00
44	27	232	68.87
44	27	234	26.93
44	27	244	29.52
44	27	249	44.15
44	27	257	25.18
44	27	263	30.04
44	27	271	29.77
44	27	277	24.80
44	27	294	45.56
44	27	298	40.87
44	27	299	64.37
44	27	308	27.93
44	27	316	45.30
44	27	368	37.75
44	27	432	29.44
44	27	487	23.89
44	28	6	42.65
44	28	10	19.61
44	28	17	55.37
44	28	28	29.61
44	28	33	20.08
44	28	42	14.46
44	28	52	39.42
44	28	70	39.92
44	28	76	29.55
44	28	81	44.92
44	28	88	36.37
44	28	93	39.32
44	28	101	26.73
44	28	105	39.37
44	28	107	48.01
44	28	137	45.96
44	28	147	39.92
44	28	156	17.20
44	28	158	40.13
44	28	169	18.94
44	28	178	34.99
44	28	179	29.18
44	28	183	45.24
44	28	199	16.00
44	28	205	50.06
44	28	215	20.51
44	28	219	15.35
44	28	230	48.39
44	28	248	30.34
44	28	251	70.66
44	28	267	20.69
44	28	278	19.13
44	28	307	19.14
44	28	317	23.87
44	28	326	16.18
44	28	330	51.58
44	28	340	27.97
44	28	344	19.08
44	28	351	37.97
44	28	362	42.97
44	28	370	20.52
44	28	372	29.79
44	28	387	30.94
44	28	388	22.38
44	28	399	17.77
44	28	412	20.77
44	28	414	38.93
44	28	429	17.87
44	28	444	21.07
44	28	446	45.35
44	28	455	17.68
44	28	461	20.01
44	28	462	21.52
44	28	463	17.93
44	28	469	31.55
44	28	472	18.62
44	29	29	23.61
44	29	31	60.99
44	29	39	39.61
44	29	40	30.66
44	29	92	56.42
44	29	115	23.56
44	29	132	51.65
44	29	149	22.56
44	29	157	37.51
44	29	162	21.00
44	29	167	28.41
44	29	171	22.66
44	29	197	56.55
44	29	202	23.13
44	29	204	71.11
44	29	211	29.63
44	29	213	27.25
44	29	214	26.08
44	29	236	24.79
44	29	241	49.27
44	29	250	55.04
44	29	276	41.00
44	29	319	31.34
44	29	328	59.06
44	29	404	33.73
44	29	406	24.41
44	30	4	16.42
44	30	15	15.14
44	30	27	45.45
44	30	41	17.21
44	30	45	26.00
44	30	47	41.92
44	30	49	41.20
44	30	61	33.69
44	30	64	34.77
44	30	74	31.38
44	30	75	44.21
44	30	82	16.76
44	30	87	13.92
44	30	99	15.35
44	30	114	35.38
44	30	116	41.80
44	30	121	51.32
44	30	122	18.37
44	30	131	56.01
44	30	134	15.27
44	30	135	34.34
44	30	144	17.23
44	30	150	20.07
44	30	151	17.92
44	30	152	40.59
44	30	161	14.27
44	30	174	20.48
44	30	182	53.20
44	30	185	60.45
44	30	189	17.73
44	30	194	16.00
44	30	203	25.85
44	30	207	48.62
44	30	220	48.27
44	30	224	38.31
44	30	237	38.34
44	30	238	35.39
44	30	240	20.46
44	30	253	18.23
44	30	255	18.54
44	30	256	16.20
44	30	258	12.83
44	30	260	19.94
44	30	269	14.92
44	30	270	24.49
44	30	272	16.68
44	30	275	15.68
44	30	282	14.89
44	30	284	21.65
44	30	291	36.49
44	30	304	34.45
44	30	305	18.51
44	30	309	15.39
44	30	312	24.00
44	30	315	13.77
44	30	318	49.14
44	30	325	15.41
44	30	327	16.31
44	30	331	34.62
44	30	332	49.65
44	30	333	17.82
44	30	334	14.32
44	30	339	17.17
44	30	353	12.92
44	30	354	52.99
44	30	358	15.70
44	30	365	33.93
44	30	367	59.01
44	30	375	26.51
44	30	379	28.01
44	30	383	18.30
44	30	389	50.15
44	30	391	20.39
44	30	392	16.34
44	30	395	48.06
44	30	400	17.14
44	30	408	16.08
44	30	409	16.82
44	30	411	22.04
44	30	416	40.39
44	30	418	19.10
44	30	423	13.00
44	30	430	16.30
44	30	431	52.21
44	30	433	29.27
44	30	434	17.04
44	30	447	55.99
44	30	451	49.79
44	30	454	46.80
44	30	460	18.31
44	30	466	16.96
44	30	470	16.45
44	30	473	18.77
44	30	484	49.45
44	30	492	14.87
44	30	493	39.49
44	30	495	26.75
