Task=90 Orders=30 Vehicles=266 Scores=1293
90	1	13	33.23
90	1	21	18.66
90	1	31	48.00
90	1	33	41.42
90	1	35	31.44
90	1	55	38.75
90	1	61	32.86
90	1	68	42.38
90	1	69	39.15
90	1	89	43.37
90	1	92	28.15
90	1	101	43.41
90	1	105	28.83
90	1	110	50.11
90	1	126	50.08
90	1	127	31.11
90	1	147	23.18
90	1	158	49.04
90	1	159	50.23
90	1	174	19.34
90	1	183	30.11
90	1	184	49.07
90	1	191	41.03
90	1	208	37.39
90	1	231	17.08
90	1	234	36.31
90	1	240	23.83
90	1	248	24.96
90	1,19	13	43.38
90	1,19	21	28.51
90	1,19	31	56.52
90	1,19	33	49.65
90	1,19	35	42.25
90	1,19	61	43.72
90	1,19	68	51.03
90	1,19	69	46.11
90	1,19	92	40.31
90	1,19	105	37.62
90	1,19	110	62.65
90	1,19	127	41.27
90	1,19	147	30.72
90	1,19	158	57.21
90	1,19	183	38.68
90	1,19	184	60.30
90	1,19	191	49.34
90	1,19	231	27.17
90	1,19	234	46.41
90	1,19	240	31.63
90	1,19	248	36.28
90	2	6	64.46
90	2	9	48.44
90	2	15	50.73
90	2	16	54.75
90	2	31	60.55
90	2	44	41.82
90	2	91	61.86
90	2	105	37.93
90	2	148	54.63
90	2	169	44.92
90	2	175	59.08
90	2	214	63.92
90	2	227	34.41
90	2	241	44.68
90	2,24	31	83.03
90	2,24	44	66.45
90	2,24	105	57.86
90	2,24	148	76.92
90	3	1	21.87
90	3	21	30.10
90	3	25	60.55
90	3	33	52.68
90	3	35	46.34
90	3	39	57.97
90	3	43	32.30
90	3	68	54.37
90	3	69	46.55
90	3	94	29.13
90	3	132	55.17
90	3	147	41.18
90	3	154	38.31
90	3	183	40.20
90	3	184	49.08
90	3	203	54.41
90	3,5	1	35.65
90	3,5	21	47.46
90	3,5	33	75.83
90	3,5	35	66.75
90	3,5	68	74.41
90	3,5	69	75.77
90	3,5	94	47.66
90	3,5	147	53.11
90	3,5	184	73.77
90	3,11	1	36.11
90	3,11	33	70.65
90	3,11	35	61.48
90	3,11	68	76.58
90	3,11	69	71.73
90	3,11	94	48.56
90	3,11	147	48.63
90	3,11	184	70.42
90	3,27	1	39.04
90	3,27	21	45.38
90	3,27	33	67.82
90	3,27	35	62.45
90	3,27	68	70.49
90	3,27	69	74.23
90	3,27	147	63.46
90	3,27	183	58.66
90	3,27	184	61.69
90	4	4	21.23
90	4	5	10.63
90	4	10	15.42
90	4	24	27.94
90	4	30	41.10
90	4	34	29.55
90	4	37	18.76
90	4	49	12.86
90	4	51	35.51
90	4	53	15.04
90	4	62	32.58
90	4	63	32.92
90	4	64	26.23
90	4	65	41.46
90	4	66	38.39
90	4	70	25.23
90	4	72	48.10
90	4	73	25.73
90	4	74	31.44
90	4	75	9.93
90	4	76	30.38
90	4	83	11.61
90	4	90	39.08
90	4	95	31.20
90	4	96	26.28
90	4	103	26.37
90	4	104	12.48
90	4	107	33.82
90	4	114	11.97
90	4	118	10.23
90	4	119	32.75
90	4	120	16.52
90	4	121	11.89
90	4	124	10.14
90	4	137	24.17
90	4	140	35.32
90	4	141	30.48
90	4	144	14.15
90	4	145	11.75
90	4	146	11.54
90	4	151	11.04
90	4	152	17.70
90	4	155	38.08
90	4	156	9.04
90	4	157	44.89
90	4	161	32.13
90	4	165	7.97
90	4	171	8.70
90	4	173	8.76
90	4	176	34.52
90	4	178	53.87
90	4	186	37.31
90	4	188	9.92
90	4	189	21.86
90	4	190	17.97
90	4	193	12.24
90	4	194	32.42
90	4	195	15.04
90	4	199	39.28
90	4	209	44.38
90	4	219	12.62
90	4	221	14.62
90	4	224	14.56
90	4	229	14.31
90	4	233	51.03
90	4	235	50.25
90	4	251	12.13
90	4	263	39.93
90	4	265	22.80
90	4,13	4	31.20
90	4,13	5	18.62
90	4,13	10	22.27
90	4,13	24	37.87
90	4,13	30	51.85
90	4,13	34	39.97
90	4,13	37	26.99
90	4,13	49	22.79
90	4,13	53	23.52
90	4,13	62	44.69
90	4,13	63	40.42
90	4,13	64	36.69
90	4,13	66	48.79
90	4,13	70	36.25
90	4,13	73	36.37
90	4,13	75	19.14
90	4,13	76	41.51
90	4,13	83	19.68
90	4,13	95	40.87
90	4,13	96	33.41
90	4,13	103	36.66
90	4,13	104	21.10
90	4,13	114	18.82
90	4,13	118	19.28
90	4,13	121	20.46
90	4,13	124	17.58
90	4,13	137	31.08
90	4,13	140	45.93
90	4,13	145	19.23
90	4,13	146	18.63
90	4,13	151	20.87
90	4,13	155	45.83
90	4,13	156	19.04
90	4,13	161	42.73
90	4,13	165	16.96
90	4,13	171	15.73
90	4,13	173	16.79
90	4,13	176	48.86
90	4,13	186	46.86
90	4,13	188	17.92
90	4,13	189	29.62
90	4,13	190	27.51
90	4,13	193	19.35
90	4,13	194	42.77
90	4,13	195	22.10
90	4,13	199	51.34
90	4,13	219	20.49
90	4,13	229	23.61
90	4,13	235	60.52
90	4,13	251	21.28
90	4,13	265	29.96
90	5	1	21.04
90	5	13	44.58
90	5	21	27.37
90	5	28	46.00
90	5	33	53.32
90	5	35	43.97
90	5	68	58.31
90	5	69	52.80
90	5	94	29.68
90	5	101	39.01
90	5	147	38.27
90	5	184	47.24
90	5	208	52.21
90	5,10	1	33.14
90	5,10	13	61.69
90	5,10	21	38.83
90	5,10	33	69.03
90	5,10	35	56.76
90	5,10	68	72.59
90	5,10	69	66.55
90	5,10	147	48.37
90	5,10	184	72.11
90	5,11	1	28.35
90	5,11	13	52.35
90	5,11	28	54.37
90	5,11	33	61.07
90	5,11	35	51.76
90	5,11	68	66.17
90	5,11	69	69.32
90	5,11	94	39.03
90	5,11	147	47.80
90	5,11	184	71.41
90	5,27	1	34.04
90	5,27	13	57.89
90	5,27	21	39.61
90	5,27	33	65.86
90	5,27	35	57.76
90	5,27	68	68.41
90	5,27	69	70.82
90	5,27	147	49.54
90	5,27	184	77.56
90	6	26	59.48
90	6	27	56.27
90	6	45	31.14
90	6	52	64.10
90	6	57	55.73
90	6	59	39.04
90	6	67	56.49
90	6	85	60.90
90	6	109	41.10
90	6	122	38.32
90	6	125	49.73
90	6	133	57.86
90	6	135	66.96
90	6	139	51.28
90	6	160	39.52
90	6	180	61.06
90	6	201	34.55
90	6	202	53.23
90	6	220	41.99
90	6,8	57	71.48
90	6,8	59	48.85
90	6,8	67	76.25
90	6,8	109	48.14
90	6,8	125	67.90
90	6,8	133	77.49
90	6,8	160	55.37
90	6,8	180	76.75
90	6,8	201	47.52
90	6,8	202	68.70
90	6,8	220	59.25
90	6,15	27	78.38
90	6,15	45	52.63
90	6,15	57	70.41
90	6,15	59	59.52
90	6,15	67	81.51
90	6,15	109	65.62
90	6,15	122	62.66
90	6,15	125	73.82
90	6,15	133	82.42
90	6,15	139	74.44
90	6,15	160	67.45
90	6,15	180	93.49
90	6,15	201	59.27
90	6,15	202	78.93
90	6,15	220	66.01
90	6,18	27	61.96
90	6,18	45	38.21
90	6,18	57	62.58
90	6,18	59	45.66
90	6,18	67	64.21
90	6,18	109	48.56
90	6,18	122	45.83
90	6,18	125	57.30
90	6,18	133	65.72
90	6,18	139	56.90
90	6,18	160	47.04
90	6,18	180	69.30
90	6,18	201	42.20
90	6,18	202	61.55
90	6,18	220	50.13
90	6,25	27	81.30
90	6,25	45	53.25
90	6,25	57	73.31
90	6,25	59	62.24
90	6,25	67	84.89
90	6,25	109	65.48
90	6,25	122	62.65
90	6,25	125	77.10
90	6,25	133	85.72
90	6,25	139	77.56
90	6,25	160	66.85
90	6,25	180	91.77
90	6,25	201	58.87
90	6,25	202	77.86
90	6,25	220	65.59
90	6,28	27	71.85
90	6,28	45	46.23
90	6,28	67	75.72
90	6,28	109	58.27
90	6,28	122	59.13
90	6,28	125	71.45
90	6,28	133	74.72
90	6,28	139	67.30
90	6,28	180	84.32
90	6,28	202	74.01
90	7	12	55.30
90	7	58	20.48
90	7	115	39.10
90	7	130	52.89
90	7	153	18.46
90	7	166	22.06
90	7	177	39.13
90	7	226	48.08
90	7,9	12	69.52
90	7,9	58	33.03
90	7,9	115	61.48
90	7,9	130	68.27
90	7,9	153	31.15
90	7,9	177	54.69
90	8	2	20.94
90	8	7	42.38
90	8	19	54.72
90	8	20	38.10
90	8	38	23.61
90	8	52	60.66
90	8	54	56.08
90	8	57	48.24
90	8	59	27.82
90	8	67	53.00
90	8	79	22.35
90	8	80	37.97
90	8	84	44.04
90	8	85	57.99
90	8	98	25.72
90	8	109	34.56
90	8	111	30.21
90	8	125	45.54
90	8	129	47.27
90	8	133	54.68
90	8	135	63.82
90	8	138	54.73
90	8	160	29.65
90	8	162	34.45
90	8	164	28.86
90	8	170	31.49
90	8	179	29.51
90	8	180	56.94
90	8	187	33.55
90	8	192	22.03
90	8	201	34.24
90	8	202	44.83
90	8	206	19.20
90	8	211	40.68
90	8	218	41.23
90	8	220	36.86
90	8	223	43.80
90	8	228	50.52
90	8	232	21.59
90	8	237	41.10
90	8	238	35.94
90	8	245	26.63
90	8	250	37.20
90	8	254	35.68
90	8	255	36.17
90	8	258	41.97
90	8	260	19.28
90	8	266	43.45
90	9	12	53.80
90	9	14	36.72
90	9	58	20.51
90	9	86	43.72
90	9	99	51.11
90	9	106	24.63
90	9	115	44.51
90	9	116	51.15
90	9	130	58.37
90	9	153	15.18
90	9	163	63.32
90	9	177	46.59
90	10	1	17.08
90	10	13	40.38
90	10	21	24.86
90	10	33	46.73
90	10	35	39.49
90	10	68	47.99
90	10	69	47.68
90	10	81	42.89
90	10	89	51.15
90	10	101	42.89
90	10	110	58.75
90	10	127	38.69
90	10	142	21.58
90	10	147	34.34
90	10	158	52.37
90	10	159	54.66
90	10	183	34.83
90	10	184	53.01
90	10	191	46.48
90	10	203	47.20
90	10	208	47.13
90	10	217	33.07
90	10	231	22.66
90	10	234	41.69
90	10	236	48.75
90	10	240	20.82
90	10	248	33.59
90	10,27	1	34.90
90	10,27	13	58.06
90	10,27	21	41.52
90	10,27	33	65.00
90	10,27	35	58.11
90	10,27	68	67.35
90	10,27	69	67.77
90	10,27	110	80.35
90	10,27	147	52.01
90	10,27	183	53.97
90	10,27	184	70.94
90	11	1	14.38
90	11	13	39.44
90	11	18	49.44
90	11	28	40.68
90	11	29	41.58
90	11	33	48.06
90	11	35	38.61
90	11	60	49.99
90	11	68	51.90
90	11	69	48.76
90	11	94	21.38
90	11	101	40.13
90	11	127	41.10
90	11	142	19.39
90	11	147	35.07
90	11	182	21.90
90	11	184	55.34
90	11	208	46.89
90	11	231	18.48
90	11	240	27.68
90	11	246	19.32
90	11	248	35.89
90	11,27	1	35.73
90	11,27	13	64.37
90	11,27	33	66.39
90	11,27	35	59.55
90	11,27	68	69.17
90	11,27	69	68.86
90	11,27	147	50.83
90	11,27	184	70.35
90	12	3	29.75
90	12	8	46.11
90	12	11	41.00
90	12	17	36.94
90	12	23	51.90
90	12	32	20.70
90	12	36	49.76
90	12	40	44.86
90	12	42	49.18
90	12	46	39.34
90	12	47	27.11
90	12	48	36.75
90	12	56	48.62
90	12	77	32.11
90	12	78	42.56
90	12	88	46.54
90	12	100	23.15
90	12	113	52.37
90	12	117	15.52
90	12	123	47.07
90	12	128	21.56
90	12	131	18.79
90	12	134	44.63
90	12	143	36.25
90	12	149	45.20
90	12	150	25.61
90	12	167	25.44
90	12	168	55.82
90	12	181	54.86
90	12	185	56.44
90	12	197	42.11
90	12	198	22.92
90	12	205	34.86
90	12	207	37.63
90	12	213	40.79
90	12	215	21.07
90	12	216	18.68
90	12	222	23.62
90	12	239	35.48
90	12	242	40.75
90	12	247	54.31
90	12	252	48.89
90	12	253	22.80
90	12	257	21.01
90	12	259	27.63
90	12	261	43.61
90	12,16	17	47.55
90	12,16	32	31.21
90	12,16	46	51.54
90	12,16	48	47.32
90	12,16	56	59.68
90	12,16	77	42.34
90	12,16	100	33.77
90	12,16	123	66.35
90	12,16	131	29.18
90	12,16	134	55.24
90	12,16	143	46.97
90	12,16	149	55.70
90	12,16	168	65.46
90	12,16	197	52.21
90	12,16	239	46.08
90	12,16	242	50.93
90	12,16	247	64.56
90	13	4	22.61
90	13	5	12.37
90	13	10	16.21
90	13	24	29.75
90	13	30	42.21
90	13	34	31.35
90	13	37	20.70
90	13	49	15.34
90	13	51	37.99
90	13	53	17.46
90	13	62	34.69
90	13	63	33.72
90	13	64	28.39
90	13	66	39.61
90	13	70	26.63
90	13	72	49.03
90	13	73	27.94
90	13	74	33.48
90	13	75	12.72
90	13	76	31.01
90	13	83	12.58
90	13	90	40.10
90	13	95	32.54
90	13	96	27.08
90	13	103	27.83
90	13	104	14.85
90	13	107	34.49
90	13	114	12.77
90	13	118	12.72
90	13	119	34.15
90	13	121	14.24
90	13	124	10.96
90	13	136	36.20
90	13	137	23.99
90	13	140	36.86
90	13	145	12.55
90	13	146	12.34
90	13	151	13.46
90	13	155	39.15
90	13	156	11.41
90	13	161	34.01
90	13	165	10.35
90	13	171	9.61
90	13	173	10.96
90	13	176	32.99
90	13	178	55.90
90	13	186	38.10
90	13	188	11.48
90	13	189	23.20
90	13	190	19.92
90	13	193	13.03
90	13	194	34.18
90	13	195	16.06
90	13	199	40.32
90	13	209	45.38
90	13	219	13.42
90	13	229	16.99
90	13	235	51.90
90	13	251	14.80
90	13	263	42.11
90	13	265	23.61
90	14	52	63.20
90	14	57	42.38
90	14	59	39.39
90	14	79	24.85
90	14	93	53.75
90	14	108	23.20
90	14	112	25.96
90	14	125	47.18
90	14	138	57.68
90	14	160	31.82
90	14	170	28.83
90	14	180	59.38
90	14	200	18.08
90	14	201	40.44
90	14	211	42.18
90	14	220	39.20
90	14	244	25.31
90	14	266	45.28
90	14,26	57	69.32
90	14,26	59	57.42
90	14,26	79	49.41
90	14,26	112	50.21
90	14,26	125	56.52
90	14,26	138	78.70
90	14,26	160	54.59
90	14,26	170	51.46
90	14,26	180	85.96
90	14,26	201	60.18
90	14,26	211	60.72
90	14,26	220	58.92
90	15	26	58.99
90	15	27	55.77
90	15	45	30.66
90	15	52	63.54
90	15	57	44.52
90	15	59	38.58
90	15	67	55.92
90	15	85	60.37
90	15	109	40.52
90	15	122	37.75
90	15	125	49.17
90	15	133	57.30
90	15	135	66.44
90	15	139	50.75
90	15	160	38.83
90	15	180	60.23
90	15	201	33.97
90	15	202	52.63
90	15	220	41.45
90	15,20	57	62.32
90	15,20	59	47.39
90	15,20	67	66.97
90	15,20	109	50.20
90	15,20	122	48.24
90	15,20	125	59.62
90	15,20	133	68.08
90	15,20	160	51.15
90	15,20	180	78.70
90	15,20	201	44.63
90	15,20	202	65.42
90	15,20	220	52.31
90	15,25	27	72.99
90	15,25	45	47.39
90	15,25	57	72.54
90	15,25	59	61.55
90	15,25	67	74.15
90	15,25	109	58.49
90	15,25	122	55.75
90	15,25	125	67.04
90	15,25	133	75.25
90	15,25	139	68.28
90	15,25	160	58.44
90	15,25	180	81.76
90	15,25	201	51.89
90	15,25	202	70.72
90	15,25	220	59.10
90	16	8	49.56
90	16	11	43.92
90	16	17	41.13
90	16	32	23.41
90	16	36	54.18
90	16	46	43.04
90	16	48	40.77
90	16	56	53.25
90	16	77	35.72
90	16	78	46.03
90	16	100	26.27
90	16	113	55.49
90	16	123	46.97
90	16	131	22.25
90	16	134	48.93
90	16	143	40.48
90	16	149	47.70
90	16	168	58.59
90	16	181	57.48
90	16	185	60.42
90	16	197	44.79
90	16	239	38.62
90	16	242	43.94
90	16	247	55.76
90	16,17	17	60.46
90	16,17	32	45.44
90	16,17	46	66.04
90	16,17	48	60.82
90	16,17	56	73.75
90	16,17	77	54.30
90	16,17	100	47.20
90	16,17	123	66.39
90	16,17	131	43.89
90	16,17	134	68.18
90	16,17	143	60.61
90	16,17	149	66.61
90	16,17	168	75.48
90	16,17	197	63.77
90	16,17	239	58.51
90	16,17	242	62.10
90	16,17	247	74.17
90	16,23	17	58.51
90	16,23	32	37.11
90	16,23	46	58.94
90	16,23	48	57.39
90	16,23	56	70.55
90	16,23	77	51.17
90	16,23	100	39.70
90	16,23	123	65.62
90	16,23	131	35.79
90	16,23	134	65.23
90	16,23	143	57.37
90	16,23	149	63.39
90	16,23	168	73.85
90	16,23	197	57.86
90	16,23	239	54.97
90	16,23	242	60.15
90	16,23	247	68.86
90	17	8	51.38
90	17	11	45.83
90	17	17	42.48
90	17	32	25.35
90	17	36	55.35
90	17	46	45.07
90	17	48	42.51
90	17	56	54.52
90	17	77	37.35
90	17	78	48.08
90	17	100	28.23
90	17	113	57.23
90	17	123	44.04
90	17	131	24.01
90	17	134	50.20
90	17	143	42.01
90	17	149	49.48
90	17	168	51.10
90	17	181	59.30
90	17	185	61.77
90	17	197	46.63
90	17	239	40.52
90	17	242	45.21
90	17	247	57.18
90	17,23	17	52.75
90	17,23	32	35.51
90	17,23	46	56.85
90	17,23	48	52.44
90	17,23	56	65.21
90	17,23	77	46.99
90	17,23	100	38.24
90	17,23	123	57.82
90	17,23	131	34.08
90	17,23	134	60.46
90	17,23	143	52.30
90	17,23	149	59.25
90	17,23	168	72.97
90	17,23	197	56.41
90	17,23	239	50.31
90	17,23	242	55.07
90	17,23	247	67.13
90	18	7	45.80
90	18	26	58.58
90	18	27	50.76
90	18	41	58.79
90	18	45	27.48
90	18	50	44.38
90	18	52	62.44
90	18	54	55.20
90	18	57	51.99
90	18	59	35.46
90	18	67	51.86
90	18	80	36.11
90	18	84	48.55
90	18	85	59.56
90	18	102	60.80
90	18	109	38.49
90	18	122	36.96
90	18	125	46.99
90	18	129	44.27
90	18	133	53.77
90	18	135	64.90
90	18	139	45.45
90	18	160	35.93
90	18	162	34.03
90	18	164	29.48
90	18	166	22.14
90	18	179	28.08
90	18	180	57.65
90	18	196	22.97
90	18	201	30.63
90	18	202	49.99
90	18	206	25.58
90	18	210	20.14
90	18	218	46.52
90	18	220	39.45
90	18	223	41.13
90	18	228	53.87
90	18	230	27.01
90	18	232	22.01
90	18	237	40.30
90	18	238	41.30
90	18	243	37.82
90	18	250	35.31
90	18	254	33.87
90	18	255	38.13
90	18	256	34.93
90	18	260	17.49
90	18,25	27	74.89
90	18,25	45	50.93
90	18,25	57	69.56
90	18,25	59	57.83
90	18,25	67	79.21
90	18,25	109	60.42
90	18,25	122	57.52
90	18,25	125	73.34
90	18,25	133	80.61
90	18,25	139	70.76
90	18,25	160	61.31
90	18,25	180	86.28
90	18,25	201	57.68
90	18,25	202	78.07
90	18,25	220	65.66
90	19	13	36.23
90	19	21	22.20
90	19	31	49.03
90	19	33	42.44
90	19	35	35.00
90	19	44	26.20
90	19	61	36.18
90	19	68	43.58
90	19	69	40.44
90	19	81	39.85
90	19	89	45.73
90	19	92	32.39
90	19	101	50.65
90	19	105	28.94
90	19	110	54.30
90	19	127	35.00
90	19	147	21.97
90	19	158	47.70
90	19	159	50.27
90	19	183	31.10
90	19	184	51.76
90	19	191	41.52
90	19	203	38.69
90	19	208	42.38
90	19	217	28.54
90	19	231	19.46
90	19	234	38.51
90	19	236	44.72
90	19	240	23.83
90	19	248	28.48
90	20	2	13.27
90	20	7	39.90
90	20	20	33.72
90	20	52	56.58
90	20	57	36.56
90	20	59	35.30
90	20	67	48.93
90	20	79	21.66
90	20	82	39.13
90	20	84	40.87
90	20	85	54.10
90	20	87	52.82
90	20	97	52.83
90	20	109	29.14
90	20	111	24.68
90	20	112	15.27
90	20	122	32.15
90	20	125	42.11
90	20	133	53.24
90	20	135	60.55
90	20	138	40.66
90	20	160	24.42
90	20	164	21.70
90	20	170	28.03
90	20	180	47.69
90	20	187	26.18
90	20	201	31.86
90	20	202	40.70
90	20	206	18.52
90	20	210	15.18
90	20	211	37.41
90	20	218	36.62
90	20	220	34.34
90	20	223	40.85
90	20	228	48.90
90	20	232	18.92
90	20	237	37.92
90	20	238	30.80
90	20	249	19.41
90	20	250	32.44
90	20	258	38.20
90	20	260	15.46
90	20	262	18.06
90	20	264	28.54
90	20,25	57	64.58
90	20,25	59	51.66
90	20,25	67	76.08
90	20,25	109	53.31
90	20,25	122	53.46
90	20,25	125	68.28
90	20,25	133	73.25
90	20,25	160	54.90
90	20,25	180	83.15
90	20,25	201	49.94
90	20,25	202	68.61
90	20,25	220	60.37
90	20,26	57	55.08
90	20,26	59	47.49
90	20,26	67	64.03
90	20,26	79	37.03
90	20,26	97	67.24
90	20,26	109	43.41
90	20,26	112	31.82
90	20,26	125	51.46
90	20,26	138	65.20
90	20,26	160	40.01
90	20,26	170	41.28
90	20,26	180	66.44
90	20,26	201	46.59
90	20,26	211	51.14
90	20,26	220	49.01
90	21	3	27.06
90	21	8	41.77
90	21	11	35.83
90	21	17	33.65
90	21	22	41.18
90	21	23	48.56
90	21	32	17.89
90	21	36	45.39
90	21	42	46.59
90	21	46	35.68
90	21	47	27.52
90	21	48	32.03
90	21	56	43.66
90	21	77	28.21
90	21	78	37.03
90	21	88	41.63
90	21	100	20.39
90	21	113	49.35
90	21	117	11.28
90	21	123	42.70
90	21	128	16.55
90	21	131	15.06
90	21	134	40.37
90	21	143	31.54
90	21	149	40.31
90	21	150	22.35
90	21	168	53.55
90	21	181	52.46
90	21	185	52.58
90	21	197	39.63
90	21	198	19.31
90	21	205	31.99
90	21	207	35.08
90	21	213	34.97
90	21	215	17.46
90	21	216	13.14
90	21	222	19.68
90	21	239	30.30
90	21	242	37.04
90	21	247	50.63
90	21	252	43.23
90	21	257	18.01
90	21	259	24.62
90	21	261	40.54
90	21,23	3	41.38
90	21,23	17	48.23
90	21,23	22	56.41
90	21,23	23	64.58
90	21,23	32	32.61
90	21,23	46	52.62
90	21,23	47	42.01
90	21,23	48	46.77
90	21,23	56	59.11
90	21,23	77	42.07
90	21,23	100	34.58
90	21,23	117	26.72
90	21,23	123	59.34
90	21,23	128	34.59
90	21,23	131	29.58
90	21,23	134	54.94
90	21,23	143	46.51
90	21,23	149	54.42
90	21,23	150	37.70
90	21,23	168	67.86
90	21,23	197	53.54
90	21,23	198	35.52
90	21,23	205	48.17
90	21,23	207	50.58
90	21,23	213	50.65
90	21,23	215	33.73
90	21,23	216	31.24
90	21,23	222	36.77
90	21,23	239	44.87
90	21,23	242	50.86
90	21,23	247	64.55
90	21,23	257	33.08
90	21,23	259	39.73
90	21,23	261	55.66
90	22	9	42.89
90	22	21	28.39
90	22	31	49.86
90	22	33	43.25
90	22	35	41.51
90	22	44	34.06
90	22	71	29.76
90	22	89	54.76
90	22	92	39.82
90	22	105	25.34
90	22	110	63.15
90	22	126	49.14
90	22	148	42.68
90	22	159	48.18
90	22	169	35.34
90	22	191	46.52
90	22	204	52.11
90	22	212	33.18
90	22	214	57.80
90	22	225	31.73
90	22	236	50.42
90	22,24	21	38.14
90	22,24	31	62.94
90	22,24	33	56.35
90	22,24	35	53.44
90	22,24	44	46.00
90	22,24	105	37.59
90	22,24	110	75.66
90	22,24	148	55.06
90	23	3	31.00
90	23	8	45.45
90	23	11	39.79
90	23	17	37.75
90	23	22	45.21
90	23	23	53.23
90	23	32	22.10
90	23	36	49.55
90	23	42	50.46
90	23	46	40.56
90	23	47	31.56
90	23	48	36.14
90	23	56	48.20
90	23	77	31.76
90	23	78	41.42
90	23	88	45.52
90	23	100	23.87
90	23	113	53.75
90	23	117	15.66
90	23	123	43.27
90	23	128	22.28
90	23	131	19.00
90	23	134	44.46
90	23	143	35.76
90	23	149	43.80
90	23	150	26.69
90	23	168	53.73
90	23	181	56.27
90	23	185	56.34
90	23	197	43.55
90	23	198	24.21
90	23	205	35.83
90	23	207	39.76
90	23	213	39.45
90	23	215	22.13
90	23	216	18.80
90	23	222	24.77
90	23	239	34.21
90	23	242	40.77
90	23	247	54.37
90	23	252	47.42
90	23	257	22.38
90	23	259	28.86
90	23	261	44.80
90	24	21	32.31
90	24	31	56.44
90	24	33	49.93
90	24	35	47.03
90	24	44	38.99
90	24	105	30.75
90	24	110	68.65
90	24	148	47.93
90	24	183	37.42
90	24	214	64.11
90	24,30	21	43.66
90	24,30	31	69.69
90	24,30	33	62.69
90	24,30	35	59.90
90	24,30	44	52.83
90	24,30	105	42.65
90	24,30	110	83.30
90	24,30	148	62.34
90	24,30	183	51.00
90	25	26	61.65
90	25	27	58.45
90	25	45	33.27
90	25	52	66.58
90	25	57	47.42
90	25	59	41.07
90	25	67	59.01
90	25	85	63.18
90	25	109	43.63
90	25	122	40.82
90	25	125	52.17
90	25	133	60.32
90	25	135	66.70
90	25	139	53.61
90	25	160	42.56
90	25	180	64.68
90	25	201	37.07
90	25	202	55.80
90	25	220	44.34
90	26	52	62.66
90	26	57	46.77
90	26	59	37.76
90	26	67	51.58
90	26	79	24.10
90	26	87	50.73
90	26	97	56.46
90	26	109	37.15
90	26	112	21.45
90	26	125	31.90
90	26	135	64.01
90	26	138	52.44
90	26	160	27.58
90	26	170	29.87
90	26	180	54.48
90	26	201	36.34
90	26	211	38.83
90	26	220	35.75
90	26,29	57	59.62
90	26,29	59	47.76
90	26,29	67	66.49
90	26,29	79	36.49
90	26,29	109	46.77
90	26,29	125	53.44
90	26,29	138	66.75
90	26,29	160	41.99
90	26,29	170	44.27
90	26,29	180	70.68
90	26,29	201	47.34
90	26,29	211	53.30
90	26,29	220	50.27
90	27	1	24.08
90	27	13	46.82
90	27	21	31.25
90	27	33	53.63
90	27	35	46.66
90	27	39	61.73
90	27	68	55.52
90	27	69	51.25
90	27	101	44.51
90	27	110	67.90
90	27	147	39.94
90	27	183	42.07
90	27	184	45.13
90	27	203	51.20
90	27	208	54.80
90	28	7	49.55
90	28	12	55.28
90	28	26	57.28
90	28	27	50.87
90	28	41	59.37
90	28	45	25.83
90	28	50	48.17
90	28	67	52.03
90	28	85	60.11
90	28	102	58.65
90	28	106	18.90
90	28	109	43.28
90	28	122	36.10
90	28	125	48.65
90	28	133	51.46
90	28	135	66.13
90	28	139	45.37
90	28	166	19.76
90	28	172	18.51
90	28	180	63.39
90	28	196	21.11
90	28	202	49.69
90	28	230	24.72
90	28	232	25.96
90	28	237	45.20
90	28	238	45.14
90	28	250	39.08
90	28	256	38.90
90	28	260	21.77
90	29	2	19.18
90	29	7	40.76
90	29	19	53.45
90	29	20	35.77
90	29	38	21.44
90	29	52	59.07
90	29	54	54.55
90	29	57	41.42
90	29	59	35.52
90	29	67	51.35
90	29	79	20.54
90	29	80	36.15
90	29	84	42.77
90	29	85	56.69
90	29	98	21.20
90	29	109	34.55
90	29	125	44.08
90	29	129	46.28
90	29	133	53.11
90	29	135	62.62
90	29	138	52.66
90	29	160	27.31
90	29	162	33.13
90	29	164	26.46
90	29	170	30.49
90	29	179	27.59
90	29	180	53.75
90	29	187	32.10
90	29	192	19.82
90	29	201	32.56
90	29	202	43.18
90	29	206	15.32
90	29	211	39.52
90	29	218	39.51
90	29	220	35.55
90	29	223	41.24
90	29	228	48.99
90	29	232	20.62
90	29	237	39.24
90	29	238	34.20
90	29	245	24.76
90	29	250	35.32
90	29	254	34.06
90	29	255	34.30
90	29	258	40.21
90	29	260	17.42
90	29	266	42.21
90	30	21	25.21
90	30	31	47.70
90	30	33	41.70
90	30	35	38.62
90	30	44	30.08
90	30	71	28.13
90	30	81	44.18
90	30	89	50.07
90	30	92	36.04
90	30	105	28.52
90	30	110	58.72
90	30	148	38.42
90	30	158	45.45
90	30	159	46.59
90	30	183	28.20
90	30	191	41.70
90	30	204	50.49
90	30	214	56.27
90	30	217	29.32
90	30	225	27.21
90	30	234	43.23
90	30	236	46.70
90	30	240	28.72
