Task=99 Orders=51 Vehicles=392 Scores=2292
99	1	10	36.99
99	1	49	16.00
99	1	52	22.39
99	1	66	37.89
99	1	70	49.79
99	1	75	40.41
99	1	81	51.87
99	1	82	14.46
99	1	97	34.34
99	1	110	67.42
99	1	112	33.25
99	1	113	40.32
99	1	134	35.34
99	1	149	22.10
99	1	178	33.58
99	1	185	41.66
99	1	192	52.65
99	1	193	14.41
99	1	194	35.06
99	1	221	34.80
99	1	238	46.86
99	1	271	38.17
99	1	297	9.39
99	1	298	60.86
99	1	311	18.52
99	1	317	25.61
99	1	318	18.58
99	1	332	60.68
99	1	345	37.83
99	1	348	49.24
99	1	351	22.48
99	1	384	41.70
99	1	390	17.11
99	1,5	10	55.10
99	1,5	49	35.83
99	1,5	52	43.35
99	1,5	66	56.75
99	1,5	70	68.63
99	1,5	75	59.97
99	1,5	81	70.94
99	1,5	97	52.75
99	1,5	112	51.55
99	1,5	113	61.13
99	1,5	134	52.63
99	1,5	193	33.85
99	1,5	194	52.23
99	1,5	238	66.65
99	1,5	271	56.11
99	1,5	297	27.28
99	1,5	317	46.15
99	1,5	348	67.45
99	1,5	351	41.17
99	1,5	384	59.66
99	2	1	40.54
99	2	3	17.94
99	2	28	41.42
99	2	62	31.13
99	2	65	66.41
99	2	81	52.28
99	2	82	16.23
99	2	90	19.86
99	2	98	17.87
99	2	109	60.46
99	2	117	18.45
99	2	122	28.58
99	2	124	44.99
99	2	127	17.65
99	2	132	46.15
99	2	134	39.63
99	2	149	23.82
99	2	151	26.07
99	2	152	27.55
99	2	174	22.76
99	2	192	60.75
99	2	207	52.65
99	2	220	38.42
99	2	227	17.87
99	2	250	15.90
99	2	254	43.27
99	2	282	17.38
99	2	304	17.73
99	2	311	25.07
99	2	315	18.90
99	2	317	33.49
99	2	322	44.94
99	2	323	52.59
99	2	326	19.46
99	2	337	44.07
99	2	339	24.73
99	2	343	35.79
99	2	354	36.44
99	2	359	48.75
99	2	369	44.44
99	2	376	26.00
99	2	386	19.08
99	2	388	22.45
99	2	390	19.45
99	2	392	33.51
99	2,21	28	51.21
99	2,21	62	40.87
99	2,21	82	26.56
99	2,21	90	31.24
99	2,21	98	29.80
99	2,21	117	30.37
99	2,21	122	39.55
99	2,21	124	58.15
99	2,21	127	29.48
99	2,21	151	37.52
99	2,21	152	36.93
99	2,21	174	35.65
99	2,21	220	48.83
99	2,21	227	30.31
99	2,21	250	26.00
99	2,21	282	29.35
99	2,21	304	28.27
99	2,21	311	35.83
99	2,21	315	30.17
99	2,21	322	55.34
99	2,21	326	29.77
99	2,21	343	46.58
99	2,21	354	46.38
99	2,21	369	54.35
99	2,21	376	36.79
99	2,21	386	29.85
99	2,21	388	33.21
99	2,21	390	30.21
99	2,26	28	52.10
99	2,26	62	41.75
99	2,26	82	27.49
99	2,26	90	32.20
99	2,26	98	30.86
99	2,26	117	31.30
99	2,26	122	40.54
99	2,26	124	58.55
99	2,26	127	30.48
99	2,26	151	38.51
99	2,26	152	33.25
99	2,26	174	36.69
99	2,26	220	48.97
99	2,26	227	31.31
99	2,26	250	26.86
99	2,26	282	30.34
99	2,26	304	29.21
99	2,26	311	36.76
99	2,26	315	31.15
99	2,26	322	56.24
99	2,26	326	30.69
99	2,26	343	47.51
99	2,26	354	46.63
99	2,26	369	55.24
99	2,26	376	37.72
99	2,26	386	30.77
99	2,26	388	34.14
99	2,26	390	31.14
99	2,40	81	81.85
99	2,40	124	61.15
99	2,40	134	56.87
99	2,40	149	44.27
99	2,40	152	52.99
99	2,40	250	42.39
99	2,40	304	39.75
99	3	6	46.11
99	3	29	52.01
99	3	56	39.99
99	3	59	44.41
99	3	88	31.15
99	3	89	55.41
99	3	118	48.45
99	3	131	35.86
99	3	218	23.62
99	3	242	40.25
99	3	246	25.30
99	3	258	26.52
99	3	272	56.31
99	3	313	50.92
99	3,12	6	56.99
99	3,12	56	64.18
99	3,12	88	41.68
99	3,12	89	66.03
99	3,12	118	62.89
99	3,12	131	46.18
99	3,12	218	33.59
99	3,12	242	51.07
99	3,12	246	35.79
99	3,12	258	37.01
99	3,12	313	67.79
99	3,16	6	71.10
99	3,16	56	76.07
99	3,16	88	53.61
99	3,16	89	78.96
99	3,16	118	70.10
99	3,16	131	58.93
99	3,16	218	45.54
99	3,16	242	63.73
99	3,16	246	48.69
99	3,16	258	49.92
99	3,16	313	76.56
99	3,19	218	39.82
99	3,19	258	40.13
99	3,22	56	67.39
99	3,22	88	46.15
99	3,22	89	69.15
99	3,22	118	64.15
99	3,22	131	50.69
99	3,22	218	38.07
99	3,22	242	55.61
99	3,22	246	40.34
99	3,22	258	41.56
99	3,22	313	77.31
99	3,29	6	71.30
99	3,29	56	80.56
99	3,29	88	53.80
99	3,29	89	79.31
99	3,29	118	76.63
99	3,29	131	59.31
99	3,29	218	46.01
99	3,29	242	64.13
99	3,29	246	49.06
99	3,29	258	50.28
99	3,29	313	75.85
99	3,31	6	63.20
99	3,31	29	67.73
99	3,31	56	69.35
99	3,31	88	45.52
99	3,31	89	71.66
99	3,31	118	68.21
99	3,31	131	51.73
99	3,31	218	38.77
99	3,31	242	56.59
99	3,31	313	71.11
99	3,51	88	48.85
99	3,51	89	78.99
99	3,51	131	54.11
99	3,51	218	41.04
99	3,51	242	63.58
99	3,51	258	48.32
99	4	21	43.61
99	4	25	48.94
99	4	31	50.83
99	4	38	42.72
99	4	41	31.10
99	4	47	19.23
99	4	48	39.32
99	4	55	34.14
99	4	74	26.28
99	4	78	25.00
99	4	79	29.07
99	4	104	14.00
99	4	125	40.55
99	4	136	53.65
99	4	142	63.75
99	4	145	47.93
99	4	169	36.35
99	4	171	17.76
99	4	180	19.21
99	4	186	18.85
99	4	187	44.21
99	4	201	57.86
99	4	205	49.42
99	4	211	45.76
99	4	229	32.44
99	4	233	48.18
99	4	235	42.54
99	4	244	47.94
99	4	245	15.75
99	4	248	49.30
99	4	252	30.30
99	4	267	53.96
99	4	283	37.14
99	4	296	26.06
99	4	320	40.42
99	4	325	43.72
99	4	346	26.04
99	4	358	23.31
99	4	370	19.93
99	4	377	37.06
99	4	387	53.39
99	4	389	35.94
99	4,39	38	66.39
99	4,39	48	62.85
99	4,39	104	35.42
99	4,39	125	65.94
99	4,39	136	80.62
99	4,39	145	71.92
99	4,39	169	61.41
99	4,39	205	75.18
99	4,39	211	69.92
99	4,39	244	72.51
99	4,39	245	38.80
99	4,39	248	71.07
99	4,39	252	55.23
99	4,39	358	47.42
99	4,39	377	61.28
99	4,39	387	77.62
99	5	4	38.73
99	5	10	41.04
99	5	49	23.69
99	5	52	40.87
99	5	66	46.13
99	5	70	57.25
99	5	75	43.28
99	5	81	59.99
99	5	97	40.89
99	5	110	72.24
99	5	112	41.72
99	5	113	50.90
99	5	134	41.79
99	5	143	26.44
99	5	181	55.69
99	5	185	51.37
99	5	192	58.55
99	5	193	20.03
99	5	194	41.39
99	5	204	43.69
99	5	221	38.73
99	5	230	57.93
99	5	238	51.85
99	5	259	46.72
99	5	271	47.66
99	5	285	35.59
99	5	297	18.46
99	5	298	68.63
99	5	300	54.37
99	5	317	33.85
99	5	332	65.77
99	5	348	56.76
99	5	350	39.66
99	5	351	30.14
99	5	384	48.31
99	5,35	10	64.35
99	5,35	52	65.89
99	5,35	66	64.92
99	5,35	70	80.49
99	5,35	75	67.44
99	5,35	81	74.86
99	5,35	97	64.27
99	5,35	112	64.35
99	5,35	113	75.07
99	5,35	134	62.65
99	5,35	193	41.24
99	5,35	194	61.51
99	5,35	238	67.06
99	5,35	271	67.68
99	5,35	285	59.37
99	5,35	297	39.31
99	5,35	300	72.24
99	5,35	348	79.46
99	5,35	350	66.77
99	5,35	351	54.01
99	5,35	384	70.08
99	6	44	41.87
99	6	53	41.44
99	6	59	49.32
99	6	88	37.48
99	6	89	50.69
99	6	131	36.14
99	6	146	53.11
99	6	167	41.56
99	6	190	74.06
99	6	218	22.92
99	6	246	25.94
99	6	258	22.20
99	6	272	52.97
99	6	276	48.42
99	6,11	44	70.15
99	6,11	53	60.18
99	6,11	146	72.46
99	6,11	167	66.25
99	6,11	190	95.31
99	6,11	258	47.80
99	6,11	276	73.24
99	6,19	44	54.13
99	6,19	53	49.72
99	6,19	146	64.45
99	6,19	167	47.80
99	6,19	190	82.86
99	6,19	218	33.03
99	6,19	258	32.61
99	6,19	276	55.59
99	6,37	44	53.39
99	6,37	53	51.13
99	6,37	88	47.66
99	6,37	131	46.39
99	6,37	146	64.35
99	6,37	167	52.28
99	6,37	190	84.52
99	6,37	218	32.93
99	6,37	246	37.82
99	6,37	258	32.62
99	7	2	23.90
99	7	12	15.04
99	7	23	36.94
99	7	27	33.20
99	7	29	41.65
99	7	33	39.70
99	7	34	68.94
99	7	42	56.07
99	7	76	48.72
99	7	103	39.85
99	7	105	25.27
99	7	118	48.82
99	7	119	52.61
99	7	135	33.63
99	7	156	53.70
99	7	188	46.87
99	7	208	37.99
99	7	213	19.04
99	7	226	47.65
99	7	237	44.76
99	7	286	32.34
99	7	292	24.25
99	7	301	45.49
99	7	306	55.80
99	7	324	36.37
99	7	368	47.10
99	7,8	2	40.63
99	7,8	12	30.38
99	7,8	27	44.48
99	7,8	29	52.28
99	7,8	42	66.90
99	7,8	118	59.44
99	7,8	226	57.44
99	7,8	286	43.37
99	7,8	292	39.44
99	7,8	306	66.27
99	7,8	368	57.56
99	7,36	33	49.30
99	7,36	42	74.77
99	7,36	156	68.85
99	7,36	213	28.86
99	7,36	226	63.65
99	7,36	286	47.24
99	7,36	292	54.37
99	8	2	23.93
99	8	12	15.11
99	8	27	34.07
99	8	29	41.45
99	8	34	70.62
99	8	42	58.17
99	8	118	53.04
99	8	119	53.79
99	8	188	47.61
99	8	226	48.21
99	8	237	45.97
99	8	286	34.59
99	8	292	27.55
99	8	306	58.06
99	8	368	37.87
99	8,27	2	38.32
99	8,27	12	25.34
99	8,27	27	47.25
99	8,27	29	55.11
99	8,27	42	72.99
99	8,27	118	67.97
99	8,27	286	46.17
99	8,27	306	72.66
99	8,27	368	57.69
99	8,36	42	78.66
99	8,36	226	66.79
99	8,36	286	51.11
99	8,36	292	52.44
99	9	44	44.92
99	9	53	41.41
99	9	86	66.99
99	9	144	56.46
99	9	146	60.01
99	9	167	44.04
99	9	190	71.90
99	9	258	23.94
99	9	272	47.99
99	9	276	46.27
99	9,11	44	54.89
99	9,11	53	48.69
99	9,11	144	66.04
99	9,11	146	69.39
99	9,11	167	52.21
99	9,11	190	81.14
99	9,11	258	48.55
99	9,11	276	56.92
99	9,19	44	73.13
99	9,19	53	64.72
99	9,19	146	80.92
99	9,19	167	59.35
99	9,19	190	92.23
99	9,19	258	44.25
99	9,19	276	68.44
99	9,22	44	60.65
99	9,22	258	45.38
99	10	3	23.89
99	10	15	42.30
99	10	50	25.83
99	10	99	59.99
99	10	110	73.80
99	10	132	47.77
99	10	137	25.54
99	10	147	55.86
99	10	149	31.28
99	10	199	47.68
99	10	253	23.65
99	10	312	22.89
99	10	328	48.23
99	10	356	47.18
99	10	382	45.96
99	10	392	37.77
99	10,23	3	39.37
99	10,23	15	57.61
99	10,23	50	40.62
99	10,23	132	55.94
99	10,23	137	43.55
99	10,23	147	70.69
99	10,23	149	47.06
99	10,23	253	38.41
99	10,23	312	38.18
99	10,23	328	63.90
99	10,23	382	61.72
99	10,23	392	52.94
99	10,48	15	59.07
99	10,48	50	42.39
99	10,48	137	52.18
99	10,48	253	42.13
99	10,48	312	41.92
99	10,48	328	68.44
99	11	30	50.08
99	11	44	40.99
99	11	53	36.87
99	11	59	47.07
99	11	71	41.70
99	11	86	63.32
99	11	144	52.70
99	11	146	55.66
99	11	167	39.17
99	11	190	68.23
99	11	206	64.63
99	11	258	20.56
99	11	276	43.52
99	11,19	44	67.52
99	11,19	53	57.86
99	11,19	146	72.76
99	11,19	167	55.08
99	11,19	190	92.77
99	11,19	258	45.25
99	11,19	276	70.52
99	11,37	44	63.14
99	11,37	53	61.72
99	11,37	146	72.99
99	11,37	167	68.30
99	11,37	190	97.34
99	11,37	258	49.87
99	12	6	44.51
99	12	44	42.08
99	12	56	45.21
99	12	59	44.62
99	12	88	32.46
99	12	89	56.48
99	12	118	44.46
99	12	131	37.10
99	12	218	22.24
99	12	242	38.38
99	12	246	26.41
99	12	258	25.69
99	12	272	54.25
99	12	313	54.49
99	12,16	6	67.83
99	12,16	44	65.73
99	12,16	56	73.59
99	12,16	88	53.18
99	12,16	89	78.55
99	12,16	118	75.28
99	12,16	131	58.70
99	12,16	218	42.83
99	12,16	242	60.42
99	12,16	246	48.32
99	12,16	258	47.61
99	12,16	313	78.04
99	12,22	44	59.68
99	12,22	56	69.75
99	12,22	88	51.72
99	12,22	89	73.99
99	12,22	118	76.46
99	12,22	131	55.68
99	12,22	218	40.41
99	12,22	242	58.73
99	12,22	246	45.03
99	12,22	258	44.76
99	12,22	313	74.77
99	12,29	6	64.85
99	12,29	44	62.80
99	12,29	56	71.11
99	12,29	88	51.69
99	12,29	89	75.80
99	12,29	118	74.34
99	12,29	131	56.01
99	12,29	218	41.07
99	12,29	242	58.34
99	12,29	246	45.73
99	12,29	258	45.15
99	12,29	313	75.85
99	12,51	44	55.10
99	12,51	88	45.52
99	12,51	89	68.46
99	12,51	131	48.76
99	12,51	218	35.14
99	12,51	242	50.56
99	12,51	258	39.24
99	13	4	38.93
99	13	14	25.97
99	13	30	56.65
99	13	45	47.86
99	13	84	47.73
99	13	87	32.62
99	13	139	59.70
99	13	144	56.97
99	13	181	52.75
99	13	194	42.56
99	13	204	42.37
99	13	206	69.65
99	13	230	55.48
99	13	298	54.39
99	13,28	4	56.45
99	13,28	14	42.70
99	13,28	30	77.41
99	13,28	45	66.03
99	13,28	84	67.72
99	13,28	87	48.10
99	13,28	139	75.04
99	13,28	144	80.30
99	13,28	194	63.49
99	13,28	204	61.93
99	13,28	230	76.07
99	13,30	4	59.92
99	13,30	14	44.10
99	13,30	30	77.73
99	13,30	45	71.06
99	13,30	84	68.06
99	13,30	87	49.46
99	13,30	139	82.79
99	13,30	144	81.00
99	13,30	194	63.87
99	13,30	204	68.35
99	13,30	230	83.06
99	13,49	4	46.73
99	13,49	14	35.82
99	13,49	30	64.15
99	13,49	84	59.39
99	13,49	87	41.75
99	13,49	139	72.69
99	13,49	144	65.31
99	13,49	194	50.15
99	13,49	204	50.76
99	13,49	230	63.79
99	14	4	40.89
99	14	66	50.92
99	14	70	61.04
99	14	75	38.03
99	14	84	47.85
99	14	97	42.48
99	14	110	72.25
99	14	112	45.86
99	14	139	67.80
99	14	181	56.00
99	14	193	24.52
99	14	194	43.30
99	14	204	44.32
99	14	230	59.61
99	14	238	52.58
99	14	271	51.25
99	14	298	68.49
99	14	328	53.79
99	14	332	65.92
99	14	334	33.77
99	14	348	60.38
99	14	384	51.14
99	14,47	4	54.27
99	14,47	84	70.03
99	14,47	139	91.03
99	14,47	194	56.62
99	14,47	204	71.07
99	14,47	230	87.49
99	14,47	334	58.96
99	15	8	20.56
99	15	9	19.85
99	15	64	23.87
99	15	77	23.07
99	15	85	56.35
99	15	90	25.55
99	15	91	31.97
99	15	93	51.76
99	15	96	56.46
99	15	100	40.54
99	15	107	48.58
99	15	123	20.15
99	15	128	36.49
99	15	138	29.54
99	15	158	55.44
99	15	161	56.94
99	15	164	67.24
99	15	166	36.79
99	15	168	45.49
99	15	173	63.04
99	15	175	37.17
99	15	183	19.55
99	15	203	37.35
99	15	215	40.04
99	15	228	27.15
99	15	231	45.24
99	15	256	53.80
99	15	270	51.14
99	15	289	49.92
99	15	291	23.58
99	15	293	47.87
99	15	310	33.96
99	15	323	50.38
99	15	326	24.85
99	15	329	20.18
99	15	330	36.35
99	15	331	53.46
99	15	352	48.68
99	15	363	34.03
99	15,20	64	45.56
99	15,20	90	45.27
99	15,20	96	68.32
99	15,20	100	67.59
99	15,20	128	54.30
99	15,20	228	51.13
99	15,20	231	66.10
99	15,20	293	59.17
99	15,20	329	38.21
99	15,20	331	70.38
99	15,20	352	63.41
99	16	6	45.32
99	16	44	43.14
99	16	56	53.38
99	16	59	45.72
99	16	88	33.51
99	16	89	57.62
99	16	118	40.90
99	16	131	38.25
99	16	218	23.28
99	16	242	39.35
99	16	246	27.35
99	16	258	26.63
99	16	272	55.23
99	16	313	60.56
99	16,29	6	56.24
99	16,29	44	54.28
99	16,29	56	64.83
99	16,29	88	44.46
99	16,29	89	68.48
99	16,29	118	64.90
99	16,29	131	49.27
99	16,29	218	34.06
99	16,29	242	50.73
99	16,29	246	38.28
99	16,29	258	37.56
99	16,29	313	71.17
99	16,33	6	64.31
99	16,33	44	58.27
99	16,33	56	70.38
99	16,33	88	49.00
99	16,33	89	71.46
99	16,33	118	61.90
99	16,33	131	51.61
99	16,33	218	38.66
99	16,33	242	56.72
99	16,33	246	41.39
99	16,33	258	42.58
99	16,33	313	73.32
99	16,41	6	68.63
99	16,41	44	62.48
99	16,41	56	73.97
99	16,41	88	51.73
99	16,41	89	75.46
99	16,41	118	71.77
99	16,41	131	55.54
99	16,41	218	42.28
99	16,41	242	60.61
99	16,41	246	45.39
99	16,41	258	46.58
99	16,41	313	76.51
99	17	5	37.83
99	17	11	47.18
99	17	17	18.59
99	17	23	43.97
99	17	26	28.51
99	17	32	19.61
99	17	39	66.61
99	17	40	19.44
99	17	54	46.59
99	17	58	16.92
99	17	60	19.10
99	17	69	56.23
99	17	72	19.35
99	17	73	31.75
99	17	95	29.76
99	17	101	42.39
99	17	114	50.48
99	17	130	23.20
99	17	148	56.42
99	17	159	52.39
99	17	162	42.73
99	17	172	45.24
99	17	195	55.65
99	17	234	25.24
99	17	240	59.07
99	17	241	32.45
99	17	243	59.68
99	17	260	20.31
99	17	280	39.69
99	17	284	24.51
99	17	306	50.90
99	17	319	54.42
99	17	340	20.87
99	17	349	21.70
99	17	353	20.08
99	17	368	48.90
99	17	375	18.04
99	17	378	22.79
99	17,44	5	50.24
99	17,44	17	31.32
99	17,44	23	56.87
99	17,44	26	47.17
99	17,44	32	32.58
99	17,44	40	32.49
99	17,44	58	29.68
99	17,44	60	31.96
99	17,44	69	68.87
99	17,44	72	32.21
99	17,44	73	44.30
99	17,44	95	39.94
99	17,44	130	36.35
99	17,44	159	65.37
99	17,44	162	55.89
99	17,44	172	57.96
99	17,44	234	37.96
99	17,44	241	46.20
99	17,44	260	33.03
99	17,44	280	52.32
99	17,44	284	37.42
99	17,44	306	63.41
99	17,44	319	67.13
99	17,44	340	34.13
99	17,44	349	34.62
99	17,44	353	33.00
99	17,44	368	61.51
99	17,44	375	30.82
99	17,44	378	36.14
99	18	23	34.34
99	18	27	37.44
99	18	33	35.04
99	18	42	58.73
99	18	76	42.85
99	18	119	52.63
99	18	156	50.07
99	18	165	41.92
99	18	213	16.00
99	18	226	49.08
99	18	286	26.20
99	18	292	24.92
99	18	299	51.37
99	18	357	26.99
99	18	360	28.17
99	18	364	31.25
99	18	367	40.48
99	18,36	33	62.39
99	18,36	42	78.61
99	18,36	156	70.49
99	18,36	213	32.54
99	18,36	226	66.90
99	18,36	286	48.27
99	18,36	292	55.03
99	19	44	41.46
99	19	53	39.07
99	19	59	48.45
99	19	86	65.86
99	19	146	52.58
99	19	167	29.80
99	19	190	71.14
99	19	218	21.99
99	19	258	21.06
99	19	272	50.20
99	19	276	43.44
99	19,37	44	56.30
99	19,37	53	51.28
99	19,37	146	64.15
99	19,37	167	48.83
99	19,37	190	84.82
99	19,37	218	34.85
99	19,37	258	34.61
99	20	24	49.75
99	20	48	42.62
99	20	64	25.87
99	20	65	71.69
99	20	90	26.34
99	20	93	57.10
99	20	96	54.25
99	20	100	45.07
99	20	104	18.37
99	20	115	35.39
99	20	128	37.17
99	20	145	52.72
99	20	151	36.32
99	20	160	37.55
99	20	161	55.72
99	20	173	65.20
99	20	177	44.82
99	20	224	49.82
99	20	228	30.93
99	20	231	48.13
99	20	244	58.96
99	20	267	58.55
99	20	293	43.41
99	20	303	21.61
99	20	329	21.38
99	20	331	53.08
99	20	352	48.39
99	20	369	44.70
99	20,32	64	39.65
99	20,32	90	39.28
99	20,32	96	65.72
99	20,32	100	62.82
99	20,32	104	28.59
99	20,32	128	48.90
99	20,32	151	49.56
99	20,32	177	55.77
99	20,32	228	42.89
99	20,32	231	60.41
99	20,32	244	70.97
99	20,32	293	54.11
99	20,32	329	31.87
99	20,32	331	65.59
99	20,32	352	60.44
99	20,32	369	55.86
99	20,39	48	52.65
99	20,39	104	36.77
99	20,39	145	71.87
99	20,39	244	70.38
99	20,39	352	63.61
99	20,50	64	42.85
99	20,50	90	42.48
99	20,50	96	65.99
99	20,50	100	69.07
99	20,50	104	31.73
99	20,50	115	49.25
99	20,50	128	52.08
99	20,50	145	65.30
99	20,50	151	52.79
99	20,50	160	50.35
99	20,50	177	57.00
99	20,50	228	47.93
99	20,50	231	61.25
99	20,50	244	71.89
99	20,50	293	55.27
99	20,50	329	36.06
99	20,50	331	66.87
99	20,50	352	58.59
99	20,50	369	57.01
99	21	1	35.76
99	21	18	12.97
99	21	24	44.62
99	21	28	37.27
99	21	62	31.54
99	21	64	17.87
99	21	65	63.14
99	21	82	16.61
99	21	90	13.97
99	21	98	12.90
99	21	102	22.51
99	21	115	28.49
99	21	117	12.23
99	21	122	29.14
99	21	124	44.79
99	21	127	11.94
99	21	150	40.42
99	21	151	22.08
99	21	152	19.97
99	21	160	35.89
99	21	161	37.18
99	21	166	26.69
99	21	173	51.31
99	21	174	16.52
99	21	176	16.25
99	21	177	34.96
99	21	207	48.10
99	21	216	17.42
99	21	219	15.11
99	21	220	32.31
99	21	224	45.52
99	21	227	12.32
99	21	250	10.75
99	21	254	40.31
99	21	264	18.18
99	21	269	39.34
99	21	274	31.92
99	21	281	16.69
99	21	282	12.68
99	21	288	17.10
99	21	303	13.72
99	21	304	12.10
99	21	311	21.49
99	21	315	15.08
99	21	321	23.99
99	21	322	42.38
99	21	323	50.59
99	21	326	15.79
99	21	337	40.99
99	21	343	31.06
99	21	354	30.99
99	21	355	40.03
99	21	359	42.18
99	21	365	14.46
99	21	369	42.65
99	21	373	44.35
99	21	376	19.68
99	21	380	35.23
99	21	383	14.39
99	21	386	12.66
99	21	388	19.28
99	21	390	19.69
99	21,26	18	27.27
99	21,26	28	49.93
99	21,26	62	40.41
99	21,26	64	33.68
99	21,26	82	30.10
99	21,26	90	28.06
99	21,26	98	27.72
99	21,26	102	41.25
99	21,26	115	40.70
99	21,26	117	27.85
99	21,26	122	43.77
99	21,26	124	59.23
99	21,26	127	26.62
99	21,26	151	37.52
99	21,26	152	30.52
99	21,26	160	47.83
99	21,26	166	38.85
99	21,26	174	31.65
99	21,26	176	32.20
99	21,26	177	47.41
99	21,26	216	32.32
99	21,26	219	29.21
99	21,26	220	46.18
99	21,26	227	27.49
99	21,26	250	24.08
99	21,26	264	33.83
99	21,26	269	53.34
99	21,26	274	47.79
99	21,26	281	32.51
99	21,26	282	27.27
99	21,26	288	31.52
99	21,26	303	26.51
99	21,26	304	26.55
99	21,26	311	35.59
99	21,26	315	30.31
99	21,26	321	38.79
99	21,26	322	55.80
99	21,26	326	29.28
99	21,26	343	45.21
99	21,26	354	43.89
99	21,26	355	54.11
99	21,26	365	30.49
99	21,26	369	55.37
99	21,26	373	58.59
99	21,26	376	34.32
99	21,26	380	49.39
99	21,26	383	27.28
99	21,26	386	27.18
99	21,26	388	33.62
99	21,26	390	33.79
99	21,40	124	50.63
99	21,40	152	46.96
99	21,40	250	33.08
99	21,40	304	35.41
99	22	44	41.65
99	22	56	54.00
99	22	59	46.42
99	22	88	34.11
99	22	89	57.37
99	22	118	47.51
99	22	131	36.86
99	22	218	22.58
99	22	242	39.62
99	22	246	25.90
99	22	258	25.63
99	22	272	55.73
99	22	313	61.39
99	23	3	25.07
99	23	15	43.14
99	23	37	40.56
99	23	49	26.07
99	23	50	27.89
99	23	67	41.34
99	23	99	61.66
99	23	109	58.87
99	23	110	75.11
99	23	132	43.72
99	23	133	43.24
99	23	137	25.31
99	23	147	57.15
99	23	149	32.31
99	23	189	61.92
99	23	191	44.18
99	23	199	48.70
99	23	239	46.42
99	23	249	35.63
99	23	253	25.04
99	23	261	52.94
99	23	268	23.52
99	23	273	36.90
99	23	279	30.23
99	23	308	44.89
99	23	312	25.14
99	23	328	49.37
99	23	333	37.32
99	23	339	37.68
99	23	342	36.89
99	23	356	47.54
99	23	382	47.87
99	23	392	38.83
99	23,25	50	49.44
99	23,25	67	52.99
99	23,25	137	42.00
99	23,25	147	64.35
99	23,25	253	46.44
99	23,25	268	52.68
99	23,25	279	42.15
99	23,25	312	46.99
99	23,25	333	64.82
99	23,25	342	61.21
99	23,25	382	58.93
99	23,48	15	55.97
99	23,48	50	39.69
99	23,48	137	43.34
99	23,48	253	39.51
99	23,48	312	39.49
99	23,48	328	63.69
99	24	8	18.73
99	24	9	17.41
99	24	64	22.17
99	24	77	20.77
99	24	85	55.01
99	24	91	29.58
99	24	93	49.55
99	24	96	54.52
99	24	100	49.48
99	24	107	47.27
99	24	123	18.31
99	24	128	34.03
99	24	138	27.30
99	24	158	52.62
99	24	164	65.70
99	24	166	35.46
99	24	168	42.92
99	24	173	61.41
99	24	175	34.83
99	24	183	17.48
99	24	203	43.38
99	24	214	27.46
99	24	215	30.32
99	24	228	24.66
99	24	231	43.25
99	24	256	51.63
99	24	270	47.87
99	24	289	55.37
99	24	291	21.31
99	24	293	45.34
99	24	310	27.80
99	24	323	48.39
99	24	329	18.80
99	24	330	33.65
99	24	331	52.03
99	24	363	31.73
99	24,46	8	29.21
99	24,46	9	28.18
99	24,46	64	34.45
99	24,46	91	39.90
99	24,46	96	69.35
99	24,46	100	60.55
99	24,46	123	28.73
99	24,46	128	44.51
99	24,46	138	37.75
99	24,46	166	45.15
99	24,46	168	53.45
99	24,46	175	45.37
99	24,46	203	55.03
99	24,46	214	40.56
99	24,46	215	40.79
99	24,46	228	36.73
99	24,46	231	54.17
99	24,46	256	63.28
99	24,46	270	58.65
99	24,46	289	68.42
99	24,46	291	31.21
99	24,46	293	54.93
99	24,46	329	29.10
99	24,46	330	44.34
99	24,46	331	67.08
99	24,46	363	41.76
99	25	19	37.13
99	25	22	23.15
99	25	36	38.63
99	25	50	26.63
99	25	57	33.07
99	25	67	34.38
99	25	94	58.21
99	25	99	56.00
99	25	126	41.56
99	25	137	22.15
99	25	147	49.93
99	25	157	27.96
99	25	163	40.46
99	25	179	33.13
99	25	182	46.89
99	25	199	43.13
99	25	225	31.11
99	25	239	39.89
99	25	253	19.79
99	25	255	48.75
99	25	261	45.31
99	25	268	23.07
99	25	279	24.73
99	25	290	46.76
99	25	305	53.85
99	25	309	35.30
99	25	312	24.77
99	25	333	43.93
99	25	342	38.63
99	25	356	48.63
99	25	382	42.04
99	26	1	36.11
99	26	18	13.73
99	26	24	44.92
99	26	28	37.62
99	26	62	31.76
99	26	64	18.31
99	26	65	63.54
99	26	82	16.99
99	26	90	14.66
99	26	98	13.93
99	26	102	24.99
99	26	115	28.82
99	26	117	13.13
99	26	122	29.58
99	26	124	42.86
99	26	127	12.94
99	26	150	40.83
99	26	151	22.69
99	26	152	18.83
99	26	160	36.20
99	26	161	35.49
99	26	166	27.01
99	26	173	51.69
99	26	174	17.04
99	26	176	16.75
99	26	177	35.28
99	26	207	48.46
99	26	216	17.87
99	26	219	15.52
99	26	220	32.94
99	26	224	45.92
99	26	227	13.30
99	26	250	11.62
99	26	254	39.25
99	26	264	18.62
99	26	269	39.73
99	26	274	32.39
99	26	281	17.20
99	26	282	13.68
99	26	288	17.52
99	26	303	14.17
99	26	304	12.99
99	26	311	21.90
99	26	315	15.56
99	26	321	24.42
99	26	322	42.76
99	26	323	50.94
99	26	326	16.21
99	26	337	41.73
99	26	343	31.49
99	26	354	31.49
99	26	355	40.93
99	26	359	43.11
99	26	365	15.15
99	26	369	43.00
99	26	373	44.76
99	26	376	20.61
99	26	380	37.10
99	26	383	14.94
99	26	386	13.49
99	26	388	19.93
99	26	390	20.10
99	26,40	124	52.75
99	26,40	152	44.70
99	26,40	250	34.79
99	26,40	304	37.68
99	27	2	21.10
99	27	12	12.30
99	27	23	39.04
99	27	26	33.63
99	27	27	36.61
99	27	29	36.13
99	27	34	67.37
99	27	42	53.21
99	27	51	21.85
99	27	103	39.13
99	27	105	23.96
99	27	114	47.69
99	27	118	49.00
99	27	119	54.51
99	27	135	27.14
99	27	153	23.23
99	27	159	40.96
99	27	188	45.21
99	27	208	30.59
99	27	237	46.70
99	27	286	34.10
99	27	301	40.82
99	27	306	53.51
99	27	307	38.45
99	27	313	54.65
99	27	324	32.14
99	27	349	19.82
99	27	368	39.14
99	28	4	39.18
99	28	14	25.79
99	28	30	56.90
99	28	45	48.17
99	28	84	47.76
99	28	87	34.21
99	28	139	52.39
99	28	144	57.27
99	28	181	53.04
99	28	194	42.83
99	28	204	42.70
99	28	206	69.92
99	28	230	55.85
99	28	298	57.45
99	28,30	4	60.65
99	28,30	14	46.45
99	28,30	30	78.49
99	28,30	45	71.89
99	28,30	84	68.56
99	28,30	87	53.48
99	28,30	139	76.06
99	28,30	144	81.82
99	28,30	194	64.63
99	28,30	204	69.24
99	28,30	230	84.04
99	28,49	4	53.82
99	28,49	14	39.77
99	28,49	30	69.21
99	28,49	84	59.63
99	28,49	87	45.62
99	28,49	139	76.55
99	28,49	144	73.00
99	28,49	194	57.55
99	28,49	204	60.37
99	28,49	230	74.45
99	29	6	44.49
99	29	44	42.10
99	29	56	52.66
99	29	59	45.99
99	29	88	33.76
99	29	89	56.62
99	29	118	53.94
99	29	131	37.27
99	29	218	23.28
99	29	242	39.15
99	29	246	26.68
99	29	258	26.10
99	29	272	55.20
99	29	313	59.76
99	29,33	6	54.18
99	29,33	44	57.52
99	29,33	56	70.01
99	29,33	88	48.63
99	29,33	89	70.86
99	29,33	118	61.01
99	29,33	131	51.04
99	29,33	218	38.30
99	29,33	242	56.18
99	29,33	246	40.80
99	29,33	258	41.99
99	29,33	313	73.21
99	30	4	39.80
99	30	14	26.11
99	30	30	57.55
99	30	45	48.92
99	30	84	48.08
99	30	87	33.89
99	30	139	62.18
99	30	144	58.01
99	30	181	53.77
99	30	194	43.48
99	30	204	43.55
99	30	206	70.61
99	30	230	56.79
99	30	298	63.37
99	30,49	4	54.13
99	30,49	14	39.77
99	30,49	30	71.49
99	30,49	84	60.27
99	30,49	87	51.20
99	30,49	139	81.21
99	30,49	144	74.11
99	30,49	194	57.86
99	30,49	204	60.79
99	30,49	230	74.90
99	31	6	39.28
99	31	29	45.73
99	31	56	47.62
99	31	59	38.66
99	31	83	19.69
99	31	88	26.66
99	31	89	50.56
99	31	92	21.21
99	31	103	34.07
99	31	108	38.70
99	31	118	47.92
99	31	131	31.08
99	31	170	29.65
99	31	202	29.51
99	31	218	18.03
99	31	242	34.14
99	31	247	35.42
99	31	251	37.82
99	31	266	36.92
99	31	272	50.18
99	31	287	48.83
99	31	313	53.31
99	31	345	44.51
99	31	361	17.32
99	31	372	38.45
99	31,45	6	52.85
99	31,45	29	56.41
99	31,45	56	60.82
99	31,45	83	31.56
99	31,45	88	34.87
99	31,45	89	62.07
99	31,45	92	33.35
99	31,45	103	46.08
99	31,45	108	49.20
99	31,45	118	59.23
99	31,45	131	40.46
99	31,45	170	42.51
99	31,45	202	42.08
99	31,45	218	29.79
99	31,45	242	47.37
99	31,45	247	44.72
99	31,45	266	50.82
99	31,45	313	60.06
99	31,45	361	32.59
99	31,45	372	48.61
99	32	1	38.45
99	32	7	44.59
99	32	8	16.11
99	32	9	16.80
99	32	16	22.99
99	32	20	17.01
99	32	46	16.41
99	32	47	17.99
99	32	64	16.97
99	32	68	14.14
99	32	90	19.10
99	32	91	29.51
99	32	93	49.39
99	32	96	50.86
99	32	100	47.79
99	32	102	33.01
99	32	104	15.46
99	32	106	16.18
99	32	111	29.99
99	32	116	19.77
99	32	120	18.28
99	32	123	14.79
99	32	128	30.61
99	32	138	25.32
99	32	140	30.79
99	32	141	22.45
99	32	150	39.54
99	32	151	28.62
99	32	158	52.70
99	32	161	50.83
99	32	166	32.00
99	32	168	39.11
99	32	173	59.63
99	32	174	21.80
99	32	175	32.77
99	32	176	19.13
99	32	177	40.54
99	32	180	19.79
99	32	184	19.99
99	32	207	45.69
99	32	209	18.82
99	32	212	22.59
99	32	214	23.25
99	32	215	31.06
99	32	216	16.38
99	32	219	16.06
99	32	223	16.41
99	32	228	19.39
99	32	231	42.32
99	32	244	54.14
99	32	248	45.77
99	32	256	47.11
99	32	257	37.27
99	32	264	17.11
99	32	270	48.14
99	32	275	18.14
99	32	277	15.69
99	32	278	16.32
99	32	281	18.70
99	32	288	14.11
99	32	293	41.65
99	32	314	20.42
99	32	321	28.00
99	32	323	47.63
99	32	327	31.03
99	32	329	12.46
99	32	330	33.68
99	32	331	48.45
99	32	336	33.56
99	32	338	17.31
99	32	341	17.85
99	32	344	22.07
99	32	346	23.45
99	32	352	47.30
99	32	363	31.62
99	32	369	40.66
99	32	371	13.61
99	32	379	13.80
99	32	381	28.66
99	32	385	19.39
99	32,46	7	51.46
99	32,46	8	23.21
99	32,46	9	24.06
99	32,46	16	31.65
99	32,46	20	24.25
99	32,46	46	23.61
99	32,46	47	27.18
99	32,46	64	26.92
99	32,46	68	23.46
99	32,46	90	28.13
99	32,46	91	37.75
99	32,46	96	58.80
99	32,46	100	58.24
99	32,46	102	39.03
99	32,46	104	22.90
99	32,46	106	23.76
99	32,46	111	41.01
99	32,46	116	28.27
99	32,46	120	28.39
99	32,46	123	21.80
99	32,46	128	38.51
99	32,46	138	33.76
99	32,46	140	39.28
99	32,46	141	32.06
99	32,46	166	40.00
99	32,46	168	47.61
99	32,46	174	31.89
99	32,46	175	41.06
99	32,46	176	28.38
99	32,46	180	28.68
99	32,46	184	28.37
99	32,46	209	29.42
99	32,46	212	31.27
99	32,46	214	30.11
99	32,46	215	38.45
99	32,46	216	25.21
99	32,46	219	24.63
99	32,46	223	24.80
99	32,46	228	27.13
99	32,46	231	50.59
99	32,46	244	62.37
99	32,46	248	52.72
99	32,46	256	56.28
99	32,46	257	46.01
99	32,46	264	26.80
99	32,46	270	56.27
99	32,46	275	25.94
99	32,46	277	23.76
99	32,46	278	24.00
99	32,46	281	27.55
99	32,46	288	22.87
99	32,46	293	49.38
99	32,46	314	28.42
99	32,46	327	39.04
99	32,46	329	20.76
99	32,46	330	42.17
99	32,46	331	57.80
99	32,46	338	25.99
99	32,46	341	25.63
99	32,46	344	29.73
99	32,46	346	32.20
99	32,46	352	55.48
99	32,46	363	39.77
99	32,46	371	22.86
99	32,46	379	21.76
99	32,46	381	38.86
99	32,46	385	26.92
99	32,50	8	29.92
99	32,50	9	30.96
99	32,50	16	37.55
99	32,50	47	32.21
99	32,50	64	32.70
99	32,50	68	29.25
99	32,50	90	33.94
99	32,50	96	62.76
99	32,50	100	61.77
99	32,50	102	44.31
99	32,50	104	27.24
99	32,50	106	32.35
99	32,50	111	46.96
99	32,50	116	35.75
99	32,50	120	32.93
99	32,50	123	28.52
99	32,50	128	44.41
99	32,50	138	39.07
99	32,50	140	43.86
99	32,50	151	43.75
99	32,50	168	52.99
99	32,50	174	38.39
99	32,50	176	34.63
99	32,50	177	59.10
99	32,50	180	34.10
99	32,50	209	36.85
99	32,50	212	37.54
99	32,50	214	36.69
99	32,50	216	31.10
99	32,50	219	30.23
99	32,50	223	32.31
99	32,50	228	35.00
99	32,50	231	56.61
99	32,50	244	68.21
99	32,50	248	63.96
99	32,50	264	32.65
99	32,50	275	33.30
99	32,50	277	27.89
99	32,50	278	30.49
99	32,50	281	34.00
99	32,50	288	28.52
99	32,50	293	54.39
99	32,50	321	42.31
99	32,50	327	44.93
99	32,50	329	26.06
99	32,50	330	47.70
99	32,50	331	68.45
99	32,50	338	31.11
99	32,50	344	37.62
99	32,50	346	37.00
99	32,50	352	61.18
99	32,50	369	53.23
99	32,50	371	29.03
99	32,50	379	27.97
99	32,50	381	52.21
99	33	6	35.68
99	33	13	16.31
99	33	44	29.62
99	33	56	44.96
99	33	59	37.07
99	33	61	46.85
99	33	63	26.70
99	33	83	14.34
99	33	88	24.07
99	33	89	44.70
99	33	92	14.94
99	33	103	30.00
99	33	108	33.10
99	33	118	34.01
99	33	131	25.37
99	33	170	21.99
99	33	202	28.37
99	33	218	13.76
99	33	222	37.38
99	33	232	36.23
99	33	242	30.13
99	33	246	14.66
99	33	247	28.01
99	33	258	15.85
99	33	262	19.83
99	33	266	30.83
99	33	272	47.13
99	33	287	47.82
99	33	302	32.10
99	33	313	50.85
99	33	335	43.01
99	33	361	17.14
99	33	372	32.59
99	33	391	21.93
99	34	25	48.37
99	34	31	45.41
99	34	35	24.94
99	34	38	42.00
99	34	41	34.93
99	34	74	29.97
99	34	78	27.73
99	34	79	39.13
99	34	121	36.23
99	34	125	39.72
99	34	129	44.03
99	34	142	67.82
99	34	154	16.66
99	34	169	43.76
99	34	171	24.01
99	34	187	44.66
99	34	196	29.51
99	34	198	50.39
99	34	200	56.04
99	34	201	52.11
99	34	205	58.11
99	34	210	51.17
99	34	217	33.30
99	34	229	30.75
99	34	233	47.51
99	34	245	16.17
99	34	252	28.72
99	34	265	64.38
99	34	283	35.99
99	34	294	27.59
99	34	295	23.46
99	34	296	29.10
99	34	320	35.13
99	34	325	49.17
99	34	347	32.07
99	34	358	30.72
99	34	374	16.76
99	34	377	46.15
99	34	387	52.96
99	34	389	44.11
99	34,38	38	55.39
99	34,38	41	48.58
99	34,38	74	40.03
99	34,38	78	37.99
99	34,38	79	52.08
99	34,38	121	47.34
99	34,38	125	54.06
99	34,38	129	59.15
99	34,38	154	29.49
99	34,38	169	57.21
99	34,38	171	36.30
99	34,38	187	58.03
99	34,38	196	41.65
99	34,38	205	70.27
99	34,38	210	65.73
99	34,38	217	45.41
99	34,38	229	45.31
99	34,38	233	61.46
99	34,38	245	29.03
99	34,38	252	42.79
99	34,38	294	38.79
99	34,38	295	39.24
99	34,38	296	40.30
99	34,38	320	58.46
99	34,38	347	45.97
99	34,38	358	41.06
99	34,38	374	29.27
99	34,38	377	57.83
99	34,38	387	66.61
99	35	10	42.42
99	35	52	40.58
99	35	66	41.87
99	35	70	57.80
99	35	71	29.85
99	35	75	45.75
99	35	81	60.01
99	35	97	41.72
99	35	110	73.15
99	35	112	42.10
99	35	113	49.99
99	35	134	41.85
99	35	178	41.25
99	35	185	50.38
99	35	193	17.89
99	35	194	40.94
99	35	221	40.39
99	35	238	53.58
99	35	259	47.51
99	35	271	45.94
99	35	285	35.65
99	35	297	17.66
99	35	298	65.58
99	35	300	57.87
99	35	332	65.79
99	35	345	41.37
99	35	348	57.44
99	35	350	41.86
99	35	351	31.34
99	35	366	41.30
99	35	384	48.14
99	36	33	42.94
99	36	42	68.62
99	36	155	64.48
99	36	156	62.48
99	36	213	22.68
99	36	226	57.79
99	36	236	36.21
99	36	286	40.87
99	36	292	42.89
99	36,42	33	58.20
99	36,42	42	83.75
99	36,42	156	78.87
99	36,42	213	38.14
99	36,42	226	71.83
99	36,42	286	56.70
99	36,42	292	55.97
99	36,43	33	58.72
99	36,43	42	84.13
99	36,43	156	75.87
99	36,43	213	38.68
99	36,43	226	73.70
99	36,43	286	57.23
99	36,43	292	56.18
99	37	44	41.34
99	37	53	42.99
99	37	80	51.79
99	37	88	37.76
99	37	131	35.62
99	37	146	55.10
99	37	167	42.85
99	37	190	73.32
99	37	218	24.07
99	37	246	25.51
99	37	258	23.94
99	37	272	56.24
99	37,41	44	63.49
99	37,41	88	52.52
99	37,41	131	51.03
99	37,41	218	38.76
99	37,41	246	41.15
99	37,41	258	39.59
99	37,45	88	46.56
99	37,45	131	44.15
99	37,45	218	32.46
99	37,45	246	34.20
99	38	25	49.56
99	38	31	43.13
99	38	38	43.07
99	38	41	34.11
99	38	74	28.68
99	38	78	26.83
99	38	79	37.31
99	38	121	34.54
99	38	125	40.72
99	38	129	44.66
99	38	136	60.75
99	38	142	66.80
99	38	154	17.25
99	38	169	44.21
99	38	171	21.11
99	38	187	45.30
99	38	196	29.70
99	38	200	55.20
99	38	201	49.68
99	38	205	56.69
99	38	210	52.24
99	38	211	38.48
99	38	217	33.51
99	38	229	32.58
99	38	233	48.59
99	38	245	16.59
99	38	252	30.11
99	38	265	63.48
99	38	283	38.86
99	38	294	25.75
99	38	295	23.58
99	38	296	27.85
99	38	320	42.03
99	38	325	49.55
99	38	347	34.18
99	38	358	28.52
99	38	374	17.59
99	38	377	45.24
99	38	387	54.01
99	38	389	42.99
99	39	25	57.70
99	39	31	55.23
99	39	38	52.28
99	39	48	43.99
99	39	104	26.55
99	39	125	50.72
99	39	136	67.75
99	39	142	74.15
99	39	145	60.42
99	39	154	27.72
99	39	169	50.73
99	39	200	61.68
99	39	205	64.25
99	39	211	51.99
99	39	244	58.55
99	39	245	25.85
99	39	248	59.38
99	39	252	40.68
99	39	265	71.34
99	39	283	46.59
99	39	325	46.42
99	39	347	42.37
99	39	352	53.56
99	39	358	35.24
99	39	374	26.96
99	39	377	51.42
99	39	387	62.94
99	40	66	53.10
99	40	70	62.39
99	40	81	65.55
99	40	97	49.86
99	40	110	79.11
99	40	112	45.41
99	40	124	44.96
99	40	134	46.96
99	40	149	34.13
99	40	152	38.90
99	40	178	45.08
99	40	192	66.25
99	40	238	60.28
99	40	250	26.86
99	40	271	51.11
99	40	304	29.73
99	40	318	29.77
99	40	332	73.63
99	40	384	54.86
99	41	6	38.37
99	41	13	18.59
99	41	44	32.18
99	41	56	47.15
99	41	59	39.13
99	41	61	48.99
99	41	63	29.01
99	41	83	16.70
99	41	88	25.39
99	41	89	47.13
99	41	92	17.49
99	41	103	32.49
99	41	108	35.61
99	41	118	44.73
99	41	131	27.76
99	41	170	25.10
99	41	202	31.06
99	41	218	15.97
99	41	222	39.27
99	41	232	38.55
99	41	242	32.49
99	41	246	17.08
99	41	247	30.39
99	41	258	18.27
99	41	262	22.87
99	41	266	34.01
99	41	272	49.49
99	41	287	50.18
99	41	302	35.18
99	41	313	52.80
99	41	335	45.59
99	41	361	20.23
99	41	372	35.63
99	41	391	24.51
99	42	12	11.79
99	42	23	33.39
99	42	27	34.17
99	42	33	35.45
99	42	34	67.06
99	42	42	53.92
99	42	76	38.62
99	42	105	20.65
99	42	114	46.01
99	42	119	50.44
99	42	156	48.73
99	42	165	45.80
99	42	188	42.59
99	42	208	35.39
99	42	213	14.46
99	42	226	44.79
99	42	237	38.63
99	42	286	26.94
99	42	292	28.35
99	42	299	46.90
99	42	306	51.07
99	42	357	21.92
99	42	364	29.08
99	42	368	44.28
99	42,43	12	19.79
99	42,43	23	42.79
99	42,43	27	43.30
99	42,43	33	49.06
99	42,43	42	66.08
99	42,43	76	43.44
99	42,43	105	29.01
99	42,43	156	63.54
99	42,43	165	54.04
99	42,43	208	45.07
99	42,43	213	23.93
99	42,43	226	57.35
99	42,43	286	37.31
99	42,43	292	36.99
99	42,43	306	64.42
99	42,43	357	33.35
99	42,43	364	38.82
99	42,43	368	55.90
99	43	2	23.20
99	43	12	12.66
99	43	23	34.58
99	43	27	35.48
99	43	29	39.69
99	43	33	36.01
99	43	34	68.55
99	43	42	55.06
99	43	76	42.62
99	43	103	39.77
99	43	105	21.06
99	43	114	46.90
99	43	119	51.37
99	43	135	32.00
99	43	156	52.51
99	43	165	46.42
99	43	188	42.83
99	43	208	35.80
99	43	213	16.04
99	43	226	47.32
99	43	237	38.49
99	43	286	29.15
99	43	292	29.23
99	43	301	44.01
99	43	306	53.72
99	43	324	24.92
99	43	357	24.72
99	43	364	30.39
99	43	368	45.21
99	44	5	37.99
99	44	11	47.34
99	44	17	18.75
99	44	23	44.10
99	44	26	27.42
99	44	32	19.79
99	44	39	66.73
99	44	40	19.62
99	44	54	46.75
99	44	58	17.07
99	44	60	19.25
99	44	69	56.34
99	44	72	19.54
99	44	73	31.90
99	44	95	28.41
99	44	101	42.58
99	44	114	50.62
99	44	130	23.38
99	44	148	56.58
99	44	159	52.52
99	44	162	42.92
99	44	172	45.37
99	44	195	55.77
99	44	234	25.41
99	44	240	59.21
99	44	241	35.08
99	44	243	59.77
99	44	260	20.46
99	44	280	39.83
99	44	284	24.68
99	44	306	51.04
99	44	319	54.55
99	44	340	21.06
99	44	349	21.87
99	44	353	20.27
99	44	368	49.06
99	44	375	18.21
99	44	378	22.99
99	45	6	37.07
99	45	29	41.85
99	45	56	45.59
99	45	83	16.66
99	45	88	20.68
99	45	89	47.00
99	45	92	17.35
99	45	103	30.87
99	45	108	32.37
99	45	118	44.63
99	45	131	25.75
99	45	170	23.99
99	45	202	26.10
99	45	218	15.63
99	45	242	32.17
99	45	246	14.73
99	45	247	31.28
99	45	266	33.39
99	45	287	45.69
99	45	313	49.56
99	45	361	15.31
99	45	372	31.20
99	46	7	42.25
99	46	8	13.52
99	46	9	14.10
99	46	16	22.34
99	46	20	14.62
99	46	46	14.25
99	46	47	16.72
99	46	64	16.37
99	46	68	12.93
99	46	90	18.61
99	46	91	28.15
99	46	93	47.94
99	46	96	50.70
99	46	100	47.89
99	46	102	29.66
99	46	104	14.61
99	46	106	12.35
99	46	111	27.17
99	46	116	16.80
99	46	120	16.15
99	46	123	12.18
99	46	128	28.82
99	46	138	25.08
99	46	140	27.17
99	46	141	19.54
99	46	150	38.44
99	46	158	51.23
99	46	161	49.03
99	46	166	32.21
99	46	168	41.59
99	46	173	56.96
99	46	174	21.41
99	46	175	31.25
99	46	176	18.41
99	46	180	18.77
99	46	184	17.11
99	46	203	43.24
99	46	209	17.17
99	46	212	20.59
99	46	214	20.73
99	46	215	27.65
99	46	216	15.73
99	46	219	15.48
99	46	223	13.30
99	46	228	16.04
99	46	231	40.52
99	46	244	52.46
99	46	248	43.68
99	46	256	47.00
99	46	257	35.90
99	46	263	21.65
99	46	264	16.49
99	46	270	46.45
99	46	275	15.24
99	46	277	13.90
99	46	278	14.04
99	46	281	17.94
99	46	288	13.42
99	46	289	48.31
99	46	291	19.35
99	46	293	41.30
99	46	314	18.03
99	46	316	13.48
99	46	323	45.35
99	46	327	29.90
99	46	329	11.94
99	46	330	32.30
99	46	331	46.96
99	46	336	32.62
99	46	338	15.08
99	46	341	15.59
99	46	344	18.73
99	46	346	22.38
99	46	352	45.70
99	46	363	30.45
99	46	371	12.39
99	46	379	11.80
99	46	381	27.51
99	46	385	16.96
99	47	4	41.62
99	47	14	26.72
99	47	30	56.32
99	47	45	48.59
99	47	84	47.44
99	47	87	29.73
99	47	139	65.48
99	47	181	53.45
99	47	194	44.79
99	47	204	42.13
99	47	206	68.37
99	47	230	56.52
99	47	298	62.63
99	47	334	34.52
99	47	362	40.39
99	48	4	34.18
99	48	15	42.62
99	48	50	26.77
99	48	99	59.55
99	48	110	74.08
99	48	137	31.35
99	48	197	31.61
99	48	199	51.14
99	48	204	41.14
99	48	253	26.59
99	48	312	26.03
99	48	328	52.10
99	48	334	27.46
99	48	356	51.65
99	49	4	38.89
99	49	14	26.44
99	49	30	55.80
99	49	75	50.10
99	49	84	37.83
99	49	87	34.61
99	49	139	57.46
99	49	144	58.06
99	49	181	54.31
99	49	194	44.21
99	49	204	42.41
99	49	206	67.83
99	49	230	57.79
99	49	238	52.35
99	49	298	49.76
99	49	334	34.45
99	49	362	32.62
99	50	1	41.45
99	50	8	22.38
99	50	9	23.07
99	50	16	28.32
99	50	43	34.15
99	50	47	20.55
99	50	62	39.35
99	50	64	22.52
99	50	68	21.30
99	50	90	24.63
99	50	93	55.49
99	50	96	52.82
99	50	100	47.87
99	50	102	35.96
99	50	104	18.13
99	50	106	24.06
99	50	111	31.38
99	50	115	36.77
99	50	116	26.79
99	50	120	19.63
99	50	123	21.07
99	50	128	35.14
99	50	138	30.79
99	50	140	29.69
99	50	145	53.01
99	50	150	42.15
99	50	151	34.94
99	50	160	39.08
99	50	161	55.31
99	50	168	45.85
99	50	173	66.20
99	50	174	28.11
99	50	176	24.85
99	50	177	45.20
99	50	180	22.63
99	50	207	51.00
99	50	209	24.82
99	50	212	29.42
99	50	214	26.97
99	50	216	21.99
99	50	219	21.24
99	50	223	23.39
99	50	228	25.96
99	50	231	47.62
99	50	244	58.18
99	50	248	49.37
99	50	264	22.69
99	50	274	36.35
99	50	275	25.01
99	50	277	17.28
99	50	278	22.58
99	50	281	24.35
99	50	288	19.32
99	50	293	44.87
99	50	321	30.99
99	50	323	53.38
99	50	327	37.08
99	50	329	17.62
99	50	330	40.99
99	50	331	52.41
99	50	336	38.85
99	50	338	19.24
99	50	344	29.38
99	50	346	26.10
99	50	352	49.80
99	50	369	43.24
99	50	371	20.34
99	50	376	32.86
99	50	379	20.39
99	50	381	30.85
99	51	44	38.51
99	51	59	46.08
99	51	71	41.93
99	51	88	34.03
99	51	89	48.96
99	51	131	33.18
99	51	146	48.97
99	51	167	35.66
99	51	218	19.06
99	51	242	33.83
99	51	258	18.32
99	51	272	51.62
99	51	276	45.63
