Task=89 Orders=45 Vehicles=463 Scores=1883
89	1	51	16.00
89	1	55	24.37
89	1	72	28.99
89	1	75	41.82
89	1	85	43.86
89	1	86	44.87
89	1	100	34.34
89	1	123	61.90
89	1	124	34.90
89	1	125	46.15
89	1	151	37.07
89	1	200	34.49
89	1	209	38.13
89	1	218	36.62
89	1	245	34.00
89	1	261	52.68
89	1	287	30.23
89	1	302	43.94
89	1	317	33.92
89	1	332	46.49
89	1	348	24.68
89	1	354	15.14
89	1	355	24.18
89	1	362	37.17
89	1	374	66.76
89	1	388	33.87
89	1	399	24.31
89	1	403	36.80
89	1	446	44.68
89	1	454	22.63
89	1,3	51	35.01
89	1,3	55	44.54
89	1,3	72	46.94
89	1,3	75	59.77
89	1,3	85	62.01
89	1,3	100	51.94
89	1,3	124	52.39
89	1,3	125	66.23
89	1,3	151	53.55
89	1,3	209	55.73
89	1,3	287	47.70
89	1,3	302	61.08
89	1,3	317	52.59
89	1,3	332	64.15
89	1,3	348	42.52
89	1,3	354	34.83
89	1,3	355	46.04
89	1,3	362	54.48
89	1,3	399	42.18
89	1,3	454	40.48
89	2	8	50.48
89	2	30	55.48
89	2	44	54.15
89	2	45	49.51
89	2	46	49.27
89	2	59	37.94
89	2	62	46.03
89	2	88	62.68
89	2	89	61.44
89	2	137	50.75
89	2	148	36.80
89	2	219	47.18
89	2	264	36.69
89	2	393	44.27
89	2	428	42.80
89	2,12	8	67.59
89	2,12	30	69.04
89	2,12	44	60.48
89	2,12	46	62.77
89	2,12	59	65.13
89	2,12	62	59.28
89	2,12	88	74.30
89	2,12	89	76.41
89	2,12	148	48.77
89	2,12	219	64.85
89	2,12	264	52.45
89	2,12	428	55.14
89	2,13	8	60.41
89	2,13	59	47.93
89	2,13	62	55.06
89	2,13	88	70.90
89	2,13	89	71.23
89	2,13	148	46.27
89	2,13	219	57.51
89	2,13	264	46.63
89	2,13	393	53.68
89	2,13	428	52.62
89	2,19	45	67.55
89	2,19	46	72.90
89	2,19	219	74.24
89	2,19	428	67.28
89	2,22	8	63.59
89	2,22	45	63.39
89	2,22	46	64.72
89	2,22	59	51.90
89	2,22	62	59.42
89	2,22	88	75.27
89	2,22	89	74.42
89	2,22	148	50.83
89	2,22	219	64.99
89	2,22	264	51.18
89	2,22	393	58.11
89	2,22	428	57.21
89	2,26	8	75.38
89	2,26	45	72.24
89	2,26	46	74.46
89	2,26	59	60.76
89	2,26	62	71.35
89	2,26	88	89.35
89	2,26	89	85.04
89	2,26	148	59.92
89	2,26	219	74.55
89	2,26	264	60.18
89	2,26	393	66.51
89	2,26	428	66.41
89	2,29	8	66.92
89	2,29	59	56.37
89	2,29	62	59.93
89	2,29	88	80.77
89	2,29	89	77.04
89	2,29	148	51.97
89	2,29	219	64.07
89	2,29	264	52.30
89	2,29	393	58.90
89	2,29	428	58.44
89	2,45	45	65.83
89	2,45	46	67.58
89	2,45	59	54.72
89	2,45	88	78.77
89	2,45	89	85.10
89	2,45	148	55.06
89	2,45	219	65.32
89	2,45	428	61.51
89	3	5	45.56
89	3	51	23.10
89	3	55	32.48
89	3	72	34.18
89	3	75	49.75
89	3	85	50.96
89	3	100	40.89
89	3	123	66.70
89	3	124	42.86
89	3	125	56.73
89	3	129	63.68
89	3	151	43.25
89	3	160	25.96
89	3	209	46.61
89	3	218	42.42
89	3	220	45.01
89	3	230	49.82
89	3	232	62.83
89	3	245	37.11
89	3	261	57.68
89	3	265	39.21
89	3	271	20.69
89	3	287	36.30
89	3	302	53.13
89	3	317	37.56
89	3	332	51.00
89	3	335	57.37
89	3	348	34.23
89	3	350	64.79
89	3	354	22.76
89	3	355	35.06
89	3	362	46.59
89	3	372	48.75
89	3	374	71.86
89	3	376	22.54
89	3	388	40.51
89	3	399	31.17
89	3	416	48.87
89	3	446	51.03
89	3	454	32.24
89	3,32	55	57.96
89	3,32	72	55.38
89	3,32	75	72.25
89	3,32	85	72.87
89	3,32	100	63.76
89	3,32	124	65.37
89	3,32	125	80.56
89	3,32	151	63.56
89	3,32	209	68.27
89	3,32	220	64.93
89	3,32	230	70.90
89	3,32	232	81.30
89	3,32	265	55.17
89	3,32	287	56.04
89	3,32	302	72.70
89	3,32	317	61.69
89	3,32	332	72.87
89	3,32	335	75.24
89	3,32	348	55.46
89	3,32	355	58.62
89	3,32	362	65.63
89	3,32	372	63.03
89	3,32	399	55.24
89	3,32	416	69.66
89	3,32	454	53.42
89	4	6	40.99
89	4	31	29.93
89	4	45	34.42
89	4	58	38.89
89	4	66	34.92
89	4	76	30.06
89	4	88	47.17
89	4	89	50.65
89	4	100	37.31
89	4	105	41.31
89	4	162	42.13
89	4	165	61.30
89	4	204	55.99
89	4	232	46.48
89	4	249	44.13
89	4	261	53.37
89	4	288	26.69
89	4	337	28.59
89	4	377	24.18
89	4	388	33.15
89	4	416	45.10
89	4	417	19.72
89	4	422	15.18
89	4	427	26.99
89	4	428	37.28
89	4,28	58	57.10
89	5	6	52.80
89	5	17	21.03
89	5	45	50.01
89	5	46	50.38
89	5	56	24.34
89	5	58	33.55
89	5	59	45.18
89	5	63	63.97
89	5	88	58.46
89	5	105	47.30
89	5	148	37.08
89	5	165	67.04
89	5	186	38.34
89	5	216	73.97
89	5	219	37.46
89	5	307	41.77
89	5	381	60.48
89	5	428	46.72
89	5,12	46	61.86
89	5,12	59	64.54
89	5,12	88	70.23
89	5,12	148	49.97
89	5,12	219	60.28
89	5,12	428	56.35
89	5,15	6	75.56
89	5,15	17	41.77
89	5,15	45	72.20
89	5,15	46	75.48
89	5,15	56	44.55
89	5,15	58	66.41
89	5,15	88	79.79
89	5,15	105	63.06
89	5,15	186	68.61
89	5,15	216	96.89
89	5,15	219	70.28
89	5,15	307	66.14
89	5,15	381	81.52
89	5,15	428	69.77
89	5,19	6	62.86
89	5,19	17	29.73
89	5,19	45	57.56
89	5,19	46	61.87
89	5,19	56	30.87
89	5,19	58	61.66
89	5,19	105	57.10
89	5,19	186	51.35
89	5,19	216	81.94
89	5,19	219	68.11
89	5,19	307	48.18
89	5,19	381	66.69
89	5,19	428	56.87
89	5,27	6	66.45
89	5,27	17	28.92
89	5,27	45	63.66
89	5,27	46	59.54
89	5,27	58	58.49
89	5,27	59	62.68
89	5,27	88	66.68
89	5,27	148	45.11
89	5,27	219	57.13
89	5,27	381	68.62
89	5,27	428	61.18
89	5,35	17	33.18
89	5,35	45	60.01
89	5,35	46	61.21
89	5,35	56	35.63
89	5,35	58	64.85
89	5,35	59	56.70
89	5,35	88	68.73
89	5,35	148	47.87
89	5,35	186	54.63
89	5,35	219	67.28
89	5,35	381	70.08
89	5,35	428	56.89
89	5,37	6	64.24
89	5,37	45	66.25
89	5,37	59	57.72
89	5,37	88	63.86
89	5,37	148	42.20
89	5,37	219	61.70
89	5,37	428	63.55
89	6	4	42.73
89	6	13	12.59
89	6	20	34.17
89	6	27	15.41
89	6	29	23.85
89	6	43	46.90
89	6	53	20.35
89	6	60	42.23
89	6	64	28.56
89	6	80	36.80
89	6	84	15.10
89	6	116	15.69
89	6	119	35.39
89	6	132	13.94
89	6	139	38.10
89	6	145	51.80
89	6	159	12.34
89	6	169	11.75
89	6	184	47.46
89	6	206	27.45
89	6	207	39.32
89	6	211	17.99
89	6	240	35.70
89	6	244	44.35
89	6	247	29.62
89	6	251	45.24
89	6	257	14.44
89	6	270	36.18
89	6	272	44.06
89	6	290	32.73
89	6	306	30.52
89	6	322	27.31
89	6	324	55.99
89	6	328	43.24
89	6	330	19.25
89	6	338	21.18
89	6	358	32.15
89	6	361	32.21
89	6	364	15.03
89	6	379	36.06
89	6	395	27.28
89	6	414	13.30
89	6	421	12.58
89	6	442	13.69
89	6	447	22.73
89	6,24	13	38.77
89	6,24	20	59.49
89	6,24	27	41.83
89	6,24	64	58.15
89	6,24	80	61.11
89	6,24	84	42.46
89	6,24	116	39.96
89	6,24	119	62.61
89	6,24	145	78.10
89	6,24	159	38.20
89	6,24	169	40.38
89	6,24	184	74.17
89	6,24	206	50.85
89	6,24	257	42.37
89	6,24	290	57.79
89	6,24	322	55.46
89	6,24	328	68.00
89	6,24	414	37.52
89	6,36	13	30.49
89	6,36	20	51.70
89	6,36	27	33.45
89	6,36	29	45.18
89	6,36	53	37.32
89	6,36	60	59.76
89	6,36	64	48.56
89	6,36	80	53.52
89	6,36	84	33.51
89	6,36	116	32.41
89	6,36	119	53.58
89	6,36	132	31.69
89	6,36	139	56.48
89	6,36	145	69.87
89	6,36	159	29.49
89	6,36	169	30.85
89	6,36	184	65.66
89	6,36	206	43.70
89	6,36	211	39.23
89	6,36	247	48.01
89	6,36	257	33.24
89	6,36	270	55.01
89	6,36	290	50.04
89	6,36	322	48.44
89	6,36	328	60.14
89	6,36	330	38.52
89	6,36	338	38.79
89	6,36	358	50.75
89	6,36	361	51.56
89	6,36	364	36.82
89	6,36	395	45.86
89	6,36	414	29.96
89	6,36	421	30.62
89	6,36	442	31.73
89	6,36	447	40.79
89	7	6	35.68
89	7	8	32.65
89	7	45	36.14
89	7	59	27.49
89	7	62	32.31
89	7	76	28.93
89	7	88	48.00
89	7	89	49.20
89	7	93	19.75
89	7	148	26.66
89	7	194	29.23
89	7	200	36.39
89	7	219	37.34
89	7	227	22.15
89	7	232	52.68
89	7	241	16.42
89	7	264	20.97
89	7	277	35.13
89	7	319	21.54
89	7	377	21.51
89	7	388	27.18
89	7	393	29.85
89	7	410	15.97
89	7	413	31.73
89	7	417	17.79
89	7	422	17.13
89	7	428	32.52
89	7	431	12.99
89	7	461	38.11
89	7,35	45	63.39
89	7,35	59	56.13
89	7,35	88	74.48
89	7,35	148	43.07
89	7,35	219	49.10
89	7,35	428	60.94
89	8	6	55.34
89	8	17	21.77
89	8	45	47.73
89	8	46	53.44
89	8	56	22.77
89	8	58	49.92
89	8	63	62.82
89	8	105	52.89
89	8	162	51.39
89	8	165	68.13
89	8	216	63.03
89	8	307	38.86
89	8	381	58.46
89	8,19	6	81.27
89	8,19	17	39.10
89	8,19	45	67.00
89	8,19	46	81.68
89	8,19	56	39.90
89	8,19	58	64.06
89	8,19	105	69.46
89	8,19	216	88.30
89	8,19	307	60.79
89	8,19	381	77.03
89	8,22	6	65.32
89	8,22	17	46.24
89	8,22	45	74.92
89	8,22	46	67.90
89	8,22	58	60.44
89	8,28	17	46.37
89	8,28	46	66.49
89	8,28	56	44.92
89	8,28	58	61.92
89	8,28	216	86.27
89	8,28	307	48.76
89	8,28	381	67.93
89	9	3	27.59
89	9	15	36.04
89	9	52	17.45
89	9	78	43.79
89	9	102	35.35
89	9	122	45.49
89	9	129	65.54
89	9	150	27.03
89	9	155	25.54
89	9	161	42.89
89	9	166	51.23
89	9	167	32.34
89	9	175	37.08
89	9	197	40.59
89	9	213	29.27
89	9	225	38.63
89	9	269	43.66
89	9	305	53.87
89	9	352	26.97
89	9	369	53.30
89	9	376	23.94
89	9	394	49.96
89	9	404	43.65
89	9	420	35.42
89	9	462	46.96
89	9,23	3	43.20
89	9,23	15	51.27
89	9,23	52	32.24
89	9,23	78	59.38
89	9,23	102	50.45
89	9,23	150	42.15
89	9,23	155	43.55
89	9,23	161	57.70
89	9,23	166	73.30
89	9,23	167	48.11
89	9,23	175	52.97
89	9,23	213	44.87
89	9,23	225	54.62
89	9,23	269	59.80
89	9,23	352	42.27
89	9,23	369	69.03
89	9,23	394	65.75
89	9,23	420	51.21
89	9,23	462	62.15
89	9,43	52	34.01
89	9,43	155	52.18
89	9,43	166	76.93
89	9,43	225	58.86
89	9,43	269	63.73
89	9,43	352	46.00
89	9,43	369	73.55
89	9,43	376	38.63
89	9,43	394	69.21
89	9,43	420	55.14
89	10	24	40.73
89	10	71	30.54
89	10	77	46.87
89	10	81	33.32
89	10	91	46.37
89	10	110	31.97
89	10	154	23.44
89	10	179	48.32
89	10	189	32.85
89	10	215	44.55
89	10	229	42.21
89	10	242	77.04
89	10	246	24.89
89	10	273	33.66
89	10	279	43.76
89	10	280	38.73
89	10	284	25.75
89	10	294	47.48
89	10	295	59.56
89	10	311	49.17
89	10	327	34.14
89	10	397	35.86
89	10	412	44.92
89	10	418	50.45
89	10	435	44.08
89	10	457	35.46
89	10,17	91	63.39
89	10,17	215	69.89
89	10,17	229	65.20
89	10,17	412	61.41
89	11	2	37.15
89	11	21	19.11
89	11	26	51.23
89	11	34	34.37
89	11	35	54.66
89	11	40	39.77
89	11	41	21.38
89	11	42	24.86
89	11	54	39.87
89	11	65	21.54
89	11	79	58.52
89	11	96	36.17
89	11	112	49.59
89	11	126	52.35
89	11	128	55.48
89	11	152	38.31
89	11	164	48.92
89	11	170	30.10
89	11	174	45.76
89	11	177	54.63
89	11	181	53.77
89	11	212	49.24
89	11	248	40.62
89	11	260	38.31
89	11	262	47.28
89	11	312	40.97
89	11	334	41.21
89	11	336	36.59
89	11	342	17.70
89	11	347	50.03
89	11	360	59.77
89	11	398	20.69
89	11	402	22.82
89	11	405	44.61
89	11	411	24.79
89	11	419	17.52
89	11	424	22.77
89	11,34	174	68.18
89	11,34	181	81.48
89	12	8	47.76
89	12	30	50.89
89	12	44	50.10
89	12	46	42.49
89	12	59	37.72
89	12	62	42.37
89	12	82	29.30
89	12	88	56.54
89	12	89	57.56
89	12	137	50.18
89	12	148	30.37
89	12	219	37.63
89	12	228	34.94
89	12	264	33.65
89	12	346	22.06
89	12	428	36.28
89	12,22	8	73.68
89	12,22	46	68.65
89	12,22	59	64.80
89	12,22	62	64.28
89	12,22	88	79.59
89	12,22	89	82.08
89	12,22	148	54.34
89	12,22	219	63.75
89	12,22	264	57.99
89	12,22	428	60.76
89	12,29	8	55.76
89	12,29	59	59.23
89	12,29	62	49.90
89	12,29	88	64.41
89	12,29	89	65.62
89	12,29	148	38.15
89	12,29	219	47.58
89	12,29	264	41.93
89	12,29	428	44.38
89	12,35	46	61.04
89	12,35	59	56.68
89	12,35	82	44.75
89	12,35	88	72.58
89	12,35	148	49.00
89	12,35	219	60.04
89	12,35	228	52.97
89	12,35	428	55.83
89	13	8	43.63
89	13	59	34.62
89	13	62	39.68
89	13	88	54.70
89	13	89	56.58
89	13	93	25.55
89	13	111	42.94
89	13	117	32.13
89	13	148	32.01
89	13	194	36.28
89	13	219	41.69
89	13	227	28.11
89	13	264	30.55
89	13	267	32.14
89	13	277	41.92
89	13	293	20.01
89	13	319	27.75
89	13	393	38.70
89	13	410	22.92
89	13	413	37.41
89	13	428	37.94
89	13	431	18.27
89	13,22	8	59.59
89	13,22	59	61.68
89	13,22	62	61.92
89	13,22	88	78.11
89	13,22	89	72.11
89	13,22	148	56.37
89	13,22	219	58.51
89	13,22	264	55.27
89	13,22	393	62.04
89	13,22	428	62.82
89	13,29	8	65.45
89	13,29	59	56.10
89	13,29	62	57.82
89	13,29	88	73.90
89	13,29	89	77.14
89	13,29	93	47.25
89	13,29	111	63.77
89	13,29	117	54.52
89	13,29	148	52.03
89	13,29	194	61.97
89	13,29	219	63.79
89	13,29	227	50.15
89	13,29	264	50.94
89	13,29	267	46.10
89	13,29	277	63.34
89	13,29	293	44.72
89	13,29	319	48.18
89	13,29	393	57.85
89	13,29	410	47.23
89	13,29	413	58.89
89	13,29	428	58.46
89	13,29	431	42.55
89	14	5	48.13
89	14	100	42.48
89	14	123	56.63
89	14	124	47.51
89	14	129	66.37
89	14	220	47.31
89	14	230	50.42
89	14	254	63.93
89	14	261	58.39
89	14	305	52.82
89	14	332	51.27
89	14	369	58.86
89	14	374	72.01
89	14	376	21.77
89	14	446	54.10
89	14,42	220	60.69
89	14,42	230	77.23
89	14,42	254	91.85
89	14,42	376	48.52
89	15	6	54.24
89	15	17	23.04
89	15	45	51.48
89	15	46	52.27
89	15	56	26.01
89	15	58	38.46
89	15	63	66.10
89	15	76	48.10
89	15	88	59.55
89	15	105	43.89
89	15	165	68.93
89	15	186	47.28
89	15	216	75.45
89	15	219	55.17
89	15	307	42.73
89	15	381	61.56
89	15	428	48.15
89	15,19	6	74.58
89	15,19	17	41.79
89	15,19	45	71.15
89	15,19	46	74.52
89	15,19	56	42.82
89	15,19	58	66.18
89	15,19	105	61.55
89	15,19	186	62.10
89	15,19	216	93.94
89	15,19	219	75.93
89	15,19	307	63.62
89	15,19	381	77.83
89	15,19	428	70.73
89	15,26	6	64.27
89	15,26	17	49.41
89	15,26	45	63.68
89	15,26	46	67.44
89	15,26	58	67.70
89	15,26	76	59.58
89	15,26	88	76.89
89	15,26	219	67.76
89	15,26	428	59.90
89	15,35	17	43.85
89	15,35	45	74.54
89	15,35	46	78.01
89	15,35	56	46.61
89	15,35	58	65.89
89	15,35	88	82.01
89	15,35	186	71.17
89	15,35	219	68.72
89	15,35	381	83.73
89	15,35	428	72.18
89	15,40	6	73.52
89	15,40	17	34.15
89	15,40	45	63.46
89	15,40	46	73.69
89	15,40	58	60.25
89	15,40	88	71.45
89	15,40	219	70.17
89	15,40	428	65.65
89	16	23	56.87
89	16	39	47.10
89	16	50	52.17
89	16	136	47.20
89	16	142	45.20
89	16	144	51.63
89	16	153	29.14
89	16	158	48.24
89	16	191	52.25
89	16	226	30.96
89	16	231	24.96
89	16	236	22.06
89	16	268	47.52
89	16	292	32.65
89	16	392	40.93
89	16	432	23.70
89	16	451	53.69
89	16,18	153	44.49
89	16,18	158	63.28
89	16,18	191	71.45
89	16,18	226	44.99
89	16,18	236	34.66
89	16,18	268	57.73
89	16,18	292	46.41
89	17	9	20.56
89	17	10	19.85
89	17	38	21.07
89	17	48	58.94
89	17	69	23.89
89	17	83	42.96
89	17	91	40.24
89	17	92	21.14
89	17	94	37.52
89	17	98	21.45
89	17	103	34.00
89	17	113	19.75
89	17	115	55.15
89	17	147	36.13
89	17	176	59.94
89	17	185	40.48
89	17	190	50.68
89	17	195	19.59
89	17	215	44.93
89	17	222	50.41
89	17	229	36.89
89	17	238	39.13
89	17	253	32.49
89	17	255	47.77
89	17	278	41.17
89	17	299	42.28
89	17	300	53.31
89	17	320	40.20
89	17	323	23.59
89	17	326	50.23
89	17	366	27.21
89	17	367	42.54
89	17	370	18.82
89	17	371	41.59
89	17	401	49.70
89	17	412	38.90
89	17	460	41.38
89	17,21	38	38.18
89	17,21	69	45.58
89	17,21	92	37.96
89	17,21	103	47.56
89	17,21	113	41.07
89	17,21	147	53.93
89	17,21	190	70.04
89	17,21	238	57.11
89	17,21	278	60.00
89	17,21	299	62.24
89	17,21	367	57.00
89	17,21	371	65.24
89	17,21	401	64.44
89	18	12	46.77
89	18	22	55.87
89	18	28	63.89
89	18	38	19.79
89	18	50	40.87
89	18	103	41.54
89	18	127	34.58
89	18	144	47.30
89	18	153	23.48
89	18	158	43.01
89	18	163	48.75
89	18	168	22.94
89	18	172	31.77
89	18	178	54.42
89	18	191	42.11
89	18	214	50.80
89	18	226	31.17
89	18	236	19.46
89	18	250	46.76
89	18	266	56.75
89	18	268	32.86
89	18	292	28.79
89	18	296	21.04
89	18	303	63.30
89	18	373	52.45
89	18	401	41.72
89	18	423	15.17
89	18	434	15.77
89	18,21	28	85.31
89	18,21	38	33.72
89	18,21	103	56.32
89	18,21	127	49.56
89	18,21	163	64.21
89	18,21	168	39.21
89	18,21	268	53.89
89	18,21	296	38.72
89	18,21	373	69.62
89	18,21	401	62.38
89	18,21	423	30.55
89	18,21	434	32.65
89	19	6	52.04
89	19	17	19.83
89	19	45	47.13
89	19	46	49.99
89	19	56	21.07
89	19	58	35.69
89	19	63	60.51
89	19	105	49.46
89	19	165	66.08
89	19	186	33.79
89	19	216	71.06
89	19	219	51.34
89	19	307	36.79
89	19	381	56.31
89	19	428	45.96
89	19,27	6	65.82
89	19,27	17	27.41
89	19,27	45	54.80
89	19,27	46	66.58
89	19,27	58	57.69
89	19,27	219	67.32
89	19,27	381	64.13
89	19,27	428	60.55
89	19,28	17	38.38
89	19,28	46	72.54
89	19,28	56	36.99
89	19,28	58	65.92
89	19,28	186	65.10
89	19,28	216	91.77
89	19,28	307	55.32
89	19,28	381	72.76
89	19,35	17	32.13
89	19,35	45	60.30
89	19,35	46	64.85
89	19,35	56	33.24
89	19,35	58	61.65
89	19,35	186	52.82
89	19,35	219	63.86
89	19,35	381	69.27
89	19,35	428	59.70
89	20	1	41.01
89	20	16	30.23
89	20	22	52.24
89	20	38	16.11
89	20	48	52.38
89	20	67	12.59
89	20	69	17.51
89	20	70	65.52
89	20	74	18.59
89	20	83	42.94
89	20	87	34.20
89	20	90	14.75
89	20	92	13.17
89	20	101	25.30
89	20	103	39.06
89	20	108	12.80
89	20	113	17.70
89	20	121	17.69
89	20	127	33.58
89	20	134	17.70
89	20	140	40.92
89	20	146	17.14
89	20	157	17.27
89	20	168	12.44
89	20	178	57.76
89	20	190	47.42
89	20	193	35.34
89	20	195	16.87
89	20	196	17.65
89	20	198	36.27
89	20	199	42.00
89	20	203	16.14
89	20	210	19.28
89	20	233	40.01
89	20	234	36.76
89	20	235	21.01
89	20	237	31.86
89	20	239	17.24
89	20	243	15.63
89	20	250	48.75
89	20	252	17.86
89	20	266	55.99
89	20	289	18.01
89	20	296	16.63
89	20	298	16.34
89	20	299	41.18
89	20	308	16.11
89	20	309	21.01
89	20	313	15.94
89	20	314	15.07
89	20	315	18.49
89	20	326	42.31
89	20	363	16.28
89	20	365	46.61
89	20	366	29.75
89	20	368	17.01
89	20	371	39.15
89	20	373	52.20
89	20	378	42.34
89	20	385	20.79
89	20	387	29.41
89	20	390	35.11
89	20	407	17.85
89	20	423	14.35
89	20	429	18.77
89	20	433	15.62
89	20	440	41.52
89	20	445	18.03
89	20	448	15.61
89	20	453	35.06
89	20	455	18.14
89	20,39	134	42.35
89	20,39	314	38.21
89	21	22	57.20
89	21	28	62.18
89	21	38	21.04
89	21	48	55.13
89	21	69	25.89
89	21	70	71.86
89	21	83	48.70
89	21	87	42.82
89	21	90	26.23
89	21	92	21.13
89	21	103	30.44
89	21	113	23.59
89	21	127	38.01
89	21	144	53.76
89	21	147	36.80
89	21	163	51.73
89	21	168	25.07
89	21	178	58.31
89	21	190	52.82
89	21	199	47.58
89	21	238	40.42
89	21	250	52.54
89	21	252	29.25
89	21	266	61.79
89	21	268	34.58
89	21	278	43.89
89	21	296	24.66
89	21	299	47.27
89	21	365	54.87
89	21	367	42.10
89	21	371	47.70
89	21	373	56.58
89	21	401	49.42
89	21	423	18.70
89	21	434	21.42
89	22	6	48.34
89	22	8	49.21
89	22	17	26.14
89	22	45	49.35
89	22	46	49.35
89	22	58	46.31
89	22	59	33.11
89	22	62	46.10
89	22	76	44.80
89	22	88	63.06
89	22	89	62.59
89	22	148	36.99
89	22	219	51.59
89	22	264	35.23
89	22	393	43.61
89	22	428	42.38
89	22,27	6	61.27
89	22,27	8	58.18
89	22,27	17	33.86
89	22,27	45	58.65
89	22,27	46	61.42
89	22,27	58	54.89
89	22,27	59	62.94
89	22,27	62	55.23
89	22,27	76	55.58
89	22,27	88	70.25
89	22,27	89	69.87
89	22,27	148	47.68
89	22,27	219	62.31
89	22,27	264	44.89
89	22,27	393	51.13
89	22,27	428	55.83
89	22,28	17	47.23
89	22,28	46	83.08
89	22,28	58	76.61
89	23	3	28.77
89	23	15	36.87
89	23	51	26.07
89	23	52	19.51
89	23	73	24.42
89	23	78	44.59
89	23	102	36.99
89	23	122	47.17
89	23	123	68.38
89	23	129	66.65
89	23	150	28.55
89	23	155	25.31
89	23	161	44.42
89	23	166	59.76
89	23	167	33.37
89	23	175	39.01
89	23	197	40.89
89	23	213	30.45
89	23	217	47.87
89	23	225	40.39
89	23	269	45.44
89	23	271	21.89
89	23	275	41.35
89	23	286	59.35
89	23	297	23.52
89	23	304	37.48
89	23	305	55.39
89	23	310	34.21
89	23	344	50.59
89	23	352	29.23
89	23	354	27.51
89	23	369	54.44
89	23	375	49.87
89	23	380	37.68
89	23	384	25.13
89	23	394	51.25
89	23	404	44.52
89	23	420	35.59
89	23	462	48.01
89	23,25	15	59.37
89	23,25	52	40.99
89	23,25	73	37.56
89	23,25	155	41.18
89	23,25	161	65.25
89	23,25	175	48.21
89	23,25	213	53.35
89	23,25	217	69.10
89	23,25	225	49.63
89	23,25	269	54.56
89	23,25	297	52.68
89	23,25	310	45.34
89	23,25	352	50.94
89	23,25	375	60.79
89	23,25	384	49.45
89	23,25	394	61.34
89	23,25	462	69.76
89	23,43	52	31.31
89	23,43	155	43.34
89	23,43	166	73.06
89	23,43	225	55.32
89	23,43	269	60.03
89	23,43	352	43.58
89	23,43	369	68.79
89	23,43	394	65.94
89	23,43	420	50.03
89	24	13	28.93
89	24	20	36.66
89	24	27	28.52
89	24	43	58.93
89	24	64	44.04
89	24	80	49.41
89	24	84	30.06
89	24	116	26.66
89	24	119	51.58
89	24	145	65.70
89	24	159	27.10
89	24	169	28.56
89	24	184	60.04
89	24	206	40.72
89	24	240	48.20
89	24	244	55.20
89	24	251	56.07
89	24	257	31.01
89	24	290	46.66
89	24	322	36.75
89	24	324	70.61
89	24	328	56.27
89	24	414	24.52
89	24,36	13	45.48
89	24,36	20	62.75
89	24,36	27	44.77
89	24,36	64	61.59
89	24,36	80	64.97
89	24,36	84	46.82
89	24,36	116	42.17
89	24,36	119	68.70
89	24,36	145	82.37
89	24,36	159	43.00
89	24,36	169	45.18
89	24,36	184	76.58
89	24,36	206	56.00
89	24,36	257	47.82
89	24,36	290	62.35
89	24,36	322	56.77
89	24,36	328	71.76
89	24,36	414	39.68
89	24,38	13	39.94
89	24,38	20	66.25
89	24,38	64	61.00
89	24,38	80	62.25
89	24,38	84	44.83
89	24,38	119	60.08
89	24,38	145	77.20
89	24,38	159	40.77
89	24,38	169	44.06
89	24,38	184	76.39
89	24,38	206	49.94
89	24,38	257	44.66
89	24,38	322	44.59
89	24,38	328	70.21
89	24,38	414	38.59
89	25	7	23.51
89	25	15	36.80
89	25	19	43.25
89	25	52	17.45
89	25	73	19.11
89	25	95	60.83
89	25	99	37.18
89	25	106	22.96
89	25	122	40.11
89	25	143	41.87
89	25	155	21.34
89	25	161	42.94
89	25	175	31.20
89	25	180	18.46
89	25	182	47.39
89	25	201	35.80
89	25	205	48.73
89	25	213	28.99
89	25	217	48.83
89	25	225	32.45
89	25	258	42.15
89	25	269	37.18
89	25	286	50.93
89	25	297	22.44
89	25	310	27.92
89	25	321	49.18
89	25	341	65.90
89	25	345	38.28
89	25	352	28.06
89	25	375	41.79
89	25	384	24.10
89	25	394	44.39
89	25	404	46.23
89	25	439	23.68
89	25	462	48.90
89	26	6	48.68
89	26	8	48.86
89	26	17	26.90
89	26	45	48.54
89	26	46	50.61
89	26	58	46.06
89	26	59	45.97
89	26	62	45.38
89	26	76	43.72
89	26	88	61.82
89	26	89	62.65
89	26	148	38.21
89	26	219	50.80
89	26	264	35.58
89	26	393	43.63
89	26	428	44.17
89	26,27	6	63.89
89	26,27	8	61.20
89	26,27	17	36.01
89	26,27	45	61.21
89	26,27	46	64.27
89	26,27	58	54.63
89	26,27	59	62.41
89	26,27	62	57.45
89	26,27	76	58.23
89	26,27	88	72.66
89	26,27	89	72.55
89	26,27	148	50.31
89	26,27	219	65.11
89	26,27	264	47.49
89	26,27	393	53.55
89	26,27	428	58.51
89	26,30	6	66.52
89	26,30	8	58.55
89	26,30	17	40.70
89	26,30	45	65.34
89	26,30	46	66.06
89	26,30	58	61.72
89	26,30	59	62.85
89	26,30	62	61.41
89	26,30	88	78.23
89	26,30	89	76.97
89	26,30	148	51.99
89	26,30	219	68.49
89	26,30	264	52.61
89	26,30	393	59.10
89	26,30	428	58.46
89	27	6	41.73
89	27	8	37.59
89	27	17	16.24
89	27	45	39.62
89	27	46	40.31
89	27	58	28.99
89	27	59	35.86
89	27	62	37.25
89	27	66	35.75
89	27	76	35.70
89	27	88	51.46
89	27	89	50.10
89	27	93	23.28
89	27	117	33.83
89	27	118	54.69
89	27	148	28.37
89	27	165	60.73
89	27	194	32.75
89	27	219	41.14
89	27	249	44.20
89	27	256	38.10
89	27	264	25.15
89	27	267	23.32
89	27	281	34.39
89	27	288	25.56
89	27	319	26.68
89	27	337	30.18
89	27	377	22.17
89	27	381	52.86
89	27	393	32.39
89	27	413	36.10
89	27	417	21.66
89	27	422	22.65
89	27	428	36.08
89	27,35	17	31.59
89	27,35	45	58.45
89	27,35	46	59.44
89	27,35	58	54.30
89	27,35	59	64.49
89	27,35	88	69.07
89	27,35	148	45.00
89	27,35	219	55.56
89	27,35	381	68.65
89	27,35	428	55.23
89	28	17	24.28
89	28	46	54.90
89	28	56	23.06
89	28	58	51.20
89	28	63	62.00
89	28	165	68.51
89	28	186	50.28
89	28	216	75.62
89	28	307	37.72
89	28	381	57.69
89	29	8	43.65
89	29	59	35.27
89	29	62	39.69
89	29	88	54.72
89	29	89	56.59
89	29	93	25.24
89	29	111	42.55
89	29	117	31.92
89	29	148	32.03
89	29	194	36.30
89	29	219	41.70
89	29	227	27.72
89	29	264	30.58
89	29	267	28.17
89	29	277	41.93
89	29	293	19.89
89	29	319	27.23
89	29	393	38.72
89	29	410	22.73
89	29	413	37.42
89	29	428	37.96
89	29	431	17.76
89	30	6	40.66
89	30	8	40.04
89	30	17	17.76
89	30	30	47.28
89	30	44	49.68
89	30	45	40.11
89	30	46	38.13
89	30	58	36.42
89	30	59	36.30
89	30	62	37.94
89	30	66	37.70
89	30	88	53.56
89	30	89	50.73
89	30	93	19.30
89	30	111	38.90
89	30	117	30.63
89	30	148	26.31
89	30	194	28.62
89	30	219	40.62
89	30	227	24.03
89	30	256	39.46
89	30	264	26.56
89	30	267	24.23
89	30	288	27.49
89	30	293	15.96
89	30	319	25.54
89	30	377	25.00
89	30	393	34.48
89	30	410	21.66
89	30	413	32.45
89	30	417	24.87
89	30	428	32.27
89	30	431	17.07
89	31	14	26.20
89	31	18	44.68
89	31	25	47.27
89	31	36	39.76
89	31	47	50.89
89	31	49	14.07
89	31	61	37.85
89	31	97	17.73
89	31	104	51.06
89	31	107	33.62
89	31	109	19.72
89	31	114	28.90
89	31	130	13.89
89	31	131	14.37
89	31	133	40.62
89	31	135	30.56
89	31	138	15.14
89	31	202	16.42
89	31	208	36.73
89	31	221	12.24
89	31	223	26.39
89	31	224	32.08
89	31	263	26.06
89	31	274	39.65
89	31	276	27.51
89	31	285	47.89
89	31	291	39.68
89	31	301	16.17
89	31	329	39.38
89	31	331	24.94
89	31	333	45.13
89	31	339	33.89
89	31	340	16.56
89	31	351	20.10
89	31	356	14.99
89	31	357	33.15
89	31	359	14.79
89	31	382	53.79
89	31	383	13.25
89	31	386	40.56
89	31	389	16.34
89	31	391	16.90
89	31	396	16.56
89	31	400	16.46
89	31	406	24.51
89	31	408	22.70
89	31	409	39.65
89	31	415	39.34
89	31	425	16.85
89	31	426	44.14
89	31	430	15.85
89	31	436	14.51
89	31	437	26.82
89	31	438	15.85
89	31	443	21.69
89	31	444	39.73
89	31	449	11.75
89	31	450	45.42
89	31	456	16.20
89	31	458	34.31
89	31	459	22.48
89	31	463	34.66
89	31,33	18	53.01
89	31,33	49	22.85
89	31,33	61	47.17
89	31,33	97	29.82
89	31,33	107	42.20
89	31,33	109	29.59
89	31,33	114	45.41
89	31,33	130	26.63
89	31,33	131	24.85
89	31,33	135	38.94
89	31,33	138	24.45
89	31,33	202	25.94
89	31,33	208	48.00
89	31,33	221	24.93
89	31,33	223	34.21
89	31,33	224	44.01
89	31,33	263	34.59
89	31,33	274	47.30
89	31,33	276	37.42
89	31,33	291	47.83
89	31,33	301	25.30
89	31,33	329	48.54
89	31,33	331	34.04
89	31,33	333	56.39
89	31,33	339	43.92
89	31,33	340	26.46
89	31,33	351	28.61
89	31,33	356	23.93
89	31,33	359	24.17
89	31,33	383	22.65
89	31,33	391	28.14
89	31,33	396	25.80
89	31,33	400	28.18
89	31,33	408	33.01
89	31,33	409	50.00
89	31,33	415	49.79
89	31,33	425	29.73
89	31,33	426	53.90
89	31,33	430	26.87
89	31,33	436	25.27
89	31,33	437	37.15
89	31,33	438	24.30
89	31,33	443	30.30
89	31,33	444	50.35
89	31,33	449	24.62
89	31,33	450	55.54
89	31,33	458	45.00
89	31,33	459	32.79
89	31,33	463	43.61
89	32	55	33.00
89	32	72	32.90
89	32	75	50.34
89	32	76	29.42
89	32	85	50.76
89	32	100	41.72
89	32	123	67.31
89	32	124	43.75
89	32	125	55.80
89	32	151	43.58
89	32	200	42.17
89	32	204	60.93
89	32	209	46.61
89	32	220	45.15
89	32	230	47.69
89	32	232	60.87
89	32	245	39.59
89	32	261	59.39
89	32	265	41.97
89	32	287	34.70
89	32	302	51.72
89	32	317	38.42
89	32	332	51.24
89	32	335	61.11
89	32	348	33.42
89	32	350	65.77
89	32	355	36.76
89	32	362	44.41
89	32	372	49.69
89	32	374	71.89
89	32	388	38.15
89	32	399	33.17
89	32	416	47.48
89	32	422	24.49
89	32	446	51.28
89	32	454	31.38
89	33	18	42.77
89	33	25	45.44
89	33	32	28.14
89	33	36	37.25
89	33	47	49.13
89	33	49	12.46
89	33	61	36.01
89	33	97	19.03
89	33	104	49.24
89	33	107	31.04
89	33	109	16.61
89	33	114	27.38
89	33	130	15.07
89	33	131	13.51
89	33	133	39.54
89	33	135	28.06
89	33	138	13.52
89	33	173	43.85
89	33	183	23.75
89	33	188	15.10
89	33	202	14.21
89	33	208	37.00
89	33	221	13.58
89	33	223	23.44
89	33	224	31.72
89	33	263	23.15
89	33	274	37.17
89	33	276	25.86
89	33	283	30.82
89	33	285	46.89
89	33	291	36.87
89	33	301	14.35
89	33	329	37.75
89	33	331	22.48
89	33	333	44.54
89	33	339	33.75
89	33	340	14.70
89	33	351	17.75
89	33	356	13.37
89	33	357	33.66
89	33	359	12.72
89	33	383	11.18
89	33	386	37.97
89	33	391	16.38
89	33	396	14.04
89	33	400	15.58
89	33	408	21.82
89	33	409	38.96
89	33	415	38.45
89	33	425	17.97
89	33	426	43.11
89	33	430	15.11
89	33	436	14.07
89	33	437	25.93
89	33	438	13.30
89	33	443	19.10
89	33	444	31.46
89	33	449	13.42
89	33	450	44.20
89	33	458	33.75
89	33	459	21.59
89	33	463	32.27
89	34	11	65.72
89	34	33	46.93
89	34	171	66.39
89	34	174	47.34
89	34	181	61.52
89	34	259	41.13
89	34	282	47.08
89	34	318	42.15
89	34	325	54.68
89	35	17	23.38
89	35	45	50.04
89	35	46	49.85
89	35	56	25.20
89	35	58	36.00
89	35	59	47.24
89	35	82	31.80
89	35	88	60.49
89	35	148	36.56
89	35	165	67.30
89	35	186	47.14
89	35	219	35.20
89	35	228	41.61
89	35	381	60.14
89	35	428	46.46
89	35,37	45	56.96
89	35,37	59	59.54
89	35,37	88	67.59
89	35,37	148	43.52
89	35,37	219	50.52
89	35,37	428	53.76
89	35,40	17	37.25
89	35,40	45	70.49
89	35,40	46	72.03
89	35,40	58	58.55
89	35,40	59	68.03
89	35,40	88	75.44
89	35,40	148	51.97
89	35,40	219	56.30
89	35,40	428	63.97
89	36	13	21.13
89	36	20	32.94
89	36	27	20.59
89	36	29	32.04
89	36	43	50.99
89	36	53	28.10
89	36	60	50.07
89	36	64	34.83
89	36	68	18.21
89	36	80	42.34
89	36	84	21.52
89	36	116	19.63
89	36	119	43.44
89	36	132	20.42
89	36	139	44.28
89	36	145	57.94
89	36	159	18.66
89	36	169	18.94
89	36	184	51.99
89	36	187	23.83
89	36	206	34.11
89	36	211	26.20
89	36	240	41.23
89	36	244	48.27
89	36	247	37.54
89	36	251	49.46
89	36	257	22.31
89	36	270	40.44
89	36	290	39.42
89	36	306	34.62
89	36	322	28.62
89	36	324	63.35
89	36	328	48.65
89	36	330	23.54
89	36	338	27.61
89	36	358	38.39
89	36	361	36.46
89	36	364	25.66
89	36	379	45.37
89	36	395	33.75
89	36	414	17.00
89	36	421	21.38
89	36	441	35.10
89	36	442	21.34
89	36	447	29.03
89	36	452	22.94
89	36,38	13	38.48
89	36,38	20	58.62
89	36,38	64	56.17
89	36,38	80	58.46
89	36,38	84	43.24
89	36,38	119	55.56
89	36,38	145	73.11
89	36,38	159	39.23
89	36,38	169	42.34
89	36,38	184	71.96
89	36,38	206	46.34
89	36,38	257	43.03
89	36,38	322	49.27
89	36,38	328	66.35
89	36,38	414	37.21
89	37	6	36.14
89	37	8	38.58
89	37	45	38.89
89	37	59	30.90
89	37	62	35.82
89	37	76	32.63
89	37	88	50.79
89	37	89	52.63
89	37	93	22.01
89	37	111	38.49
89	37	117	28.94
89	37	148	29.14
89	37	194	32.56
89	37	200	38.83
89	37	219	29.23
89	37	227	24.56
89	37	264	25.90
89	37	267	25.85
89	37	277	37.77
89	37	293	16.24
89	37	319	23.03
89	37	388	30.23
89	37	393	34.56
89	37	410	17.62
89	37	413	34.42
89	37	428	35.03
89	37	431	14.25
89	37	461	42.48
89	38	13	22.62
89	38	20	44.24
89	38	43	57.21
89	38	64	41.69
89	38	80	45.89
89	38	84	27.11
89	38	119	42.99
89	38	145	59.61
89	38	159	24.25
89	38	169	25.75
89	38	184	58.72
89	38	206	33.96
89	38	207	47.90
89	38	240	45.20
89	38	244	53.20
89	38	251	54.25
89	38	257	26.58
89	38	272	46.65
89	38	322	28.14
89	38	324	63.21
89	38	328	53.75
89	38	349	53.93
89	38	414	22.39
89	39	72	45.17
89	39	75	53.62
89	39	85	32.86
89	39	100	49.86
89	39	123	73.59
89	39	124	47.06
89	39	134	29.75
89	39	141	37.97
89	39	151	48.69
89	39	167	35.18
89	39	200	46.00
89	39	218	50.92
89	39	261	66.10
89	39	302	56.89
89	39	314	27.46
89	39	332	59.34
89	39	353	48.14
89	39	355	45.54
89	39	362	50.25
89	39	374	79.75
89	39	403	50.13
89	39	446	58.00
89	40	6	43.03
89	40	8	42.73
89	40	17	19.75
89	40	30	49.55
89	40	44	57.55
89	40	45	42.42
89	40	46	40.69
89	40	58	30.58
89	40	59	40.45
89	40	62	40.00
89	40	66	39.85
89	40	88	55.76
89	40	89	53.15
89	40	93	21.83
89	40	111	41.39
89	40	117	33.14
89	40	148	28.70
89	40	194	31.75
89	40	219	37.32
89	40	227	26.72
89	40	256	41.79
89	40	264	28.92
89	40	267	27.25
89	40	288	30.54
89	40	293	19.15
89	40	319	27.90
89	40	377	27.58
89	40	393	36.68
89	40	410	24.75
89	40	413	35.03
89	40	417	27.92
89	40	428	34.69
89	40	431	20.10
89	41	12	57.15
89	41	28	70.82
89	41	37	23.41
89	41	50	54.61
89	41	57	56.65
89	41	120	37.28
89	41	149	39.66
89	41	153	29.20
89	41	163	55.61
89	41	172	39.58
89	41	178	61.37
89	41	191	43.38
89	41	192	42.13
89	41	214	58.65
89	41	303	66.92
89	41	316	49.49
89	41	343	49.35
89	41,44	12	73.27
89	41,44	28	86.15
89	41,44	37	37.18
89	41,44	57	71.08
89	41,44	120	51.79
89	41,44	149	53.38
89	41,44	153	46.32
89	41,44	163	70.58
89	41,44	172	54.61
89	41,44	191	58.96
89	41,44	192	58.62
89	41,44	316	64.08
89	41,44	343	65.61
89	42	5	48.86
89	42	14	28.56
89	42	31	35.00
89	42	61	49.38
89	42	156	18.23
89	42	162	55.27
89	42	204	59.06
89	42	220	49.00
89	42	230	48.25
89	42	254	60.85
89	42	376	24.37
89	42	382	56.30
89	43	5	41.54
89	43	52	18.39
89	43	129	67.21
89	43	155	31.35
89	43	166	60.51
89	43	225	41.39
89	43	269	45.97
89	43	305	51.87
89	43	352	30.11
89	43	369	57.17
89	43	376	22.04
89	43	394	52.14
89	43	404	40.76
89	43	420	38.07
89	44	12	55.86
89	44	28	69.61
89	44	37	22.32
89	44	50	54.79
89	44	57	55.41
89	44	120	36.18
89	44	149	38.37
89	44	153	27.89
89	44	163	54.30
89	44	172	38.07
89	44	178	60.08
89	44	191	41.92
89	44	192	40.82
89	44	214	55.41
89	44	303	65.82
89	44	316	48.20
89	44	343	48.32
89	45	6	49.08
89	45	17	20.15
89	45	45	45.41
89	45	46	47.01
89	45	58	46.38
89	45	59	41.55
89	45	63	61.18
89	45	76	41.51
89	45	88	55.23
89	45	89	54.99
89	45	105	43.93
89	45	148	34.13
89	45	165	65.65
89	45	219	49.32
89	45	307	38.99
89	45	381	56.61
89	45	428	43.20
