Task=66 Orders=26 Vehicles=277 Scores=1205
66	1	53	41.21
66	1	60	46.89
66	1	89	23.46
66	1	119	56.10
66	1	123	28.23
66	1	125	58.25
66	1	137	53.62
66	1	184	34.39
66	1	197	49.61
66	1	214	40.49
66	1,15	53	49.90
66	1,15	89	33.96
66	2	4	24.92
66	2	10	24.44
66	2	12	43.23
66	2	15	26.79
66	2	28	56.86
66	2	59	43.08
66	2	78	48.65
66	2	90	58.23
66	2	95	53.15
66	2	113	45.48
66	2	117	50.51
66	2	121	43.96
66	2	144	47.80
66	2	150	43.54
66	2	154	53.01
66	2	171	44.72
66	2	194	54.87
66	2	221	43.13
66	2	222	26.56
66	2	238	26.03
66	2	274	26.14
66	2,4	4	50.46
66	2,4	12	66.03
66	2,4	117	68.69
66	2,4	222	50.27
66	2,21	4	32.25
66	2,21	12	50.99
66	2,21	15	33.77
66	2,21	28	63.13
66	2,21	59	49.76
66	2,21	117	57.58
66	2,21	144	53.79
66	2,21	150	49.80
66	2,21	171	53.80
66	2,21	238	32.76
66	2,21	274	32.87
66	2,22	4	46.62
66	2,22	12	63.82
66	2,22	15	45.79
66	2,22	28	74.11
66	2,22	59	64.28
66	2,22	95	75.83
66	2,22	117	71.28
66	2,22	144	66.35
66	2,22	150	70.54
66	2,22	171	68.06
66	2,22	238	46.90
66	2,22	274	47.01
66	2,25	4	39.93
66	2,25	12	54.14
66	2,25	15	39.94
66	2,25	28	69.06
66	2,25	59	53.49
66	2,25	117	61.04
66	2,25	144	64.48
66	2,25	150	52.89
66	2,25	171	57.45
66	2,25	238	40.28
66	3	4	18.65
66	3	8	23.37
66	3	11	37.90
66	3	12	34.10
66	3	13	35.39
66	3	15	25.62
66	3	29	37.83
66	3	66	35.20
66	3	75	18.89
66	3	80	38.08
66	3	90	50.80
66	3	113	52.07
66	3	117	41.76
66	3	121	37.89
66	3	127	27.96
66	3	150	31.30
66	3	157	25.31
66	3	164	42.06
66	3	171	40.63
66	3	175	36.39
66	3	204	59.04
66	3	210	43.07
66	3	221	39.32
66	3	222	21.38
66	3	227	38.72
66	3	235	40.75
66	3	241	39.27
66	3	248	59.23
66	3,6	4	30.46
66	3,6	8	28.65
66	3,6	12	49.28
66	3,6	13	41.87
66	3,6	29	45.11
66	3,6	66	41.51
66	3,6	75	23.18
66	3,6	80	43.66
66	3,6	127	36.35
66	3,6	157	29.61
66	3,6	164	47.77
66	3,6	175	44.27
66	3,6	222	31.25
66	3,6	235	51.56
66	3,7	4	26.45
66	3,7	12	44.01
66	3,7	15	32.99
66	3,7	29	44.90
66	3,7	80	45.10
66	3,7	117	49.28
66	3,7	150	39.31
66	3,7	171	46.94
66	3,7	175	43.44
66	3,7	222	28.35
66	3,7	235	47.85
66	3,13	4	32.76
66	3,13	12	50.61
66	3,13	15	34.72
66	3,13	117	59.79
66	3,13	150	41.32
66	3,13	171	49.01
66	3,13	175	50.24
66	3,13	222	34.38
66	4	4	19.46
66	4	8	21.75
66	4	11	38.56
66	4	12	39.69
66	4	13	33.59
66	4	29	35.56
66	4	31	17.69
66	4	66	32.96
66	4	75	16.46
66	4	80	36.55
66	4	90	51.11
66	4	113	55.93
66	4	117	40.28
66	4	121	36.51
66	4	127	28.15
66	4	142	45.45
66	4	157	23.77
66	4	164	43.45
66	4	172	45.15
66	4	175	36.20
66	4	180	19.85
66	4	204	57.04
66	4	210	43.15
66	4	219	47.21
66	4	222	21.94
66	4	227	33.15
66	4	235	41.45
66	4	241	45.46
66	4	248	59.14
66	5	6	23.24
66	5	13	28.87
66	5	20	16.61
66	5	30	16.25
66	5	31	17.28
66	5	34	14.08
66	5	40	16.87
66	5	43	39.82
66	5	44	41.80
66	5	46	30.07
66	5	70	19.21
66	5	73	33.97
66	5	74	17.94
66	5	92	27.82
66	5	93	40.80
66	5	94	15.48
66	5	101	38.94
66	5	110	20.15
66	5	122	31.38
66	5	138	57.00
66	5	155	16.65
66	5	156	41.49
66	5	157	29.21
66	5	164	45.65
66	5	167	40.13
66	5	168	41.77
66	5	169	26.59
66	5	176	30.28
66	5	177	41.00
66	5	180	19.80
66	5	198	24.01
66	5	199	20.72
66	5	225	19.49
66	5	226	19.75
66	5	229	40.73
66	5	230	51.41
66	5	239	19.52
66	5	245	19.31
66	5	247	17.48
66	5	253	25.35
66	5	258	21.32
66	5	263	36.55
66	5	264	29.52
66	5	265	19.56
66	5	266	14.82
66	5	270	19.14
66	5	272	52.97
66	5,20	6	33.01
66	5,20	20	23.34
66	5,20	30	22.89
66	5,20	34	21.35
66	5,20	40	23.73
66	5,20	46	40.49
66	5,20	74	24.51
66	5,20	92	38.44
66	5,20	93	52.32
66	5,20	94	22.48
66	5,20	101	46.18
66	5,20	110	27.31
66	5,20	122	37.13
66	5,20	156	53.86
66	5,20	168	48.77
66	5,20	176	42.18
66	5,20	177	57.58
66	5,20	225	30.25
66	5,20	229	51.21
66	5,20	230	61.28
66	5,20	245	26.42
66	5,20	247	28.48
66	5,20	253	36.61
66	5,20	258	32.63
66	5,20	263	52.77
66	5,20	264	40.37
66	5,20	265	26.68
66	5,20	266	21.93
66	5,20	270	25.79
66	6	4	15.55
66	6	8	12.75
66	6	11	35.23
66	6	12	35.90
66	6	13	27.76
66	6	18	42.15
66	6	21	12.66
66	6	29	31.03
66	6	30	12.18
66	6	31	10.82
66	6	44	33.68
66	6	49	16.80
66	6	66	28.42
66	6	70	13.38
66	6	75	9.21
66	6	80	29.44
66	6	90	45.20
66	6	102	15.06
66	6	110	18.75
66	6	127	23.04
66	6	138	57.08
66	6	140	15.99
66	6	155	10.73
66	6	157	15.69
66	6	161	17.70
66	6	163	10.66
66	6	164	35.01
66	6	167	30.52
66	6	169	21.65
66	6	172	40.65
66	6	175	31.79
66	6	177	50.52
66	6	179	36.61
66	6	180	12.87
66	6	186	13.10
66	6	198	16.58
66	6	199	12.48
66	6	201	17.21
66	6	204	52.51
66	6	210	38.48
66	6	216	24.75
66	6	220	16.14
66	6	222	17.52
66	6	226	11.63
66	6	227	28.58
66	6	231	29.55
66	6	235	38.07
66	6	239	13.54
66	6	241	47.72
66	6	244	11.44
66	6	248	52.46
66	6	253	32.42
66	6	263	35.28
66	6	267	13.51
66	6	272	44.15
66	6,14	4	24.11
66	6,14	8	22.79
66	6,14	12	43.73
66	6,14	21	22.27
66	6,14	29	38.79
66	6,14	49	25.13
66	6,14	66	35.92
66	6,14	75	17.24
66	6,14	80	37.20
66	6,14	102	24.45
66	6,14	127	34.59
66	6,14	161	29.70
66	6,14	163	19.51
66	6,14	175	42.24
66	6,14	201	28.86
66	6,14	222	27.14
66	6,14	235	45.32
66	6,14	244	21.00
66	6,14	267	23.07
66	7	1	36.73
66	7	4	14.97
66	7	10	16.73
66	7	11	33.24
66	7	12	33.65
66	7	15	21.20
66	7	18	40.79
66	7	21	17.30
66	7	23	29.41
66	7	27	31.76
66	7	28	50.93
66	7	29	34.49
66	7	37	57.37
66	7	49	14.86
66	7	56	29.56
66	7	59	36.03
66	7	68	15.44
66	7	78	46.93
66	7	80	37.24
66	7	90	49.03
66	7	102	17.15
66	7	113	51.72
66	7	117	40.99
66	7	121	34.86
66	7	135	19.41
66	7	144	55.45
66	7	150	32.61
66	7	154	44.27
66	7	161	18.25
66	7	171	36.56
66	7	175	34.28
66	7	178	24.18
66	7	194	47.39
66	7	201	17.80
66	7	207	18.23
66	7	209	31.62
66	7	215	23.39
66	7	221	37.04
66	7	222	18.17
66	7	235	37.54
66	7	241	36.97
66	7	252	14.83
66	7	256	28.41
66	7	261	14.87
66	7	262	17.96
66	7,14	4	22.24
66	7,14	10	24.14
66	7,14	12	43.63
66	7,14	15	29.66
66	7,14	21	24.46
66	7,14	29	42.32
66	7,14	49	22.85
66	7,14	68	25.25
66	7,14	80	44.17
66	7,14	102	25.28
66	7,14	117	48.38
66	7,14	135	28.61
66	7,14	150	41.06
66	7,14	161	27.14
66	7,14	171	45.35
66	7,14	175	41.76
66	7,14	178	34.59
66	7,14	201	26.30
66	7,14	207	27.61
66	7,14	209	39.79
66	7,14	215	31.65
66	7,14	222	25.62
66	7,14	235	44.25
66	7,14	252	23.77
66	7,14	256	35.65
66	7,14	261	23.82
66	7,14	262	27.90
66	8	50	32.92
66	8	64	30.01
66	8	65	36.44
66	8	86	29.87
66	8	97	22.80
66	8	120	45.63
66	8	128	60.31
66	8	129	35.04
66	8	131	24.04
66	8	139	55.72
66	8	143	59.38
66	8	146	30.85
66	8	152	17.27
66	8	153	41.30
66	8	188	50.59
66	8	189	52.75
66	8	203	67.90
66	8	260	59.85
66	8,11	50	40.66
66	8,11	64	38.75
66	8,11	86	37.63
66	8,11	120	54.07
66	8,11	128	68.99
66	8,11	129	43.48
66	8,11	131	32.93
66	8,11	139	64.45
66	8,11	143	68.15
66	8,11	146	39.79
66	8,11	152	24.77
66	8,11	153	49.14
66	8,11	203	76.66
66	8,12	50	40.08
66	8,12	64	38.15
66	8,12	86	37.06
66	8,12	120	53.42
66	8,12	128	74.25
66	8,12	129	42.85
66	8,12	131	32.30
66	8,12	139	63.85
66	8,12	143	67.41
66	8,12	146	39.14
66	8,12	152	24.25
66	8,12	153	49.68
66	8,12	188	58.99
66	8,12	203	81.96
66	8,16	50	40.14
66	8,16	64	38.25
66	8,16	65	43.75
66	8,16	86	37.11
66	8,16	120	53.61
66	8,16	128	68.66
66	8,16	129	43.01
66	8,16	131	32.49
66	8,16	139	63.94
66	8,16	143	67.42
66	8,16	146	37.52
66	8,16	152	23.96
66	8,16	153	46.97
66	8,16	203	76.37
66	8,24	50	37.54
66	8,24	64	35.58
66	8,24	65	41.21
66	8,24	86	34.51
66	8,24	120	50.86
66	8,24	128	65.59
66	8,24	129	40.28
66	8,24	131	29.72
66	8,24	139	61.30
66	8,24	143	64.79
66	8,24	146	36.56
66	8,24	152	21.85
66	8,24	153	46.45
66	8,24	188	55.06
66	8,24	203	73.21
66	9	1	42.00
66	9	4	19.56
66	9	8	25.52
66	9	10	20.08
66	9	11	37.97
66	9	12	33.15
66	9	15	25.72
66	9	18	42.99
66	9	21	20.38
66	9	23	35.32
66	9	29	30.24
66	9	37	61.42
66	9	49	20.70
66	9	56	38.76
66	9	66	34.41
66	9	68	20.59
66	9	75	20.28
66	9	78	51.92
66	9	80	39.92
66	9	90	52.68
66	9	102	22.42
66	9	113	58.15
66	9	117	43.48
66	9	121	32.77
66	9	135	25.34
66	9	142	46.76
66	9	150	40.72
66	9	154	46.21
66	9	157	26.99
66	9	161	24.25
66	9	163	23.83
66	9	171	29.25
66	9	172	46.48
66	9	175	37.94
66	9	178	33.38
66	9	179	48.07
66	9	201	23.73
66	9	204	58.27
66	9	207	23.79
66	9	209	28.27
66	9	210	44.65
66	9	215	27.80
66	9	216	31.42
66	9	219	46.72
66	9	222	22.15
66	9	227	40.45
66	9	231	41.18
66	9	235	42.30
66	9	241	44.00
66	9	244	22.92
66	9	248	60.01
66	9	252	20.48
66	9	256	29.85
66	9	261	20.52
66	9	267	22.14
66	9,26	4	29.96
66	9,26	8	35.96
66	9,26	10	29.44
66	9,26	12	58.52
66	9,26	15	49.75
66	9,26	29	40.30
66	9,26	66	43.87
66	9,26	75	29.80
66	9,26	80	49.89
66	9,26	117	53.45
66	9,26	142	57.59
66	9,26	150	68.14
66	9,26	157	35.77
66	9,26	171	39.93
66	9,26	175	46.97
66	9,26	222	31.86
66	9,26	235	51.55
66	10	2	20.79
66	10	9	52.58
66	10	17	59.87
66	10	33	49.20
66	10	35	40.14
66	10	45	17.72
66	10	57	17.42
66	10	62	17.59
66	10	76	48.68
66	10	81	48.96
66	10	85	19.55
66	10	88	48.52
66	10	96	19.66
66	10	100	18.11
66	10	104	21.10
66	10	105	55.59
66	10	114	16.21
66	10	115	18.30
66	10	124	17.97
66	10	125	60.20
66	10	148	42.00
66	10	151	22.62
66	10	158	45.01
66	10	160	18.75
66	10	166	18.23
66	10	184	31.46
66	10	187	36.46
66	10	190	39.25
66	10	195	37.46
66	10	206	46.30
66	10	211	46.23
66	10	218	51.10
66	10	228	19.08
66	10	237	16.82
66	10	271	37.80
66	10	273	19.52
66	10	275	16.13
66	10,23	9	62.11
66	10,23	76	59.63
66	10,23	88	59.03
66	10,23	125	72.20
66	10,23	148	63.04
66	10,23	151	34.08
66	10,23	158	57.41
66	10,23	184	42.48
66	10,23	187	46.59
66	10,23	195	49.20
66	10,23	218	63.46
66	11	50	31.07
66	11	64	27.28
66	11	86	27.27
66	11	120	43.68
66	11	128	55.11
66	11	129	33.77
66	11	131	20.96
66	11	139	52.99
66	11	143	59.52
66	11	146	22.30
66	11	152	16.28
66	11	153	28.15
66	11	189	49.93
66	11	203	62.48
66	11	260	56.59
66	11,12	50	38.87
66	11,12	64	36.07
66	11,12	86	35.08
66	11,12	120	52.18
66	11,12	128	67.79
66	11,12	129	42.28
66	11,12	131	29.93
66	11,12	139	65.34
66	11,12	143	67.92
66	11,12	146	31.32
66	11,12	152	25.75
66	11,12	153	44.76
66	11,12	203	75.30
66	11,16	50	39.44
66	11,16	64	36.01
66	11,16	86	35.96
66	11,16	120	52.82
66	11,16	128	65.73
66	11,16	129	43.28
66	11,16	131	30.96
66	11,16	139	61.73
66	11,16	143	68.77
66	11,16	146	31.90
66	11,16	152	24.38
66	11,16	153	42.82
66	11,16	203	73.28
66	11,24	50	36.28
66	11,24	64	33.59
66	11,24	86	32.49
66	11,24	120	49.51
66	11,24	128	61.28
66	11,24	129	39.61
66	11,24	131	27.23
66	11,24	139	59.30
66	11,24	143	65.10
66	11,24	146	28.80
66	11,24	152	21.41
66	11,24	153	40.25
66	11,24	203	68.70
66	12	14	18.72
66	12	16	33.69
66	12	39	11.18
66	12	50	27.63
66	12	54	30.44
66	12	58	36.20
66	12	64	24.24
66	12	72	44.70
66	12	79	15.41
66	12	86	23.83
66	12	106	41.30
66	12	107	14.69
66	12	120	40.03
66	12	126	14.04
66	12	128	48.31
66	12	129	30.11
66	12	131	16.03
66	12	136	14.83
66	12	139	47.54
66	12	143	55.41
66	12	146	19.70
66	12	152	13.45
66	12	153	28.49
66	12	159	13.87
66	12	188	42.35
66	12	189	46.82
66	12	203	55.46
66	12	242	12.76
66	12	243	30.75
66	12	246	26.79
66	12	257	14.21
66	12	259	12.72
66	12	260	51.17
66	12	268	23.41
66	12	276	10.86
66	12	277	14.42
66	12,16	50	39.49
66	12,16	64	36.08
66	12,16	86	36.01
66	12,16	120	52.90
66	12,16	128	70.58
66	12,16	129	43.37
66	12,16	131	31.06
66	12,16	139	61.79
66	12,16	143	68.92
66	12,16	146	32.00
66	12,16	152	24.31
66	12,16	153	40.38
66	12,16	203	78.18
66	12,24	14	27.35
66	12,24	16	41.80
66	12,24	39	15.35
66	12,24	50	34.46
66	12,24	54	38.34
66	12,24	58	43.90
66	12,24	64	29.38
66	12,24	79	21.97
66	12,24	86	28.17
66	12,24	107	20.34
66	12,24	120	47.59
66	12,24	126	24.94
66	12,24	128	59.35
66	12,24	129	37.70
66	12,24	131	22.58
66	12,24	136	19.59
66	12,24	139	57.65
66	12,24	143	63.01
66	12,24	146	24.97
66	12,24	152	17.69
66	12,24	153	35.06
66	12,24	159	17.79
66	12,24	188	48.99
66	12,24	203	66.72
66	12,24	242	17.65
66	12,24	243	38.08
66	12,24	246	40.59
66	12,24	257	19.00
66	12,24	259	17.62
66	12,24	276	18.79
66	12,24	277	18.97
66	13	1	35.20
66	13	4	16.49
66	13	10	18.31
66	13	11	33.35
66	13	12	34.48
66	13	15	20.48
66	13	23	28.48
66	13	27	32.13
66	13	28	51.41
66	13	37	59.07
66	13	49	15.69
66	13	56	33.45
66	13	59	35.92
66	13	67	20.92
66	13	68	14.82
66	13	78	46.52
66	13	90	50.70
66	13	102	17.28
66	13	113	54.07
66	13	117	42.89
66	13	121	36.55
66	13	135	19.61
66	13	141	21.21
66	13	144	55.82
66	13	150	33.34
66	13	154	46.03
66	13	161	18.24
66	13	171	29.24
66	13	175	35.52
66	13	178	23.93
66	13	192	22.41
66	13	194	47.70
66	13	201	18.13
66	13	207	17.62
66	13	209	33.63
66	13	221	37.28
66	13	222	19.35
66	13	238	18.58
66	13	252	14.14
66	13	255	28.51
66	13	256	30.41
66	13	261	14.18
66	13	262	16.97
66	13	274	18.69
66	13,14	4	22.76
66	13,14	10	24.55
66	13,14	12	44.72
66	13,14	15	27.65
66	13,14	49	23.21
66	13,14	68	23.23
66	13,14	102	24.61
66	13,14	117	49.73
66	13,14	135	27.87
66	13,14	150	40.51
66	13,14	161	26.27
66	13,14	171	42.14
66	13,14	175	42.85
66	13,14	178	30.55
66	13,14	201	25.79
66	13,14	207	25.28
66	13,14	209	41.28
66	13,14	222	27.20
66	13,14	252	21.51
66	13,14	256	37.14
66	13,14	261	21.55
66	13,14	262	24.83
66	13,26	4	34.72
66	13,26	10	33.68
66	13,26	12	52.20
66	13,26	15	37.42
66	13,26	117	61.55
66	13,26	150	53.41
66	13,26	171	39.52
66	13,26	175	51.59
66	13,26	222	36.21
66	14	1	31.46
66	14	4	8.24
66	14	8	14.72
66	14	10	11.93
66	14	11	28.83
66	14	12	27.89
66	14	15	17.30
66	14	18	34.87
66	14	21	10.80
66	14	23	24.89
66	14	29	30.54
66	14	37	51.85
66	14	49	8.73
66	14	56	30.08
66	14	66	27.56
66	14	68	10.83
66	14	75	11.94
66	14	78	41.80
66	14	80	30.65
66	14	90	43.17
66	14	102	11.73
66	14	113	39.65
66	14	117	34.73
66	14	121	28.56
66	14	127	20.90
66	14	135	13.58
66	14	150	28.62
66	14	154	39.13
66	14	161	12.28
66	14	163	13.73
66	14	171	27.37
66	14	175	29.62
66	14	178	15.93
66	14	201	11.79
66	14	204	50.11
66	14	207	13.61
66	14	209	24.89
66	14	210	36.49
66	14	215	17.49
66	14	221	31.72
66	14	222	12.72
66	14	227	31.73
66	14	235	31.30
66	14	241	41.90
66	14	244	13.35
66	14	248	51.32
66	14	252	9.99
66	14	256	21.46
66	14	261	10.03
66	14	262	12.75
66	14	267	13.62
66	15	5	34.44
66	15	24	10.93
66	15	25	52.65
66	15	38	10.04
66	15	41	12.87
66	15	47	12.15
66	15	53	27.89
66	15	69	13.01
66	15	77	37.85
66	15	83	21.28
66	15	84	12.20
66	15	87	47.83
66	15	89	12.13
66	15	91	10.92
66	15	98	12.41
66	15	99	41.58
66	15	103	13.75
66	15	112	16.97
66	15	116	23.68
66	15	132	20.41
66	15	133	16.42
66	15	134	11.66
66	15	137	50.76
66	15	165	12.65
66	15	174	28.69
66	15	182	11.59
66	15	185	9.92
66	15	200	21.46
66	15	202	13.38
66	15	205	19.61
66	15	208	14.96
66	15	213	14.44
66	15	223	41.24
66	15	224	39.18
66	15	234	11.34
66	15	240	13.17
66	15	254	10.07
66	16	50	32.38
66	16	64	28.00
66	16	65	34.45
66	16	86	28.89
66	16	120	45.14
66	16	128	57.96
66	16	129	35.61
66	16	131	22.83
66	16	139	53.72
66	16	143	61.32
66	16	146	23.72
66	16	152	17.41
66	16	153	28.00
66	16	189	50.72
66	16	203	65.46
66	16	260	58.58
66	16,24	50	36.59
66	16,24	64	33.15
66	16,24	65	39.70
66	16,24	86	33.13
66	16,24	120	49.94
66	16,24	128	62.75
66	16,24	129	40.41
66	16,24	131	28.07
66	16,24	139	58.86
66	16,24	143	65.80
66	16,24	146	29.01
66	16,24	152	21.63
66	16,24	153	42.35
66	16,24	203	70.31
66	17	3	56.93
66	17	22	54.49
66	17	26	48.01
66	17	32	49.45
66	17	36	14.04
66	17	42	29.28
66	17	51	19.37
66	17	52	57.42
66	17	61	37.15
66	17	63	32.15
66	17	71	14.06
66	17	109	49.34
66	17	130	38.59
66	17	147	16.85
66	17	149	16.90
66	17	162	60.92
66	17	170	50.28
66	17	191	62.45
66	17	196	13.38
66	17	232	29.69
66	17	249	23.06
66	17	250	25.94
66	17	251	10.99
66	17,22	52	88.34
66	18	7	38.55
66	18	19	30.54
66	18	108	30.72
66	18	111	12.24
66	18	142	28.21
66	18	172	42.18
66	18	193	49.68
66	18	219	42.03
66	18	220	11.56
66	18	233	14.06
66	18	236	11.03
66	18	267	14.10
66	18	269	12.42
66	18,19	7	44.77
66	18,19	19	36.82
66	18,19	108	35.93
66	18,19	111	18.30
66	18,19	142	33.83
66	18,19	220	16.65
66	18,19	233	20.20
66	18,19	236	16.10
66	18,19	267	19.24
66	18,19	269	17.76
66	19	7	36.92
66	19	19	29.58
66	19	72	39.65
66	19	108	30.38
66	19	111	12.34
66	19	142	27.66
66	19	193	49.32
66	19	219	40.80
66	19	220	11.61
66	19	233	14.15
66	19	236	10.90
66	19	267	14.06
66	19	269	11.30
66	20	6	21.87
66	20	20	9.69
66	20	30	14.13
66	20	34	11.37
66	20	40	9.83
66	20	46	24.38
66	20	73	29.48
66	20	74	12.48
66	20	82	17.17
66	20	92	22.96
66	20	93	37.59
66	20	94	10.94
66	20	101	35.69
66	20	110	16.89
66	20	118	23.24
66	20	122	26.17
66	20	138	51.56
66	20	145	18.00
66	20	156	37.39
66	20	167	37.20
66	20	168	38.63
66	20	176	25.85
66	20	177	39.54
66	20	212	13.56
66	20	217	22.46
66	20	225	15.07
66	20	229	35.49
66	20	230	47.07
66	20	245	15.30
66	20	247	12.99
66	20	253	26.75
66	20	258	15.51
66	20	263	31.56
66	20	264	23.20
66	20	265	14.96
66	20	266	10.56
66	20	270	11.65
66	20	272	48.97
66	21	1	31.83
66	21	4	16.90
66	21	11	32.31
66	21	12	38.34
66	21	15	21.70
66	21	21	17.23
66	21	23	30.03
66	21	27	28.80
66	21	28	48.41
66	21	37	60.30
66	21	49	16.65
66	21	56	33.80
66	21	59	35.24
66	21	68	16.87
66	21	80	36.58
66	21	90	48.18
66	21	102	15.30
66	21	113	41.20
66	21	117	41.45
66	21	121	37.61
66	21	127	25.59
66	21	135	15.23
66	21	141	16.63
66	21	144	42.66
66	21	150	34.39
66	21	161	16.14
66	21	171	36.11
66	21	175	31.07
66	21	178	17.59
66	21	181	32.07
66	21	183	22.37
66	21	194	43.96
66	21	201	15.99
66	21	207	18.70
66	21	209	33.35
66	21	221	35.34
66	21	238	18.31
66	21	252	16.39
66	21	256	30.77
66	21	261	16.44
66	21	262	17.48
66	21	274	18.65
66	21,22	4	39.28
66	21,22	12	61.87
66	21,22	15	41.32
66	21,22	28	68.86
66	21,22	59	57.13
66	21,22	117	66.25
66	21,22	144	62.63
66	21,22	150	56.72
66	21,22	171	67.24
66	21,22	238	39.85
66	21,22	274	40.18
66	22	4	25.93
66	22	12	46.99
66	22	15	29.10
66	22	26	63.56
66	22	28	56.24
66	22	52	69.59
66	22	59	43.73
66	22	90	58.27
66	22	95	54.61
66	22	113	53.76
66	22	117	51.17
66	22	121	46.35
66	22	144	53.99
66	22	150	43.52
66	22	171	50.82
66	22	194	54.14
66	22	221	42.37
66	22	238	25.93
66	22	274	26.35
66	22,25	4	38.54
66	22,25	12	58.56
66	22,25	15	40.31
66	22,25	28	66.70
66	22,25	59	55.75
66	22,25	117	61.52
66	22,25	144	65.17
66	22,25	150	57.13
66	22,25	171	62.72
66	22,25	238	37.85
66	23	9	51.15
66	23	17	59.86
66	23	33	51.07
66	23	35	35.61
66	23	55	50.85
66	23	76	48.01
66	23	88	48.13
66	23	125	60.32
66	23	148	46.25
66	23	151	22.89
66	23	158	46.56
66	23	184	32.92
66	23	187	35.25
66	23	195	37.69
66	23	214	42.23
66	23	218	51.70
66	24	14	18.61
66	24	16	33.96
66	24	39	8.11
66	24	50	24.87
66	24	54	30.58
66	24	58	33.41
66	24	64	21.34
66	24	65	28.24
66	24	79	12.76
66	24	86	21.06
66	24	106	40.70
66	24	107	11.87
66	24	120	37.21
66	24	126	14.77
66	24	128	48.37
66	24	129	27.30
66	24	131	14.38
66	24	136	11.49
66	24	139	47.03
66	24	143	52.54
66	24	146	16.73
66	24	152	10.80
66	24	153	23.83
66	24	159	10.82
66	24	173	18.63
66	24	188	38.49
66	24	189	43.89
66	24	203	55.61
66	24	242	10.01
66	24	243	28.48
66	24	246	27.20
66	24	257	11.37
66	24	259	9.99
66	24	260	50.76
66	24	276	11.15
66	24	277	11.34
66	25	1	33.13
66	25	4	18.18
66	25	11	32.69
66	25	12	39.72
66	25	15	22.42
66	25	23	31.15
66	25	27	28.56
66	25	28	46.20
66	25	37	61.77
66	25	48	42.59
66	25	49	17.93
66	25	56	34.39
66	25	59	35.58
66	25	68	17.92
66	25	80	35.34
66	25	90	47.10
66	25	102	13.68
66	25	113	44.52
66	25	117	40.89
66	25	121	39.06
66	25	127	24.39
66	25	135	14.15
66	25	141	13.39
66	25	144	46.25
66	25	150	34.99
66	25	161	15.52
66	25	171	37.85
66	25	175	31.66
66	25	178	18.86
66	25	181	30.92
66	25	183	20.27
66	25	194	42.49
66	25	201	15.44
66	25	209	33.68
66	25	221	35.72
66	25	238	19.00
66	25	252	17.62
66	25	256	32.38
66	25	261	17.66
66	26	4	20.69
66	26	8	26.89
66	26	10	22.38
66	26	11	40.03
66	26	12	33.73
66	26	13	38.46
66	26	15	27.75
66	26	29	31.77
66	26	66	36.82
66	26	75	21.13
66	26	80	41.55
66	26	90	54.27
66	26	113	58.56
66	26	117	44.55
66	26	121	38.82
66	26	127	30.94
66	26	142	50.31
66	26	150	44.45
66	26	154	48.17
66	26	157	27.46
66	26	164	45.75
66	26	171	30.87
66	26	172	48.83
66	26	175	37.82
66	26	204	61.68
66	26	210	45.76
66	26	222	24.65
66	26	227	41.08
66	26	235	43.15
66	26	241	44.30
66	26	248	62.24
