Task=73 Orders=42 Vehicles=407 Scores=1941
73	1	2	17.13
73	1	7	35.61
73	1	93	39.07
73	1	105	33.94
73	1	122	47.92
73	1	124	42.03
73	1	184	34.93
73	1	205	29.61
73	1	207	44.07
73	1	214	36.11
73	1	229	52.66
73	1	253	32.63
73	1	259	45.37
73	1	264	28.90
73	1	267	51.04
73	1	271	39.13
73	1	308	20.51
73	1	336	31.96
73	1	344	58.70
73	1	347	31.41
73	1	353	14.94
73	1	358	14.41
73	1	360	37.18
73	1	364	37.63
73	1	373	38.90
73	1	388	52.86
73	1	398	17.63
73	1	402	19.34
73	1	404	16.83
73	1,6	2	23.93
73	1,6	93	46.41
73	1,6	105	40.85
73	1,6	122	58.17
73	1,6	124	50.90
73	1,6	184	42.97
73	1,6	207	53.44
73	1,6	214	45.41
73	1,6	253	39.87
73	1,6	259	52.27
73	1,6	308	27.76
73	1,6	336	38.20
73	1,6	347	38.21
73	1,6	353	21.75
73	1,6	358	23.01
73	1,6	360	44.21
73	1,6	364	46.93
73	1,6	373	48.27
73	1,6	388	63.65
73	1,6	402	26.27
73	1,6	404	23.63
73	1,10	214	66.66
73	1,10	267	74.76
73	1,34	93	58.31
73	1,34	105	53.39
73	1,34	122	69.10
73	1,34	124	61.89
73	1,34	184	51.69
73	1,34	205	48.06
73	1,34	207	62.28
73	1,34	214	57.45
73	1,34	264	49.15
73	1,34	267	70.35
73	1,34	336	49.61
73	1,34	358	38.27
73	1,34	373	56.10
73	1,34	388	72.30
73	2	17	13.72
73	2	20	18.90
73	2	30	27.25
73	2	32	16.38
73	2	35	23.41
73	2	36	15.30
73	2	45	30.35
73	2	58	14.48
73	2	74	16.39
73	2	81	40.99
73	2	109	47.72
73	2	119	26.08
73	2	134	24.21
73	2	137	19.99
73	2	160	26.77
73	2	178	26.89
73	2	180	47.41
73	2	203	15.48
73	2	225	45.70
73	2	232	15.00
73	2	242	11.32
73	2	251	27.11
73	2	254	30.82
73	2	298	32.06
73	2	299	16.54
73	2	332	12.75
73	2	333	13.44
73	2	334	19.28
73	2	359	11.90
73	2	361	59.75
73	2	370	15.46
73	2	385	24.18
73	2	392	22.20
73	2	397	12.70
73	2,24	17	26.17
73	2,24	30	38.69
73	2,24	32	28.51
73	2,24	35	35.92
73	2,24	36	27.75
73	2,24	58	25.76
73	2,24	74	27.55
73	2,24	119	36.56
73	2,24	137	31.82
73	2,24	160	38.73
73	2,24	180	59.92
73	2,24	203	23.90
73	2,24	232	23.90
73	2,24	242	19.80
73	2,24	251	36.24
73	2,24	298	43.31
73	2,24	299	23.66
73	2,24	332	21.06
73	2,24	333	25.70
73	2,24	359	20.06
73	2,24	370	28.04
73	2,24	385	32.01
73	2,24	392	33.65
73	2,24	397	20.34
73	3	4	31.55
73	3	14	14.39
73	3	56	10.82
73	3	65	16.42
73	3	67	15.63
73	3	69	17.61
73	3	100	43.89
73	3	103	10.75
73	3	111	17.17
73	3	139	11.92
73	3	154	17.21
73	3	166	46.42
73	3	174	15.25
73	3	175	20.94
73	3	181	18.10
73	3	191	18.24
73	3	199	15.13
73	3	209	11.66
73	3	219	33.73
73	3	223	15.24
73	3	227	14.70
73	3	228	40.63
73	3	237	13.45
73	3	260	10.73
73	3	262	40.42
73	3	285	17.06
73	3	291	14.32
73	3	296	39.30
73	3	297	33.61
73	3	321	15.58
73	3	322	11.46
73	3	335	40.61
73	3	339	13.54
73	3	341	14.35
73	3	343	44.35
73	3	350	42.73
73	3	362	36.77
73	3	387	29.86
73	3	389	45.61
73	3	393	16.03
73	3	394	14.38
73	3	400	16.20
73	3,29	4	38.08
73	3,29	14	20.82
73	3,29	56	19.08
73	3,29	65	23.62
73	3,29	67	23.94
73	3,29	69	24.10
73	3,29	103	18.92
73	3,29	111	24.28
73	3,29	139	20.04
73	3,29	154	24.59
73	3,29	174	22.85
73	3,29	175	27.96
73	3,29	181	25.00
73	3,29	191	29.86
73	3,29	199	22.15
73	3,29	209	18.89
73	3,29	219	40.35
73	3,29	223	22.38
73	3,29	227	21.86
73	3,29	228	48.14
73	3,29	237	20.58
73	3,29	260	17.38
73	3,29	262	47.21
73	3,29	285	28.28
73	3,29	291	21.06
73	3,29	296	45.75
73	3,29	297	40.11
73	3,29	321	22.38
73	3,29	322	18.39
73	3,29	339	21.66
73	3,29	341	21.55
73	3,29	362	38.80
73	3,29	387	36.87
73	3,29	393	22.92
73	3,29	394	22.54
73	3,29	400	23.42
73	4	1	43.35
73	4	5	61.49
73	4	31	25.82
73	4	33	19.27
73	4	62	30.75
73	4	64	48.61
73	4	76	35.75
73	4	82	46.69
73	4	88	34.73
73	4	95	42.94
73	4	98	64.73
73	4	126	30.17
73	4	136	16.85
73	4	144	18.08
73	4	150	16.54
73	4	157	17.25
73	4	171	26.13
73	4	187	12.49
73	4	200	17.85
73	4	208	26.03
73	4	231	43.93
73	4	241	41.61
73	4	245	59.11
73	4	263	48.61
73	4	278	40.55
73	4	306	31.70
73	4	307	37.61
73	4	311	32.06
73	4	329	37.35
73	4	351	21.30
73	4	357	40.99
73	4	371	46.58
73	4,25	1	57.55
73	4,25	82	66.92
73	4,25	95	63.25
73	4,25	150	36.75
73	4,25	157	29.58
73	4,25	171	44.23
73	4,25	187	30.89
73	4,25	200	38.25
73	4,25	231	62.23
73	4,25	278	63.39
73	4,25	306	46.03
73	4,25	311	54.07
73	4,25	351	40.97
73	4,35	1	58.55
73	4,35	31	37.03
73	4,35	33	30.44
73	4,35	62	42.25
73	4,35	76	47.11
73	4,35	82	61.80
73	4,35	88	46.21
73	4,35	95	54.24
73	4,35	126	42.82
73	4,35	136	29.48
73	4,35	144	30.39
73	4,35	150	28.49
73	4,35	157	27.65
73	4,35	171	38.31
73	4,35	187	23.70
73	4,35	200	29.59
73	4,35	208	39.48
73	4,35	231	60.89
73	4,35	241	54.99
73	4,35	245	68.04
73	4,35	278	52.20
73	4,35	306	43.65
73	4,35	311	42.97
73	4,35	329	47.14
73	4,35	351	32.76
73	4,35	357	53.68
73	5	3	18.72
73	5	8	38.10
73	5	14	17.11
73	5	18	41.14
73	5	29	33.31
73	5	44	19.77
73	5	78	23.00
73	5	89	16.35
73	5	99	17.86
73	5	113	16.65
73	5	115	43.45
73	5	116	17.38
73	5	128	17.62
73	5	135	18.46
73	5	147	38.90
73	5	149	16.79
73	5	151	49.85
73	5	169	16.42
73	5	185	15.51
73	5	206	39.06
73	5	220	31.55
73	5	226	44.01
73	5	230	16.42
73	5	235	21.48
73	5	243	28.31
73	5	248	22.18
73	5	250	24.27
73	5	252	44.37
73	5	261	28.72
73	5	270	44.51
73	5	272	37.00
73	5	275	15.04
73	5	283	16.46
73	5	313	19.76
73	5	316	19.77
73	5	321	21.55
73	5	343	41.24
73	5	348	13.23
73	5	384	52.20
73	5,9	3	33.08
73	5,9	8	55.08
73	5,9	14	30.48
73	5,9	18	59.42
73	5,9	29	51.69
73	5,9	44	33.54
73	5,9	78	36.72
73	5,9	89	30.15
73	5,9	99	31.37
73	5,9	113	30.54
73	5,9	116	31.06
73	5,9	128	32.21
73	5,9	135	32.15
73	5,9	149	30.32
73	5,9	169	30.51
73	5,9	185	29.04
73	5,9	206	55.24
73	5,9	220	51.23
73	5,9	226	61.31
73	5,9	230	30.28
73	5,9	235	30.37
73	5,9	243	46.45
73	5,9	248	36.39
73	5,9	250	40.15
73	5,9	261	44.13
73	5,9	275	28.62
73	5,9	283	26.70
73	5,9	313	33.34
73	5,9	316	35.25
73	5,9	321	35.73
73	5,9	348	27.68
73	5,37	14	29.93
73	5,37	89	30.63
73	5,37	113	31.97
73	5,37	116	31.49
73	5,37	149	30.00
73	5,37	185	30.00
73	5,37	206	59.28
73	5,37	230	30.51
73	5,37	243	50.79
73	5,37	250	44.15
73	5,37	275	28.44
73	5,37	283	35.90
73	6	2	14.80
73	6	63	43.34
73	6	93	36.17
73	6	105	32.01
73	6	122	43.20
73	6	124	37.03
73	6	184	31.23
73	6	207	40.63
73	6	214	30.61
73	6	253	27.11
73	6	259	42.75
73	6	308	17.06
73	6	336	29.92
73	6	347	29.49
73	6	353	12.85
73	6	358	8.82
73	6	360	35.10
73	6	364	32.69
73	6	373	35.46
73	6	388	49.96
73	6	402	16.92
73	6	403	12.39
73	6	404	11.75
73	7	12	45.96
73	7	15	37.23
73	7	21	36.83
73	7	23	39.06
73	7	24	44.70
73	7	28	46.79
73	7	42	53.62
73	7	52	46.55
73	7	101	27.30
73	7	110	57.77
73	7	140	46.31
73	7	141	57.66
73	7	156	39.73
73	7	176	34.70
73	7	201	38.49
73	7	210	41.87
73	7	212	24.07
73	7	221	28.34
73	7	247	43.77
73	7	255	25.51
73	7	257	47.07
73	7	265	44.99
73	7	274	37.34
73	7	281	28.85
73	7	300	49.77
73	7	304	35.56
73	7	309	42.48
73	7	310	21.30
73	7	323	49.23
73	7	327	34.97
73	7	328	18.73
73	7	345	63.58
73	7	363	29.44
73	7	368	52.76
73	7	374	35.18
73	7	382	52.30
73	7	399	28.69
73	7	405	39.59
73	7,14	12	67.94
73	7,14	15	61.01
73	7,14	23	59.56
73	7,14	28	66.65
73	7,14	101	52.00
73	7,14	141	78.15
73	7,14	176	56.45
73	7,14	201	54.65
73	7,14	221	51.31
73	7,14	247	68.20
73	7,14	281	49.86
73	7,14	304	54.37
73	7,14	327	58.38
73	7,14	345	80.86
73	7,14	363	53.17
73	7,14	368	71.20
73	7,14	382	69.58
73	7,20	12	59.69
73	7,20	15	52.23
73	7,20	23	52.34
73	7,20	24	58.87
73	7,20	28	62.23
73	7,20	101	41.68
73	7,20	141	72.96
73	7,20	176	48.41
73	7,20	201	52.59
73	7,20	221	42.85
73	7,20	247	69.45
73	7,20	281	42.21
73	7,20	304	50.37
73	7,20	327	59.96
73	7,20	345	77.77
73	7,20	363	43.58
73	7,20	368	67.31
73	7,20	382	66.49
73	8	3	20.11
73	8	4	31.79
73	8	8	39.14
73	8	10	19.49
73	8	14	14.32
73	8	51	30.31
73	8	53	19.06
73	8	56	16.72
73	8	65	19.96
73	8	67	16.15
73	8	69	18.79
73	8	79	35.79
73	8	90	37.99
73	8	100	50.68
73	8	103	19.51
73	8	106	18.30
73	8	111	19.99
73	8	114	22.34
73	8	128	21.61
73	8	139	19.14
73	8	149	16.99
73	8	151	45.13
73	8	166	47.20
73	8	169	17.10
73	8	175	24.49
73	8	181	18.62
73	8	199	14.90
73	8	206	42.46
73	8	209	14.68
73	8	218	22.72
73	8	219	37.72
73	8	223	15.77
73	8	227	15.07
73	8	228	44.77
73	8	230	18.59
73	8	234	21.42
73	8	235	29.62
73	8	237	17.79
73	8	248	24.89
73	8	250	23.27
73	8	252	38.63
73	8	260	15.41
73	8	270	52.30
73	8	272	33.72
73	8	290	36.25
73	8	291	16.83
73	8	296	39.94
73	8	297	37.77
73	8	321	15.30
73	8	322	13.61
73	8	335	46.42
73	8	339	20.82
73	8	341	14.21
73	8	343	45.14
73	8	350	46.41
73	8	377	24.92
73	8	387	29.70
73	8	393	16.58
73	8	400	16.72
73	8,17	3	32.13
73	8,17	4	43.77
73	8,17	8	50.49
73	8,17	10	31.54
73	8,17	14	24.89
73	8,17	51	41.99
73	8,17	56	27.72
73	8,17	67	28.97
73	8,17	69	30.93
73	8,17	79	47.82
73	8,17	90	49.77
73	8,17	103	32.23
73	8,17	106	29.93
73	8,17	111	32.23
73	8,17	114	35.49
73	8,17	128	34.99
73	8,17	139	32.00
73	8,17	149	28.14
73	8,17	169	28.18
73	8,17	175	36.17
73	8,17	181	31.20
73	8,17	199	26.46
73	8,17	206	53.79
73	8,17	209	25.82
73	8,17	219	48.94
73	8,17	223	27.49
73	8,17	227	26.54
73	8,17	230	31.11
73	8,17	234	34.92
73	8,17	235	40.04
73	8,17	237	29.07
73	8,17	248	36.90
73	8,17	250	34.51
73	8,17	260	25.86
73	8,17	290	48.42
73	8,17	291	28.55
73	8,17	296	51.32
73	8,17	321	26.90
73	8,17	322	24.52
73	8,17	339	33.28
73	8,17	341	25.68
73	8,17	377	49.52
73	8,17	387	41.87
73	8,17	393	28.04
73	8,17	400	28.85
73	8,29	4	45.06
73	8,29	14	26.75
73	8,29	51	43.37
73	8,29	56	28.38
73	8,29	65	32.32
73	8,29	67	31.54
73	8,29	69	33.13
73	8,29	103	32.73
73	8,29	111	34.17
73	8,29	139	32.23
73	8,29	175	38.73
73	8,29	181	33.25
73	8,29	199	29.24
73	8,29	209	28.08
73	8,29	219	50.13
73	8,29	223	30.20
73	8,29	227	28.82
73	8,29	228	59.54
73	8,29	237	30.41
73	8,29	260	27.49
73	8,29	291	32.00
73	8,29	296	55.72
73	8,29	297	50.15
73	8,29	321	29.93
73	8,29	322	26.17
73	8,29	339	34.61
73	8,29	341	27.96
73	8,29	387	43.62
73	8,29	393	30.32
73	8,29	400	31.93
73	9	3	22.06
73	9	8	40.83
73	9	14	19.82
73	9	18	44.14
73	9	29	36.14
73	9	44	22.45
73	9	78	25.90
73	9	89	19.35
73	9	99	20.24
73	9	113	19.54
73	9	115	46.17
73	9	116	20.06
73	9	128	20.89
73	9	135	20.96
73	9	147	40.96
73	9	149	19.32
73	9	151	52.55
73	9	169	18.92
73	9	185	18.04
73	9	206	41.39
73	9	220	34.70
73	9	226	46.80
73	9	230	19.04
73	9	235	23.68
73	9	243	30.90
73	9	248	25.17
73	9	250	26.38
73	9	252	47.32
73	9	261	30.96
73	9	270	47.24
73	9	272	40.18
73	9	275	17.65
73	9	283	18.55
73	9	313	22.34
73	9	316	23.79
73	9	321	25.11
73	9	343	43.90
73	9	348	16.52
73	9	384	55.01
73	9,37	14	31.99
73	9,37	89	33.15
73	9,37	113	33.45
73	9,37	116	33.24
73	9,37	149	32.10
73	9,37	185	31.28
73	9,37	206	54.06
73	9,37	230	32.73
73	9,37	243	44.44
73	9,37	250	38.58
73	9,37	275	30.66
73	9,37	283	32.37
73	10	27	42.75
73	10	50	48.44
73	10	133	51.24
73	10	197	63.34
73	10	202	20.52
73	10	214	47.41
73	10	267	56.86
73	10	273	74.70
73	10	305	62.97
73	10	344	71.51
73	10,16	214	61.56
73	10,16	267	70.00
73	10,16	273	90.99
73	10,18	214	69.75
73	10,34	214	79.59
73	10,34	267	84.86
73	11	54	52.28
73	11	92	54.03
73	11	130	45.59
73	11	133	47.89
73	11	152	45.63
73	11	173	60.58
73	11	184	40.35
73	11	194	46.38
73	11	196	57.59
73	11	207	46.17
73	11	233	49.72
73	11	269	56.86
73	11	273	85.00
73	11	303	66.76
73	11	305	65.46
73	11	317	46.51
73	11	318	57.24
73	11	326	56.11
73	11	344	73.61
73	11,34	184	60.13
73	11,34	207	71.44
73	12	39	36.01
73	12	340	29.49
73	12,15	340	47.82
73	13	12	44.39
73	13	13	20.82
73	13	15	35.31
73	13	21	38.37
73	13	23	38.30
73	13	24	46.56
73	13	28	34.21
73	13	41	40.00
73	13	42	51.61
73	13	52	52.18
73	13	80	31.03
73	13	86	37.97
73	13	140	46.44
73	13	141	56.10
73	13	156	39.42
73	13	201	41.03
73	13	210	43.11
73	13	221	27.42
73	13	224	47.37
73	13	244	18.31
73	13	247	45.06
73	13	255	25.30
73	13	265	44.07
73	13	274	35.51
73	13	281	30.21
73	13	293	22.54
73	13	300	54.00
73	13	309	46.61
73	13	310	19.58
73	13	327	44.44
73	13	328	17.34
73	13	349	38.07
73	13	363	28.56
73	13	365	30.39
73	13	382	50.49
73	13	386	41.97
73	13	399	32.93
73	13	405	42.69
73	13,14	12	68.25
73	13,14	15	61.04
73	13,14	23	60.51
73	13,14	28	64.21
73	13,14	141	87.61
73	13,14	201	58.93
73	13,14	221	52.30
73	13,14	247	71.56
73	13,14	281	53.00
73	13,14	327	67.17
73	13,14	363	54.37
73	13,14	382	76.41
73	14	12	52.08
73	14	15	42.75
73	14	23	45.66
73	14	28	56.41
73	14	42	57.85
73	14	62	43.34
73	14	101	35.15
73	14	141	67.32
73	14	176	40.37
73	14	201	38.56
73	14	221	35.52
73	14	247	47.25
73	14	265	50.97
73	14	281	35.87
73	14	304	41.96
73	14	327	47.34
73	14	329	50.21
73	14	345	71.85
73	14	363	34.17
73	14	368	59.23
73	14	382	58.86
73	14,20	12	69.31
73	14,20	15	61.87
73	14,20	23	61.86
73	14,20	28	75.07
73	14,20	101	53.17
73	14,20	141	86.69
73	14,20	176	58.10
73	14,20	201	61.80
73	14,20	221	53.21
73	14,20	247	75.80
73	14,20	281	52.06
73	14,20	304	61.89
73	14,20	327	63.79
73	14,20	345	88.94
73	14,20	363	53.32
73	14,20	368	78.75
73	14,20	382	76.99
73	14,27	12	68.10
73	14,27	15	63.13
73	14,27	23	60.85
73	14,27	28	78.08
73	14,27	62	60.86
73	14,27	101	55.56
73	14,27	141	87.42
73	14,27	176	59.01
73	14,27	201	60.65
73	14,27	281	53.17
73	14,27	304	55.87
73	14,27	327	68.61
73	14,27	329	64.73
73	14,27	345	87.97
73	14,27	363	53.77
73	14,27	368	80.96
73	15	39	39.03
73	15	340	30.34
73	16	93	46.01
73	16	105	42.38
73	16	122	55.69
73	16	124	46.63
73	16	184	38.72
73	16	207	49.25
73	16	214	41.07
73	16	267	58.03
73	16	273	72.61
73	16	336	39.58
73	16	344	66.86
73	16	358	23.70
73	16	373	45.28
73	16	388	60.56
73	16,18	93	54.01
73	16,18	105	50.54
73	16,18	122	62.46
73	16,18	124	56.11
73	16,18	184	46.52
73	16,18	207	57.46
73	16,18	214	51.10
73	16,18	336	45.44
73	16,18	358	33.75
73	16,18	373	51.10
73	16,18	388	68.07
73	16,26	93	72.94
73	16,26	105	68.34
73	16,26	122	83.97
73	16,26	124	73.82
73	16,26	184	61.28
73	16,26	207	73.65
73	16,26	214	70.45
73	16,26	267	83.83
73	16,26	273	108.14
73	16,26	336	61.79
73	16,26	358	56.23
73	16,26	373	69.68
73	16,26	388	86.93
73	16,34	93	60.30
73	16,34	105	55.37
73	16,34	122	71.14
73	16,34	124	63.54
73	16,34	184	53.06
73	16,34	207	64.18
73	16,34	214	59.18
73	16,34	267	72.30
73	16,34	336	49.83
73	16,34	358	40.54
73	16,34	373	58.00
73	16,34	388	74.30
73	17	3	23.32
73	17	4	35.56
73	17	8	42.34
73	17	10	22.70
73	17	14	17.48
73	17	51	34.63
73	17	56	20.99
73	17	67	20.75
73	17	69	23.31
73	17	79	39.63
73	17	89	22.61
73	17	90	42.07
73	17	103	24.38
73	17	106	21.73
73	17	111	22.85
73	17	114	26.42
73	17	128	24.17
73	17	139	23.72
73	17	149	20.15
73	17	151	49.23
73	17	166	49.07
73	17	169	18.62
73	17	175	28.44
73	17	181	22.66
73	17	199	18.18
73	17	206	44.72
73	17	209	18.85
73	17	219	41.58
73	17	220	36.24
73	17	223	19.20
73	17	226	50.80
73	17	227	18.31
73	17	230	21.10
73	17	234	25.34
73	17	235	31.51
73	17	237	22.28
73	17	248	26.20
73	17	250	25.73
73	17	252	43.23
73	17	260	19.51
73	17	270	54.11
73	17	272	37.04
73	17	275	20.80
73	17	283	26.44
73	17	289	25.01
73	17	290	40.49
73	17	291	21.73
73	17	296	41.97
73	17	316	24.25
73	17	321	18.58
73	17	322	17.86
73	17	335	50.48
73	17	339	25.35
73	17	341	17.45
73	17	343	47.01
73	17	377	37.15
73	17	387	32.54
73	17	393	20.59
73	17	400	20.18
73	17,30	3	32.39
73	17,30	4	43.90
73	17,30	8	50.62
73	17,30	10	31.80
73	17,30	14	26.31
73	17,30	51	42.76
73	17,30	56	28.69
73	17,30	67	30.45
73	17,30	69	31.31
73	17,30	79	48.01
73	17,30	90	49.92
73	17,30	103	32.68
73	17,30	106	30.18
73	17,30	111	32.49
73	17,30	114	35.77
73	17,30	128	35.24
73	17,30	139	32.46
73	17,30	149	29.17
73	17,30	169	29.93
73	17,30	175	36.32
73	17,30	181	31.68
73	17,30	199	27.99
73	17,30	206	53.92
73	17,30	209	27.27
73	17,30	219	49.07
73	17,30	223	29.00
73	17,30	227	27.96
73	17,30	230	31.51
73	17,30	234	35.18
73	17,30	235	40.55
73	17,30	237	30.35
73	17,30	248	37.76
73	17,30	250	35.21
73	17,30	260	27.08
73	17,30	290	48.58
73	17,30	291	30.17
73	17,30	296	51.63
73	17,30	321	28.45
73	17,30	322	25.87
73	17,30	339	33.56
73	17,30	341	27.10
73	17,30	377	45.83
73	17,30	387	42.52
73	17,30	393	29.28
73	17,30	400	30.41
73	18	6	27.42
73	18	37	48.97
73	18	49	45.61
73	18	63	37.13
73	18	93	41.90
73	18	105	38.99
73	18	122	49.62
73	18	124	44.41
73	18	184	36.27
73	18	189	29.27
73	18	207	46.37
73	18	214	38.76
73	18	336	34.80
73	18	358	19.54
73	18	373	40.00
73	18	388	56.39
73	18,34	93	60.21
73	18,34	105	55.27
73	18,34	122	70.34
73	18,34	124	63.90
73	18,34	184	61.30
73	18,34	207	73.45
73	18,34	214	59.70
73	18,34	336	47.90
73	18,34	358	40.70
73	18,34	373	67.08
73	18,34	388	74.23
73	19	7	39.56
73	19	37	45.75
73	19	38	33.25
73	19	46	35.68
73	19	49	56.46
73	19	55	15.45
73	19	66	26.52
73	19	70	17.31
73	19	75	37.21
73	19	93	35.00
73	19	105	37.23
73	19	117	37.32
73	19	120	33.65
73	19	122	45.32
73	19	127	47.83
73	19	129	51.00
73	19	159	20.31
73	19	167	21.85
73	19	170	43.13
73	19	189	35.37
73	19	193	36.11
73	19	198	52.82
73	19	204	47.73
73	19	205	28.49
73	19	229	51.76
73	19	246	37.23
73	19	264	24.49
73	19	266	43.20
73	19	292	24.89
73	19	308	22.89
73	19	315	17.90
73	19	320	23.92
73	19	346	15.13
73	19	347	35.00
73	19	353	17.92
73	19	355	52.79
73	19	364	44.34
73	19	369	35.30
73	19	379	17.89
73	19	380	17.89
73	19	402	19.62
73	19	406	29.96
73	19,28	38	52.18
73	19,28	75	59.23
73	19,28	93	57.52
73	19,28	105	58.93
73	19,28	122	68.96
73	19,28	189	49.13
73	19,28	193	56.56
73	19,28	205	50.52
73	19,28	246	62.08
73	19,28	264	48.13
73	20	12	52.48
73	20	15	43.46
73	20	23	46.07
73	20	24	51.97
73	20	28	54.28
73	20	42	59.52
73	20	80	38.49
73	20	101	34.46
73	20	141	65.23
73	20	176	41.41
73	20	201	44.55
73	20	221	35.48
73	20	247	57.11
73	20	265	50.85
73	20	281	35.94
73	20	304	42.21
73	20	327	40.38
73	20	345	70.85
73	20	363	35.31
73	20	368	59.45
73	20	382	58.89
73	21	1	48.28
73	21	5	64.49
73	21	31	29.11
73	21	33	22.46
73	21	62	33.80
73	21	64	46.13
73	21	76	39.01
73	21	82	49.85
73	21	88	37.80
73	21	95	46.00
73	21	98	68.31
73	21	107	21.38
73	21	126	33.99
73	21	136	20.23
73	21	144	21.39
73	21	150	20.01
73	21	157	20.32
73	21	171	29.31
73	21	187	16.01
73	21	200	21.10
73	21	208	29.28
73	21	231	47.28
73	21	241	37.61
73	21	245	62.83
73	21	263	51.65
73	21	278	43.65
73	21	306	35.20
73	21	307	41.41
73	21	311	35.13
73	21	329	40.39
73	21	351	24.70
73	21	356	21.65
73	21	357	44.14
73	21	371	49.75
73	21,25	1	58.59
73	21,25	82	69.69
73	21,25	95	60.23
73	21,25	107	34.87
73	21,25	150	35.55
73	21,25	157	30.82
73	21,25	171	44.39
73	21,25	187	30.39
73	21,25	200	38.14
73	21,25	231	59.63
73	21,25	278	59.45
73	21,25	306	46.39
73	21,25	311	50.25
73	21,25	351	40.54
73	21,35	1	58.10
73	21,35	31	39.69
73	21,35	33	33.01
73	21,35	62	44.93
73	21,35	76	50.72
73	21,35	82	59.45
73	21,35	88	48.51
73	21,35	95	57.23
73	21,35	107	32.11
73	21,35	126	45.13
73	21,35	136	31.96
73	21,35	144	33.56
73	21,35	150	30.56
73	21,35	157	31.07
73	21,35	171	40.85
73	21,35	187	26.10
73	21,35	200	32.25
73	21,35	208	41.08
73	21,35	231	58.65
73	21,35	241	60.35
73	21,35	245	71.13
73	21,35	278	54.38
73	21,35	306	45.76
73	21,35	311	45.34
73	21,35	329	50.39
73	21,35	351	35.46
73	21,35	356	31.80
73	21,35	357	55.32
73	22	68	50.28
73	22	77	42.18
73	22	96	23.52
73	22	102	61.32
73	22	104	37.18
73	22	148	31.48
73	22	162	26.39
73	22	164	48.32
73	22	177	28.38
73	22	195	53.38
73	22	213	51.23
73	22	256	57.21
73	22	258	44.61
73	22	268	51.24
73	22	276	35.35
73	22	277	46.48
73	22	279	34.66
73	22	284	50.06
73	22	287	58.15
73	22	314	59.42
73	22	375	47.35
73	22,36	68	69.94
73	22,36	77	62.63
73	22,36	96	40.18
73	22,36	104	53.10
73	22,36	148	52.13
73	22,36	162	42.49
73	22,36	177	45.25
73	22,36	195	71.04
73	22,36	258	60.49
73	22,36	268	68.30
73	22,36	276	52.66
73	22,36	277	64.75
73	22,36	279	52.34
73	22,36	284	66.34
73	22,36	314	76.70
73	22,36	375	64.39
73	23	27	52.80
73	23	50	44.07
73	23	59	28.87
73	23	65	24.25
73	23	68	54.17
73	23	71	25.85
73	23	73	32.04
73	23	77	40.04
73	23	83	27.96
73	23	84	23.39
73	23	85	65.07
73	23	102	52.70
73	23	121	34.87
73	23	142	27.31
73	23	143	47.48
73	23	154	27.52
73	23	158	30.30
73	23	168	24.17
73	23	175	25.72
73	23	179	50.34
73	23	183	30.86
73	23	190	56.06
73	23	262	46.69
73	23	268	41.75
73	23	280	25.30
73	23	302	38.39
73	23	312	27.62
73	23	324	50.04
73	23	337	48.01
73	23	338	37.17
73	23	381	48.93
73	23	395	37.97
73	23	401	26.72
73	23	407	24.03
73	23,32	73	57.18
73	23,32	84	37.66
73	23,32	121	49.65
73	23,32	142	49.76
73	23,32	280	52.80
73	23,32	302	52.61
73	23,32	312	49.23
73	23,32	338	50.17
73	23,32	395	50.85
73	23,32	401	50.00
73	23,32	407	44.63
73	24	17	13.00
73	24	30	26.14
73	24	32	16.13
73	24	35	22.85
73	24	36	15.03
73	24	45	29.00
73	24	58	13.28
73	24	74	15.89
73	24	81	40.58
73	24	109	46.32
73	24	119	24.82
73	24	137	18.83
73	24	160	26.39
73	24	180	46.85
73	24	203	14.96
73	24	232	14.62
73	24	238	14.24
73	24	239	23.51
73	24	242	11.72
73	24	251	30.76
73	24	298	31.27
73	24	299	14.61
73	24	330	12.45
73	24	332	11.85
73	24	333	13.32
73	24	359	12.23
73	24	361	59.28
73	24	370	15.07
73	24	385	22.70
73	24	392	20.66
73	24	397	11.70
73	24,38	30	43.79
73	24,38	32	33.49
73	24,38	35	41.10
73	24,38	36	32.76
73	24,38	74	32.35
73	24,38	119	41.75
73	24,38	137	36.92
73	24,38	160	43.45
73	24,38	180	58.93
73	24,38	242	30.86
73	24,38	298	48.24
73	24,38	333	30.58
73	24,38	359	29.83
73	25	1	45.97
73	25	5	61.85
73	25	25	42.96
73	25	40	28.70
73	25	43	37.69
73	25	60	43.75
73	25	82	50.77
73	25	95	45.52
73	25	98	66.25
73	25	107	20.68
73	25	125	46.08
73	25	131	43.82
73	25	146	41.17
73	25	150	23.01
73	25	157	15.73
73	25	171	29.37
73	25	187	17.89
73	25	200	23.61
73	25	231	44.80
73	25	278	45.17
73	25	295	48.46
73	25	306	32.35
73	25	311	36.54
73	25	351	27.01
73	25	366	46.48
73	25,35	1	54.45
73	25,35	40	37.44
73	25,35	43	44.10
73	25,35	60	52.61
73	25,35	82	58.10
73	25,35	95	54.27
73	25,35	107	29.00
73	25,35	150	30.17
73	25,35	157	24.01
73	25,35	171	38.18
73	25,35	187	24.89
73	25,35	200	31.59
73	25,35	231	53.89
73	25,35	278	53.35
73	25,35	306	40.41
73	25,35	311	44.27
73	25,35	351	34.32
73	26	93	46.20
73	26	105	42.56
73	26	122	55.89
73	26	124	46.83
73	26	184	38.87
73	26	207	49.42
73	26	214	41.28
73	26	267	58.21
73	26	273	72.87
73	26	336	39.72
73	26	344	67.06
73	26	358	23.93
73	26	373	45.45
73	26	388	60.75
73	26,34	93	73.86
73	26,34	105	68.54
73	26,34	122	89.34
73	26,34	124	79.17
73	26,34	184	65.66
73	26,34	207	78.42
73	26,34	214	72.24
73	26,34	267	88.85
73	26,34	336	60.58
73	26,34	358	57.06
73	26,34	373	70.24
73	26,34	388	92.11
73	27	12	51.87
73	27	15	45.32
73	27	23	45.65
73	27	28	57.96
73	27	62	42.23
73	27	101	37.52
73	27	141	66.63
73	27	150	26.65
73	27	176	42.93
73	27	201	43.83
73	27	281	37.65
73	27	304	36.85
73	27	327	51.18
73	27	329	48.15
73	27	345	70.51
73	27	363	36.38
73	27	368	40.48
73	28	37	51.44
73	28	38	43.87
73	28	49	56.21
73	28	75	46.83
73	28	93	44.80
73	28	105	39.77
73	28	122	53.08
73	28	124	52.49
73	28	129	52.59
73	28	189	37.10
73	28	193	44.61
73	28	205	35.49
73	28	214	47.52
73	28	246	51.70
73	28	264	32.63
73	28	266	51.89
73	28	267	56.01
73	28	336	41.34
73	28	358	28.21
73	28	373	45.69
73	28	388	59.82
73	28,31	38	58.23
73	28,31	75	65.49
73	28,31	93	64.21
73	28,31	105	55.70
73	28,31	122	70.46
73	28,31	189	53.14
73	28,31	193	62.58
73	28,31	205	51.70
73	28,31	246	71.99
73	28,31	264	49.58
73	28,39	75	57.52
73	28,39	93	55.82
73	28,39	105	48.24
73	28,39	122	64.01
73	28,39	124	62.96
73	28,39	193	55.17
73	28,39	205	46.24
73	28,39	214	58.37
73	28,39	246	62.46
73	28,39	264	42.73
73	28,39	267	65.70
73	28,39	358	40.77
73	28,39	373	55.92
73	29	4	31.90
73	29	14	15.62
73	29	51	31.04
73	29	56	13.38
73	29	65	17.97
73	29	67	16.90
73	29	69	18.49
73	29	100	46.48
73	29	103	13.27
73	29	111	18.37
73	29	139	13.79
73	29	154	18.49
73	29	166	47.07
73	29	174	17.00
73	29	175	22.20
73	29	181	18.85
73	29	191	21.72
73	29	199	16.45
73	29	209	13.32
73	29	219	34.80
73	29	223	16.49
73	29	227	16.01
73	29	228	42.32
73	29	237	14.70
73	29	260	12.39
73	29	262	41.48
73	29	285	20.04
73	29	291	15.59
73	29	296	39.89
73	29	297	34.77
73	29	321	16.82
73	29	322	12.72
73	29	335	43.32
73	29	339	16.01
73	29	341	15.70
73	29	343	45.01
73	29	350	43.59
73	29	362	40.11
73	29	387	30.87
73	29	393	17.07
73	29	394	16.69
73	29	400	17.35
73	30	3	15.65
73	30	4	28.17
73	30	8	35.48
73	30	10	15.49
73	30	14	11.30
73	30	51	27.23
73	30	53	15.07
73	30	56	13.39
73	30	65	16.58
73	30	67	12.44
73	30	69	14.32
73	30	79	31.55
73	30	90	34.35
73	30	100	47.04
73	30	103	14.39
73	30	106	14.24
73	30	111	15.68
73	30	114	16.93
73	30	128	16.82
73	30	139	14.66
73	30	149	13.48
73	30	151	41.87
73	30	166	43.23
73	30	169	13.68
73	30	175	20.75
73	30	181	14.39
73	30	199	11.00
73	30	206	39.14
73	30	209	11.25
73	30	218	16.38
73	30	219	34.31
73	30	223	11.93
73	30	227	11.59
73	30	228	40.82
73	30	230	14.79
73	30	234	16.92
73	30	235	26.28
73	30	237	14.65
73	30	248	20.49
73	30	250	20.61
73	30	252	35.28
73	30	260	11.97
73	30	270	48.21
73	30	272	29.86
73	30	290	32.17
73	30	291	12.30
73	30	296	36.44
73	30	297	34.25
73	30	321	11.15
73	30	322	10.73
73	30	335	43.89
73	30	339	15.86
73	30	341	10.73
73	30	343	41.17
73	30	350	42.32
73	30	377	27.92
73	30	387	26.11
73	30	393	12.92
73	30	400	12.52
73	31	6	24.66
73	31	37	47.45
73	31	38	42.31
73	31	48	18.66
73	31	49	60.48
73	31	55	20.83
73	31	66	29.83
73	31	75	41.41
73	31	93	39.58
73	31	105	42.73
73	31	117	42.32
73	31	120	35.23
73	31	122	51.48
73	31	127	50.99
73	31	129	54.93
73	31	138	41.69
73	31	165	17.97
73	31	189	39.32
73	31	193	40.18
73	31	198	58.04
73	31	204	52.59
73	31	205	31.00
73	31	229	57.45
73	31	246	44.52
73	31	264	30.77
73	31	266	47.58
73	31	292	28.11
73	31	320	26.73
73	31	325	21.24
73	31	346	20.94
73	31	347	40.58
73	31	353	21.34
73	31	364	48.08
73	31	402	23.08
73	32	7	37.73
73	32	27	33.28
73	32	34	51.39
73	32	50	38.20
73	32	61	16.65
73	32	72	17.68
73	32	73	29.38
73	32	84	29.93
73	32	121	22.31
73	32	142	17.62
73	32	172	29.94
73	32	202	12.51
73	32	214	38.34
73	32	267	46.10
73	32	271	30.13
73	32	280	18.59
73	32	286	13.24
73	32	302	38.39
73	32	308	20.37
73	32	312	15.37
73	32	338	34.99
73	32	344	63.24
73	32	347	31.76
73	32	395	22.44
73	32	398	12.85
73	32	401	17.86
73	32	407	16.25
73	33	11	15.01
73	33	19	13.77
73	33	26	33.72
73	33	47	15.31
73	33	57	43.69
73	33	87	12.77
73	33	91	37.63
73	33	94	15.49
73	33	97	54.17
73	33	100	53.97
73	33	112	24.62
73	33	118	50.52
73	33	145	45.15
73	33	153	27.14
73	33	155	20.32
73	33	161	53.21
73	33	163	40.79
73	33	174	17.48
73	33	186	34.59
73	33	188	50.80
73	33	192	37.69
73	33	211	18.82
73	33	215	33.21
73	33	222	44.80
73	33	228	39.66
73	33	236	14.85
73	33	249	46.54
73	33	282	32.21
73	33	297	27.31
73	33	301	21.42
73	33	350	35.44
73	33	354	52.07
73	33	372	35.23
73	33	378	29.83
73	33	389	37.46
73	33	391	25.92
73	33	394	18.85
73	33	396	20.86
73	33,40	11	28.85
73	33,40	19	29.68
73	33,40	57	59.06
73	33,40	91	52.54
73	33,40	155	37.10
73	33,40	161	67.97
73	33,40	163	55.86
73	33,40	186	48.93
73	33,40	192	50.49
73	33,40	215	58.18
73	33,40	222	58.01
73	33,40	236	30.06
73	33,40	249	61.92
73	33,40	297	40.34
73	33,40	378	45.06
73	33,40	396	35.24
73	33,41	19	31.17
73	33,41	87	22.72
73	33,41	91	49.92
73	33,41	153	37.51
73	33,41	174	32.51
73	33,41	192	49.59
73	33,41	211	30.30
73	33,41	215	49.04
73	33,41	222	55.28
73	33,41	228	50.69
73	33,41	236	29.58
73	33,41	282	47.73
73	33,41	297	36.24
73	33,41	372	44.96
73	33,41	389	50.61
73	33,41	396	30.79
73	34	37	56.08
73	34	49	52.06
73	34	93	48.96
73	34	105	44.58
73	34	122	59.11
73	34	124	53.07
73	34	184	43.90
73	34	205	39.00
73	34	207	53.79
73	34	214	48.20
73	34	264	39.87
73	34	266	56.45
73	34	267	61.30
73	34	336	38.56
73	34	358	27.28
73	34	373	47.61
73	34	388	63.42
73	35	1	45.32
73	35	5	60.94
73	35	22	25.04
73	35	31	25.21
73	35	33	18.59
73	35	40	25.65
73	35	43	35.56
73	35	60	44.28
73	35	62	29.89
73	35	64	46.93
73	35	76	34.11
73	35	82	47.69
73	35	88	34.27
73	35	95	41.79
73	35	98	66.61
73	35	107	17.04
73	35	126	31.17
73	35	136	16.44
73	35	144	16.87
73	35	150	16.85
73	35	157	15.68
73	35	171	25.51
73	35	187	12.44
73	35	200	17.13
73	35	208	26.83
73	35	231	44.77
73	35	241	38.85
73	35	245	55.83
73	35	263	47.77
73	35	278	40.21
73	35	306	31.97
73	35	311	31.51
73	35	329	35.96
73	35	331	24.07
73	35	351	20.75
73	35	352	26.28
73	35	356	18.04
73	35	357	41.27
73	35	366	42.10
73	35	371	41.20
73	36	68	39.73
73	36	77	43.13
73	36	96	18.89
73	36	102	56.30
73	36	104	33.39
73	36	148	25.00
73	36	162	22.28
73	36	164	44.10
73	36	177	24.42
73	36	195	48.94
73	36	213	45.46
73	36	256	53.17
73	36	258	40.49
73	36	268	46.55
73	36	276	30.46
73	36	277	41.14
73	36	279	29.93
73	36	284	45.94
73	36	287	53.83
73	36	314	54.86
73	36	375	42.85
73	37	9	24.03
73	37	10	22.62
73	37	14	21.24
73	37	89	20.54
73	37	90	43.49
73	37	108	25.28
73	37	113	25.21
73	37	115	48.73
73	37	116	22.21
73	37	147	44.54
73	37	149	20.72
73	37	151	55.73
73	37	181	26.49
73	37	185	23.34
73	37	206	38.85
73	37	230	20.39
73	37	243	36.25
73	37	250	27.96
73	37	252	50.46
73	37	275	19.00
73	37	283	24.97
73	37	384	58.86
73	38	16	19.80
73	38	20	23.37
73	38	30	32.13
73	38	32	22.34
73	38	35	25.76
73	38	36	19.86
73	38	45	36.61
73	38	74	20.94
73	38	81	45.08
73	38	119	32.39
73	38	137	26.18
73	38	160	30.79
73	38	178	32.37
73	38	180	39.69
73	38	225	49.55
73	38	242	18.00
73	38	298	36.97
73	38	333	18.14
73	38	359	17.04
73	38	361	64.85
73	39	7	37.03
73	39	37	50.21
73	39	49	55.42
73	39	55	20.63
73	39	75	44.04
73	39	93	42.28
73	39	105	35.01
73	39	122	49.35
73	39	124	50.87
73	39	129	50.54
73	39	159	25.32
73	39	193	42.37
73	39	198	51.99
73	39	202	20.54
73	39	205	33.65
73	39	214	45.45
73	39	229	57.45
73	39	246	48.14
73	39	264	28.54
73	39	266	49.20
73	39	267	52.32
73	39	271	41.25
73	39	292	31.83
73	39	308	18.66
73	39	338	42.04
73	39	346	23.28
73	39	347	32.94
73	39	353	19.49
73	39	358	24.51
73	39	360	38.13
73	39	364	44.61
73	39	369	37.86
73	39	373	45.01
73	39	398	19.59
73	40	11	18.94
73	40	19	18.13
73	40	56	20.42
73	40	57	48.72
73	40	91	41.48
73	40	97	56.31
73	40	100	56.59
73	40	118	56.56
73	40	155	26.77
73	40	161	57.65
73	40	163	44.87
73	40	186	38.27
73	40	188	55.20
73	40	192	39.69
73	40	215	41.93
73	40	222	47.24
73	40	236	19.93
73	40	249	51.32
73	40	297	33.70
73	40	354	55.10
73	40	378	34.38
73	40	396	25.04
73	41	4	28.18
73	41	19	13.51
73	41	51	31.42
73	41	53	12.07
73	41	56	14.32
73	41	67	16.20
73	41	69	12.69
73	41	79	31.86
73	41	87	15.25
73	41	90	31.20
73	41	91	33.24
73	41	100	49.99
73	41	106	15.35
73	41	114	18.07
73	41	123	36.92
73	41	132	14.63
73	41	153	28.41
73	41	174	14.24
73	41	181	15.27
73	41	182	16.77
73	41	188	49.66
73	41	192	34.21
73	41	211	18.49
73	41	215	30.51
73	41	216	27.04
73	41	217	15.27
73	41	218	17.68
73	41	222	38.92
73	41	223	16.03
73	41	227	15.17
73	41	228	34.31
73	41	234	17.66
73	41	236	12.48
73	41	240	14.80
73	41	282	30.34
73	41	288	46.83
73	41	290	30.04
73	41	291	15.96
73	41	294	17.42
73	41	296	39.17
73	41	297	29.79
73	41	319	16.75
73	41	322	13.61
73	41	335	46.14
73	41	339	16.17
73	41	342	14.06
73	41	350	37.03
73	41	367	15.79
73	41	372	34.72
73	41	376	34.80
73	41	383	49.28
73	41	389	36.76
73	41	390	46.62
73	41	393	13.54
73	41	396	21.63
73	41,42	4	38.76
73	41,42	19	24.92
73	41,42	51	41.72
73	41,42	53	22.77
73	41,42	56	24.49
73	41,42	67	28.56
73	41,42	69	23.86
73	41,42	79	42.72
73	41,42	90	41.58
73	41,42	91	43.70
73	41,42	106	25.83
73	41,42	114	30.52
73	41,42	123	51.82
73	41,42	132	27.90
73	41,42	153	38.96
73	41,42	174	25.32
73	41,42	181	26.82
73	41,42	182	27.96
73	41,42	192	44.58
73	41,42	215	38.06
73	41,42	216	37.52
73	41,42	217	25.70
73	41,42	218	31.69
73	41,42	222	49.10
73	41,42	223	27.35
73	41,42	227	26.06
73	41,42	228	50.13
73	41,42	234	30.15
73	41,42	236	23.08
73	41,42	282	41.13
73	41,42	290	40.96
73	41,42	291	27.61
73	41,42	296	49.28
73	41,42	297	39.41
73	41,42	319	31.17
73	41,42	322	23.66
73	41,42	339	27.80
73	41,42	342	25.94
73	41,42	372	45.63
73	41,42	376	46.83
73	41,42	389	53.90
73	41,42	393	24.42
73	41,42	396	31.70
73	42	4	29.62
73	42	14	14.92
73	42	19	16.21
73	42	51	31.10
73	42	53	13.75
73	42	56	13.83
73	42	67	15.86
73	42	69	12.41
73	42	79	33.42
73	42	90	33.94
73	42	91	36.99
73	42	97	48.51
73	42	100	49.90
73	42	103	18.37
73	42	106	16.37
73	42	114	19.70
73	42	123	38.03
73	42	132	15.65
73	42	139	19.45
73	42	149	16.20
73	42	153	31.68
73	42	166	47.54
73	42	174	13.92
73	42	181	16.30
73	42	182	17.96
73	42	188	51.06
73	42	191	29.52
73	42	192	34.41
73	42	199	16.96
73	42	209	17.27
73	42	215	29.93
73	42	216	27.97
73	42	217	16.86
73	42	218	17.31
73	42	219	38.13
73	42	222	39.14
73	42	223	15.96
73	42	227	15.44
73	42	228	31.07
73	42	234	19.18
73	42	236	16.46
73	42	237	18.14
73	42	250	24.54
73	42	282	34.52
73	42	285	19.79
73	42	288	46.59
73	42	290	31.62
73	42	291	15.10
73	42	296	40.25
73	42	297	32.65
73	42	319	18.38
73	42	321	18.00
73	42	322	12.90
73	42	335	45.73
73	42	339	15.54
73	42	341	16.06
73	42	342	15.25
73	42	343	45.48
73	42	350	40.28
73	42	362	39.55
73	42	372	36.15
73	42	376	37.41
73	42	383	49.51
73	42	389	36.18
73	42	393	14.20
73	42	394	17.14
73	42	396	23.58
73	42	400	16.93
