Task=25 Orders=30 Vehicles=459 Scores=1713
25	1	1	23.32
25	1	44	14.31
25	1	45	14.06
25	1	58	39.65
25	1	70	15.03
25	1	77	15.68
25	1	80	16.82
25	1	110	26.38
25	1	112	16.76
25	1	115	23.58
25	1	118	13.00
25	1	124	25.31
25	1	135	35.17
25	1	138	18.10
25	1	154	14.55
25	1	168	13.18
25	1	200	31.17
25	1	227	23.87
25	1	230	45.75
25	1	266	63.87
25	1	271	17.85
25	1	276	15.11
25	1	280	16.24
25	1	282	50.54
25	1	306	41.77
25	1	333	42.28
25	1	339	17.93
25	1	347	35.85
25	1	358	27.63
25	1	367	17.96
25	1	380	29.93
25	1	385	14.70
25	1	396	27.48
25	1	409	16.23
25	1	415	15.39
25	1	416	42.58
25	1	429	40.55
25	1	436	18.80
25	1,10	1	33.58
25	1,10	44	24.86
25	1,10	70	25.69
25	1,10	80	27.63
25	1,10	110	36.13
25	1,10	112	27.08
25	1,10	115	33.45
25	1,10	118	23.15
25	1,10	124	35.82
25	1,10	135	45.87
25	1,10	138	29.35
25	1,10	154	25.94
25	1,10	168	23.62
25	1,10	227	33.79
25	1,10	271	28.69
25	1,10	276	28.49
25	1,10	280	26.28
25	1,10	306	52.41
25	1,10	339	27.97
25	1,10	347	46.11
25	1,10	358	37.23
25	1,10	380	40.01
25	1,10	396	38.32
25	1,10	409	26.27
25	1,10	415	26.21
25	1,10	436	30.56
25	2	43	17.83
25	2	72	72.30
25	2	96	46.96
25	2	179	23.27
25	2	183	35.87
25	2	189	31.55
25	2	203	47.80
25	2	236	32.77
25	2	238	22.96
25	2	241	60.59
25	2	267	16.97
25	2	274	59.27
25	2	275	49.80
25	2	303	17.63
25	2	316	38.21
25	2	342	16.37
25	2	376	53.41
25	2	411	47.37
25	2,21	43	31.35
25	2,21	183	50.35
25	2,21	236	48.34
25	2,21	342	31.01
25	2,24	43	25.46
25	2,24	183	49.58
25	2,24	236	39.66
25	2,24	238	38.37
25	2,24	267	29.82
25	2,24	342	28.14
25	2,28	43	29.04
25	2,28	179	36.28
25	2,28	183	47.90
25	2,28	189	42.87
25	2,28	203	59.45
25	2,28	236	45.35
25	2,28	238	36.41
25	2,28	267	29.00
25	2,28	303	29.55
25	2,28	342	28.65
25	3	2	7.30
25	3	6	25.25
25	3	23	34.23
25	3	30	11.48
25	3	37	10.46
25	3	40	28.82
25	3	53	18.65
25	3	68	22.24
25	3	76	10.55
25	3	85	12.76
25	3	93	24.86
25	3	107	10.76
25	3	120	27.85
25	3	131	13.96
25	3	146	23.94
25	3	159	38.73
25	3	197	12.45
25	3	204	32.31
25	3	205	37.46
25	3	208	15.31
25	3	214	11.68
25	3	218	31.27
25	3	234	11.01
25	3	240	29.82
25	3	250	30.97
25	3	281	53.14
25	3	286	12.11
25	3	307	10.86
25	3	327	9.87
25	3	336	26.00
25	3	337	37.04
25	3	353	46.14
25	3	354	30.46
25	3	362	7.65
25	3	386	12.25
25	3	391	11.08
25	3	398	8.21
25	3	421	26.17
25	3	427	13.06
25	3	433	14.24
25	3	442	27.87
25	3	450	11.18
25	3	454	21.49
25	3,16	2	17.86
25	3,16	30	20.69
25	3,16	37	20.10
25	3,16	40	37.49
25	3,16	53	27.75
25	3,16	68	30.94
25	3,16	76	19.80
25	3,16	85	22.13
25	3,16	93	33.96
25	3,16	107	20.35
25	3,16	120	36.94
25	3,16	131	23.35
25	3,16	146	32.07
25	3,16	197	25.21
25	3,16	208	24.21
25	3,16	214	21.63
25	3,16	218	40.79
25	3,16	234	20.62
25	3,16	240	44.70
25	3,16	250	40.25
25	3,16	286	21.99
25	3,16	307	20.27
25	3,16	327	18.89
25	3,16	336	35.72
25	3,16	362	17.42
25	3,16	391	20.28
25	3,16	398	17.41
25	3,16	421	34.82
25	3,16	427	22.58
25	3,16	442	37.62
25	3,16	450	20.48
25	3,16	454	30.27
25	4	10	18.52
25	4	14	21.21
25	4	46	20.21
25	4	47	21.37
25	4	57	22.90
25	4	66	23.65
25	4	84	55.65
25	4	114	56.51
25	4	119	43.58
25	4	128	58.59
25	4	130	23.25
25	4	132	22.06
25	4	151	20.86
25	4	161	33.77
25	4	172	54.44
25	4	229	25.30
25	4	263	22.89
25	4	305	20.34
25	4	345	36.15
25	4	350	28.68
25	4	363	17.75
25	4,15	10	25.77
25	4,15	14	29.17
25	4,15	46	27.34
25	4,15	47	29.82
25	4,15	57	30.94
25	4,15	66	31.63
25	4,15	114	64.25
25	4,15	130	31.62
25	4,15	132	29.79
25	4,15	151	28.00
25	4,15	263	31.48
25	4,15	305	27.24
25	4,15	345	50.39
25	4,15	350	36.70
25	4,15	363	24.41
25	4,30	10	30.06
25	4,30	14	30.42
25	4,30	46	30.76
25	4,30	47	31.46
25	4,30	57	31.52
25	4,30	66	34.87
25	4,30	114	74.82
25	4,30	132	29.96
25	4,30	151	30.21
25	4,30	229	35.70
25	4,30	263	33.21
25	4,30	305	29.11
25	4,30	350	39.85
25	4,30	363	29.70
25	5	7	20.35
25	5	20	16.14
25	5	21	44.72
25	5	29	22.00
25	5	31	34.06
25	5	42	25.58
25	5	54	26.00
25	5	65	16.30
25	5	71	18.17
25	5	113	30.44
25	5	140	29.51
25	5	152	19.28
25	5	156	32.93
25	5	158	38.87
25	5	174	22.04
25	5	188	28.69
25	5	196	19.75
25	5	244	18.18
25	5	253	59.93
25	5	256	16.65
25	5	293	40.45
25	5	443	39.90
25	5	449	18.62
25	5,22	7	34.45
25	5,22	20	29.21
25	5,22	21	58.51
25	5,22	29	36.10
25	5,22	31	46.93
25	5,22	42	39.00
25	5,22	54	39.94
25	5,22	65	29.31
25	5,22	71	31.56
25	5,22	140	43.94
25	5,22	152	33.80
25	5,22	156	46.62
25	5,22	158	61.86
25	5,22	188	42.92
25	5,22	196	34.04
25	5,22	244	31.61
25	5,22	256	30.17
25	5,22	443	53.65
25	5,22	449	32.83
25	6	3	24.07
25	6	4	24.07
25	6	24	20.18
25	6	27	50.89
25	6	36	23.52
25	6	51	53.17
25	6	55	40.68
25	6	59	53.61
25	6	64	61.04
25	6	74	47.39
25	6	82	20.75
25	6	90	29.03
25	6	91	43.18
25	6	97	39.18
25	6	129	20.86
25	6	165	22.83
25	6	178	25.17
25	6	210	37.39
25	6	211	23.55
25	6	225	22.41
25	6	268	16.99
25	6	269	18.68
25	6	272	17.75
25	6	284	37.45
25	6	285	22.73
25	6	288	25.86
25	6	295	21.17
25	6	296	20.37
25	6	301	34.44
25	6	321	29.23
25	6	349	33.99
25	6	352	37.21
25	6	358	37.00
25	6	359	41.76
25	6	361	33.66
25	6	366	21.23
25	6	387	42.80
25	6	397	18.65
25	6	402	18.68
25	6	404	32.87
25	6	405	19.07
25	6	417	20.24
25	6	422	24.10
25	6	426	19.45
25	6	428	22.94
25	6	430	29.63
25	6	437	24.10
25	6	445	21.83
25	6	448	21.89
25	6	456	21.77
25	6	459	24.99
25	6,18	4	42.41
25	6,18	82	39.63
25	6,18	97	53.59
25	6,18	129	36.41
25	6,18	165	39.10
25	6,18	225	38.96
25	6,18	268	32.75
25	6,18	269	37.17
25	6,18	272	34.62
25	6,18	288	44.30
25	6,18	295	39.48
25	6,18	296	39.65
25	6,18	352	54.23
25	6,18	358	50.39
25	6,18	366	38.72
25	6,18	387	58.46
25	6,18	397	32.49
25	6,18	402	35.61
25	6,18	417	37.23
25	6,18	428	39.21
25	7	20	14.86
25	7	21	42.55
25	7	29	20.00
25	7	31	33.34
25	7	38	43.08
25	7	42	29.70
25	7	48	16.86
25	7	60	50.21
25	7	61	25.15
25	7	65	16.49
25	7	71	16.32
25	7	79	18.49
25	7	105	19.73
25	7	113	30.54
25	7	140	27.06
25	7	152	19.21
25	7	156	32.59
25	7	158	32.93
25	7	174	19.69
25	7	184	20.03
25	7	188	27.46
25	7	196	19.70
25	7	223	17.86
25	7	244	18.38
25	7	246	20.20
25	7	247	46.10
25	7	251	19.83
25	7	253	58.04
25	7	256	15.21
25	7	264	25.99
25	7	270	38.01
25	7	278	37.59
25	7	293	37.24
25	7	304	32.00
25	7	309	18.28
25	7	311	49.66
25	7	320	21.87
25	7	332	27.56
25	7	343	42.58
25	7	351	37.38
25	7	357	45.94
25	7	381	20.59
25	7	383	42.65
25	7	384	18.38
25	7	400	19.55
25	7	410	20.38
25	7	419	24.93
25	7	443	39.63
25	7	449	15.65
25	7	455	21.63
25	7,8	20	19.99
25	7,8	21	48.08
25	7,8	29	25.37
25	7,8	31	38.49
25	7,8	42	30.96
25	7,8	48	22.63
25	7,8	61	30.52
25	7,8	65	21.87
25	7,8	71	21.96
25	7,8	79	23.49
25	7,8	105	24.82
25	7,8	140	32.38
25	7,8	152	24.75
25	7,8	156	38.03
25	7,8	158	38.15
25	7,8	174	24.89
25	7,8	184	25.55
25	7,8	188	33.13
25	7,8	196	25.23
25	7,8	223	23.42
25	7,8	244	23.82
25	7,8	246	25.68
25	7,8	251	25.93
25	7,8	256	20.18
25	7,8	264	32.85
25	7,8	278	43.21
25	7,8	304	37.01
25	7,8	309	23.04
25	7,8	320	27.55
25	7,8	332	33.49
25	7,8	351	42.94
25	7,8	381	26.06
25	7,8	383	48.31
25	7,8	384	23.85
25	7,8	400	25.01
25	7,8	410	25.85
25	7,8	419	30.56
25	7,8	443	45.15
25	7,8	449	21.04
25	7,8	455	27.31
25	8	20	8.27
25	8	21	36.06
25	8	29	13.08
25	8	31	27.38
25	8	38	36.70
25	8	42	21.49
25	8	48	9.52
25	8	60	43.04
25	8	61	18.01
25	8	65	10.69
25	8	71	10.99
25	8	79	12.08
25	8	105	12.86
25	8	113	23.37
25	8	140	21.17
25	8	152	12.23
25	8	156	26.17
25	8	158	28.87
25	8	162	11.63
25	8	163	11.97
25	8	174	13.34
25	8	184	11.39
25	8	188	20.82
25	8	196	13.21
25	8	217	14.59
25	8	223	9.92
25	8	244	12.25
25	8	246	13.23
25	8	247	41.14
25	8	251	13.42
25	8	253	52.25
25	8	256	8.20
25	8	264	16.42
25	8	270	31.70
25	8	278	31.25
25	8	293	29.61
25	8	304	24.80
25	8	309	9.63
25	8	311	43.54
25	8	320	14.00
25	8	332	18.21
25	8	335	14.62
25	8	343	35.25
25	8	351	30.66
25	8	357	38.77
25	8	381	13.42
25	8	383	35.48
25	8	384	12.30
25	8	400	12.38
25	8	410	13.41
25	8	419	18.83
25	8	443	33.54
25	8	449	8.76
25	8	455	13.54
25	9	2	12.83
25	9	6	25.25
25	9	37	11.38
25	9	39	15.61
25	9	40	28.94
25	9	53	18.58
25	9	68	25.70
25	9	76	11.38
25	9	85	15.01
25	9	93	26.03
25	9	107	12.17
25	9	120	31.89
25	9	131	14.07
25	9	146	25.13
25	9	204	32.37
25	9	205	38.59
25	9	208	16.49
25	9	214	12.96
25	9	218	32.35
25	9	220	38.52
25	9	234	12.38
25	9	240	34.70
25	9	245	51.35
25	9	250	31.48
25	9	257	15.21
25	9	259	10.86
25	9	281	53.25
25	9	286	13.31
25	9	287	19.23
25	9	307	12.28
25	9	327	10.76
25	9	336	31.11
25	9	353	46.14
25	9	354	32.93
25	9	362	12.08
25	9	386	13.44
25	9	391	10.92
25	9	398	9.24
25	9	421	27.39
25	9	427	14.41
25	9	442	33.00
25	9	450	12.59
25	9	454	22.69
25	9,12	37	23.68
25	9,12	39	27.86
25	9,12	40	40.73
25	9,12	53	31.15
25	9,12	68	37.37
25	9,12	76	23.45
25	9,12	93	38.32
25	9,12	107	24.52
25	9,12	131	26.42
25	9,12	146	35.63
25	9,12	208	28.70
25	9,12	214	26.01
25	9,12	218	45.30
25	9,12	220	50.52
25	9,12	234	24.85
25	9,12	250	43.92
25	9,12	257	27.06
25	9,12	259	23.96
25	9,12	286	26.51
25	9,12	287	30.89
25	9,12	307	24.38
25	9,12	327	22.32
25	9,12	336	44.10
25	9,12	362	25.90
25	9,12	391	23.37
25	9,12	398	21.69
25	9,12	421	39.11
25	9,12	427	26.86
25	9,12	442	45.72
25	9,12	450	24.63
25	9,12	454	35.66
25	9,20	37	23.01
25	9,20	39	27.27
25	9,20	40	40.15
25	9,20	53	30.55
25	9,20	68	36.79
25	9,20	76	22.39
25	9,20	93	37.75
25	9,20	107	24.15
25	9,20	131	25.97
25	9,20	146	35.17
25	9,20	208	28.13
25	9,20	214	25.56
25	9,20	218	44.66
25	9,20	220	49.96
25	9,20	234	24.44
25	9,20	240	46.68
25	9,20	250	43.31
25	9,20	257	26.51
25	9,20	259	23.51
25	9,20	286	26.00
25	9,20	287	31.41
25	9,20	307	24.03
25	9,20	327	21.39
25	9,20	336	43.44
25	9,20	362	25.37
25	9,20	386	26.56
25	9,20	391	22.97
25	9,20	398	21.30
25	9,20	421	38.56
25	9,20	427	26.46
25	9,20	442	45.10
25	9,20	450	24.25
25	9,20	454	37.55
25	9,27	2	34.61
25	9,27	37	30.51
25	9,27	39	34.59
25	9,27	40	47.34
25	9,27	53	38.01
25	9,27	68	44.07
25	9,27	76	30.48
25	9,27	93	44.97
25	9,27	107	31.54
25	9,27	120	50.82
25	9,27	131	33.13
25	9,27	146	41.31
25	9,27	208	35.34
25	9,27	214	33.51
25	9,27	218	52.42
25	9,27	220	56.99
25	9,27	234	31.97
25	9,27	240	53.85
25	9,27	250	50.76
25	9,27	257	33.45
25	9,27	259	31.00
25	9,27	286	34.31
25	9,27	287	38.72
25	9,27	307	31.28
25	9,27	327	28.45
25	9,27	336	51.52
25	9,27	362	34.13
25	9,27	386	34.92
25	9,27	391	29.96
25	9,27	398	28.28
25	9,27	421	45.52
25	9,27	427	34.06
25	9,27	442	52.69
25	9,27	450	31.58
25	9,27	454	42.90
25	10	1	21.54
25	10	44	14.72
25	10	58	39.68
25	10	70	13.39
25	10	80	15.21
25	10	106	46.69
25	10	110	25.42
25	10	112	15.66
25	10	115	22.82
25	10	118	11.39
25	10	124	25.86
25	10	135	36.34
25	10	138	17.03
25	10	154	13.94
25	10	168	11.58
25	10	200	30.35
25	10	227	24.31
25	10	230	45.13
25	10	266	65.79
25	10	271	16.28
25	10	276	12.41
25	10	280	15.14
25	10	282	51.17
25	10	306	41.51
25	10	333	41.55
25	10	339	18.20
25	10	347	35.01
25	10	358	26.54
25	10	379	41.62
25	10	380	29.63
25	10	396	29.18
25	10	409	15.11
25	10	415	13.73
25	10	416	43.66
25	10	429	39.11
25	10	436	17.23
25	11	10	9.37
25	11	14	12.94
25	11	25	18.17
25	11	26	14.96
25	11	34	26.04
25	11	46	11.86
25	11	47	12.75
25	11	57	13.18
25	11	63	26.56
25	11	66	15.92
25	11	84	47.44
25	11	94	14.00
25	11	99	41.86
25	11	114	40.00
25	11	119	35.49
25	11	128	49.55
25	11	130	14.48
25	11	132	11.87
25	11	133	9.41
25	11	145	15.58
25	11	151	9.61
25	11	161	32.70
25	11	166	13.99
25	11	172	46.32
25	11	181	11.10
25	11	193	27.04
25	11	229	15.58
25	11	237	11.89
25	11	248	13.55
25	11	249	21.39
25	11	263	13.85
25	11	302	10.92
25	11	305	9.72
25	11	313	16.41
25	11	325	29.66
25	11	329	31.37
25	11	334	12.85
25	11	341	9.75
25	11	346	10.32
25	11	350	20.54
25	11	363	9.87
25	11	374	17.79
25	11	399	15.00
25	11	425	52.96
25	11	447	28.14
25	11	457	11.25
25	11,15	10	15.89
25	11,15	14	19.34
25	11,15	34	32.44
25	11,15	46	18.31
25	11,15	47	19.54
25	11,15	57	19.72
25	11,15	63	34.61
25	11,15	66	23.99
25	11,15	114	46.23
25	11,15	130	21.25
25	11,15	132	17.94
25	11,15	133	15.66
25	11,15	151	15.99
25	11,15	181	17.03
25	11,15	237	19.15
25	11,15	248	20.39
25	11,15	249	27.38
25	11,15	263	20.61
25	11,15	302	17.17
25	11,15	305	15.93
25	11,15	329	39.08
25	11,15	334	18.59
25	11,15	341	16.18
25	11,15	346	16.89
25	11,15	350	29.06
25	11,15	363	15.80
25	11,15	457	17.66
25	11,30	10	20.45
25	11,30	14	21.90
25	11,30	25	27.65
25	11,30	26	24.11
25	11,30	46	21.76
25	11,30	47	22.58
25	11,30	57	22.14
25	11,30	66	25.92
25	11,30	94	23.27
25	11,30	114	61.96
25	11,30	132	20.52
25	11,30	151	19.83
25	11,30	193	35.08
25	11,30	229	25.80
25	11,30	263	23.86
25	11,30	305	19.30
25	11,30	350	30.86
25	11,30	363	20.15
25	11,30	399	23.44
25	12	6	30.11
25	12	37	14.25
25	12	39	18.76
25	12	40	33.66
25	12	53	21.27
25	12	68	30.27
25	12	76	14.18
25	12	93	30.10
25	12	107	17.01
25	12	108	18.28
25	12	131	18.25
25	12	146	26.42
25	12	173	18.01
25	12	204	34.34
25	12	205	41.48
25	12	208	18.66
25	12	214	18.41
25	12	218	37.15
25	12	220	43.65
25	12	234	17.38
25	12	245	52.66
25	12	250	33.66
25	12	257	18.20
25	12	259	13.75
25	12	286	19.15
25	12	287	25.61
25	12	307	16.93
25	12	327	13.34
25	12	336	36.23
25	12	353	48.56
25	12	354	38.03
25	12	362	18.55
25	12	391	13.42
25	12	398	14.65
25	12	421	30.46
25	12	427	19.08
25	12	442	38.39
25	12	450	17.24
25	12	454	34.55
25	13	5	20.24
25	13	8	15.42
25	13	12	18.42
25	13	16	40.23
25	13	19	16.35
25	13	28	16.65
25	13	33	48.51
25	13	73	33.68
25	13	75	16.79
25	13	81	27.24
25	13	100	48.06
25	13	102	23.92
25	13	104	33.38
25	13	109	15.70
25	13	111	23.21
25	13	116	41.97
25	13	123	51.01
25	13	125	12.77
25	13	139	18.14
25	13	142	21.73
25	13	149	15.46
25	13	150	44.61
25	13	153	16.10
25	13	157	39.11
25	13	164	21.17
25	13	167	33.41
25	13	171	14.68
25	13	175	19.97
25	13	182	18.23
25	13	187	23.58
25	13	198	12.39
25	13	199	18.41
25	13	206	58.35
25	13	207	33.34
25	13	209	18.17
25	13	212	52.62
25	13	215	21.24
25	13	226	19.14
25	13	231	31.08
25	13	233	28.72
25	13	235	29.79
25	13	255	16.69
25	13	260	28.70
25	13	265	49.38
25	13	273	25.03
25	13	279	16.41
25	13	283	17.90
25	13	297	37.69
25	13	310	16.32
25	13	312	18.00
25	13	314	17.18
25	13	319	19.10
25	13	322	19.45
25	13	323	19.75
25	13	328	24.32
25	13	330	42.04
25	13	372	21.80
25	13	377	33.37
25	13	389	17.87
25	13	394	19.44
25	13	401	47.83
25	13	420	16.39
25	13	431	13.56
25	13	432	45.56
25	13	435	31.08
25	13	439	17.55
25	13	444	24.49
25	13,25	5	37.73
25	13,25	8	29.41
25	13,25	12	33.06
25	13,25	28	30.38
25	13,25	33	62.32
25	13,25	75	24.23
25	13,25	81	41.06
25	13,25	102	30.93
25	13,25	109	31.24
25	13,25	111	30.90
25	13,25	116	50.49
25	13,25	125	19.85
25	13,25	149	22.93
25	13,25	153	32.65
25	13,25	157	49.54
25	13,25	164	28.97
25	13,25	167	41.15
25	13,25	171	22.35
25	13,25	175	35.30
25	13,25	182	31.75
25	13,25	187	31.61
25	13,25	198	19.42
25	13,25	199	34.51
25	13,25	207	41.15
25	13,25	209	33.31
25	13,25	231	38.49
25	13,25	235	37.35
25	13,25	273	33.21
25	13,25	279	33.38
25	13,25	283	35.61
25	13,25	310	23.66
25	13,25	314	31.94
25	13,25	319	36.92
25	13,25	323	34.56
25	13,25	377	38.56
25	13,25	420	24.14
25	13,25	431	30.44
25	13,25	432	53.23
25	13,25	435	39.00
25	13,25	439	24.99
25	13,25	444	41.31
25	13,29	8	27.41
25	13,29	12	31.23
25	13,29	33	58.58
25	13,29	73	45.15
25	13,29	75	29.79
25	13,29	81	37.10
25	13,29	102	33.97
25	13,29	109	28.07
25	13,29	111	36.11
25	13,29	116	56.13
25	13,29	125	25.08
25	13,29	139	30.56
25	13,29	142	36.72
25	13,29	149	28.54
25	13,29	153	28.93
25	13,29	157	50.61
25	13,29	164	31.79
25	13,29	167	47.94
25	13,29	171	29.55
25	13,29	175	32.70
25	13,29	182	30.42
25	13,29	198	25.07
25	13,29	199	27.76
25	13,29	207	45.85
25	13,29	215	32.55
25	13,29	226	29.32
25	13,29	231	44.76
25	13,29	233	37.99
25	13,29	235	44.27
25	13,29	255	32.18
25	13,29	273	34.42
25	13,29	279	27.73
25	13,29	283	31.59
25	13,29	310	27.77
25	13,29	314	29.48
25	13,29	319	33.13
25	13,29	328	36.66
25	13,29	372	33.94
25	13,29	377	49.80
25	13,29	389	30.86
25	13,29	420	29.72
25	13,29	431	26.14
25	13,29	432	55.99
25	13,29	435	45.38
25	13,29	439	30.56
25	13,29	444	35.96
25	14	9	18.97
25	14	11	44.38
25	14	15	17.39
25	14	17	28.35
25	14	21	35.86
25	14	22	38.24
25	14	35	40.73
25	14	50	23.30
25	14	52	36.30
25	14	67	18.58
25	14	69	33.04
25	14	88	17.54
25	14	89	29.94
25	14	105	17.56
25	14	140	26.35
25	14	174	18.39
25	14	176	43.58
25	14	201	23.61
25	14	217	21.15
25	14	243	19.51
25	14	246	18.41
25	14	247	48.30
25	14	251	16.01
25	14	278	36.39
25	14	293	45.31
25	14	294	45.28
25	14	300	39.65
25	14	332	22.93
25	14	360	19.62
25	14	370	40.62
25	14	393	37.10
25	14	449	20.54
25	14,26	9	27.79
25	14,26	15	25.25
25	14,26	17	36.45
25	14,26	50	31.39
25	14,26	52	43.87
25	14,26	67	27.48
25	14,26	88	25.94
25	14,26	89	38.28
25	14,26	105	25.41
25	14,26	140	34.49
25	14,26	217	35.45
25	14,26	246	26.69
25	14,26	278	44.80
25	14,26	332	32.28
25	14,26	360	28.27
25	14,26	393	48.70
25	15	10	9.52
25	15	14	13.72
25	15	34	26.93
25	15	46	12.06
25	15	47	13.37
25	15	57	13.92
25	15	63	27.15
25	15	66	15.51
25	15	84	47.15
25	15	114	43.38
25	15	119	44.90
25	15	130	14.89
25	15	132	13.15
25	15	133	8.52
25	15	141	36.62
25	15	151	10.62
25	15	161	33.70
25	15	172	45.72
25	15	181	8.59
25	15	237	13.13
25	15	248	14.54
25	15	249	21.69
25	15	263	14.25
25	15	302	7.61
25	15	305	10.87
25	15	324	39.85
25	15	329	30.48
25	15	334	11.75
25	15	341	9.96
25	15	345	34.76
25	15	346	10.08
25	15	350	20.55
25	15	363	8.70
25	15	457	10.93
25	15,30	10	22.32
25	15,30	14	23.96
25	15,30	46	23.75
25	15,30	47	24.58
25	15,30	57	24.06
25	15,30	66	30.18
25	15,30	114	62.87
25	15,30	132	22.42
25	15,30	151	21.58
25	15,30	263	25.77
25	15,30	305	21.14
25	15,30	350	35.25
25	15,30	363	22.01
25	16	2	12.63
25	16	6	31.41
25	16	23	39.68
25	16	30	16.61
25	16	37	15.25
25	16	40	32.79
25	16	53	22.58
25	16	68	26.23
25	16	76	15.39
25	16	85	17.15
25	16	93	28.77
25	16	107	15.62
25	16	120	32.00
25	16	131	17.93
25	16	146	27.42
25	16	173	16.61
25	16	197	18.41
25	16	204	35.94
25	16	205	41.56
25	16	208	19.23
25	16	214	16.77
25	16	218	35.59
25	16	234	15.92
25	16	240	37.42
25	16	250	35.15
25	16	281	56.72
25	16	286	17.34
25	16	307	15.58
25	16	327	14.55
25	16	336	30.92
25	16	337	44.46
25	16	353	50.58
25	16	354	35.54
25	16	362	12.45
25	16	391	15.30
25	16	398	12.42
25	16	421	29.92
25	16	427	17.59
25	16	442	33.25
25	16	450	15.86
25	16	454	25.45
25	17	32	14.58
25	17	41	13.03
25	17	43	9.82
25	17	72	65.61
25	17	83	43.58
25	17	87	11.15
25	17	96	45.15
25	17	99	36.10
25	17	103	40.52
25	17	122	34.55
25	17	126	14.72
25	17	137	39.51
25	17	144	13.35
25	17	148	12.90
25	17	177	15.59
25	17	183	34.44
25	17	190	39.55
25	17	203	39.72
25	17	216	28.46
25	17	224	25.38
25	17	236	32.28
25	17	239	35.77
25	17	274	54.24
25	17	275	49.31
25	17	277	12.01
25	17	292	35.30
25	17	298	11.56
25	17	308	12.21
25	17	317	40.42
25	17	318	17.63
25	17	338	45.41
25	17	342	12.70
25	17	344	13.58
25	17	355	12.07
25	17	356	11.46
25	17	369	12.07
25	17	373	12.25
25	17	375	12.10
25	17	376	39.25
25	17	406	28.96
25	17	408	11.87
25	17	412	13.21
25	17	413	9.94
25	17	423	39.82
25	17	424	28.17
25	17	440	22.51
25	17,21	32	35.23
25	17,21	41	32.62
25	17,21	43	28.14
25	17,21	87	34.70
25	17,21	103	59.55
25	17,21	122	48.86
25	17,21	144	30.99
25	17,21	148	30.45
25	17,21	177	34.75
25	17,21	183	53.72
25	17,21	216	48.58
25	17,21	236	53.30
25	17,21	239	48.52
25	17,21	277	33.63
25	17,21	298	32.00
25	17,21	308	30.39
25	17,21	342	32.31
25	17,21	344	34.61
25	17,21	355	31.46
25	17,21	356	30.58
25	17,21	369	35.96
25	17,21	406	46.62
25	17,21	408	31.27
25	17,21	412	32.61
25	17,21	413	28.58
25	17,21	424	47.62
25	17,21	440	41.89
25	18	4	23.28
25	18	51	52.44
25	18	55	39.03
25	18	59	52.14
25	18	64	59.58
25	18	82	20.52
25	18	86	69.30
25	18	97	38.63
25	18	129	19.80
25	18	165	20.80
25	18	225	21.48
25	18	268	17.21
25	18	269	19.18
25	18	272	17.68
25	18	288	24.85
25	18	295	21.62
25	18	296	21.28
25	18	352	36.99
25	18	358	34.73
25	18	366	21.42
25	18	387	41.52
25	18	397	16.35
25	18	402	18.20
25	18	417	19.82
25	18	428	21.80
25	19	101	46.89
25	19	143	59.04
25	19	147	33.90
25	19	148	21.25
25	19	180	56.92
25	19	195	19.55
25	19	242	62.59
25	19	258	18.35
25	19	262	46.63
25	19	317	54.15
25	19	340	59.39
25	19	348	44.00
25	19	392	52.55
25	19	395	22.21
25	19	403	28.87
25	19	414	44.31
25	19	434	33.76
25	19	438	19.52
25	19	453	26.41
25	19	458	35.66
25	19,23	101	59.92
25	19,23	147	47.14
25	19,23	148	34.32
25	19,23	195	33.14
25	19,23	258	32.42
25	19,23	262	60.20
25	19,23	392	66.49
25	19,23	395	36.99
25	19,23	403	42.77
25	19,23	414	58.24
25	19,23	434	47.65
25	19,23	438	33.39
25	19,23	453	41.20
25	19,23	458	50.45
25	20	6	28.35
25	20	37	12.56
25	20	39	17.82
25	20	40	33.46
25	20	53	20.94
25	20	68	30.13
25	20	76	12.30
25	20	93	29.32
25	20	107	15.93
25	20	108	17.59
25	20	131	17.90
25	20	136	26.38
25	20	146	25.85
25	20	173	16.96
25	20	204	33.96
25	20	205	40.49
25	20	208	17.79
25	20	214	17.21
25	20	218	36.11
25	20	220	42.86
25	20	234	16.27
25	20	240	37.99
25	20	245	52.23
25	20	250	32.39
25	20	257	15.96
25	20	259	12.93
25	20	286	17.85
25	20	287	21.63
25	20	307	15.93
25	20	327	11.61
25	20	336	36.13
25	20	353	47.14
25	20	354	36.79
25	20	362	18.41
25	20	386	18.06
25	20	391	12.76
25	20	398	14.28
25	20	421	29.72
25	20	427	18.13
25	20	442	37.46
25	20	450	16.31
25	20	454	29.41
25	21	25	21.66
25	21	26	21.58
25	21	32	23.39
25	21	41	18.10
25	21	43	18.62
25	21	56	19.96
25	21	57	19.24
25	21	72	71.04
25	21	83	50.11
25	21	87	24.18
25	21	96	52.58
25	21	99	40.34
25	21	103	45.39
25	21	122	38.51
25	21	137	50.96
25	21	144	18.14
25	21	148	20.14
25	21	166	19.07
25	21	177	27.96
25	21	183	42.10
25	21	190	44.15
25	21	193	29.62
25	21	216	35.07
25	21	236	41.76
25	21	239	40.32
25	21	248	22.75
25	21	274	64.93
25	21	275	57.35
25	21	277	24.49
25	21	298	17.87
25	21	308	20.41
25	21	313	23.86
25	21	317	47.52
25	21	325	36.65
25	21	338	51.54
25	21	342	20.41
25	21	344	22.54
25	21	355	19.76
25	21	356	20.14
25	21	369	26.46
25	21	374	21.27
25	21	406	34.24
25	21	407	46.07
25	21	408	19.55
25	21	412	20.90
25	21	413	17.86
25	21	423	48.10
25	21	424	35.86
25	21	440	26.70
25	22	7	18.48
25	22	20	14.87
25	22	21	43.35
25	22	29	20.55
25	22	31	32.79
25	22	42	25.82
25	22	48	17.01
25	22	54	24.20
25	22	60	48.17
25	22	61	26.06
25	22	65	14.83
25	22	71	16.89
25	22	113	31.06
25	22	140	28.39
25	22	152	17.23
25	22	156	31.08
25	22	158	39.01
25	22	184	20.48
25	22	188	26.76
25	22	196	18.06
25	22	223	18.14
25	22	244	16.65
25	22	253	58.54
25	22	256	15.30
25	22	264	23.27
25	22	270	38.89
25	22	293	39.10
25	22	304	32.93
25	22	309	19.68
25	22	311	49.49
25	22	343	42.49
25	22	351	36.83
25	22	357	43.92
25	22	381	20.83
25	22	383	40.62
25	22	384	19.30
25	22	400	17.51
25	22	443	38.31
25	22	449	17.17
25	22	455	19.34
25	23	101	42.76
25	23	143	54.66
25	23	147	29.79
25	23	148	17.25
25	23	180	52.55
25	23	195	14.96
25	23	242	58.08
25	23	258	13.45
25	23	262	42.31
25	23	317	49.80
25	23	340	54.35
25	23	348	39.46
25	23	392	48.01
25	23	395	17.01
25	23	403	24.32
25	23	414	39.76
25	23	434	29.20
25	23	438	14.97
25	23	453	21.21
25	23	458	30.46
25	24	25	17.30
25	24	41	13.90
25	24	43	11.94
25	24	72	67.08
25	24	83	44.42
25	24	87	16.34
25	24	96	45.58
25	24	99	36.41
25	24	103	41.31
25	24	122	40.38
25	24	137	47.20
25	24	144	14.30
25	24	166	14.99
25	24	177	25.48
25	24	183	35.17
25	24	190	49.00
25	24	193	25.61
25	24	216	27.87
25	24	224	29.68
25	24	236	26.08
25	24	238	22.37
25	24	241	59.06
25	24	267	15.42
25	24	274	57.58
25	24	275	50.72
25	24	277	16.92
25	24	298	13.55
25	24	308	13.90
25	24	313	19.52
25	24	317	41.11
25	24	338	47.87
25	24	342	13.44
25	24	344	14.76
25	24	355	12.76
25	24	356	15.69
25	24	369	17.94
25	24	373	16.27
25	24	374	16.96
25	24	376	45.15
25	24	406	30.37
25	24	407	40.06
25	24	408	12.17
25	24	412	13.66
25	24	413	13.65
25	24	423	43.83
25	24	424	28.62
25	24	440	17.56
25	24,28	43	22.07
25	24,28	177	33.48
25	24,28	183	47.04
25	24,28	216	39.70
25	24,28	236	37.55
25	24,28	238	32.86
25	24,28	267	25.62
25	24,28	277	30.11
25	24,28	308	24.20
25	24,28	342	24.62
25	24,28	344	27.49
25	24,28	355	23.77
25	24,28	373	28.24
25	24,28	408	23.18
25	24,28	412	24.68
25	24,28	424	40.65
25	24,28	440	29.58
25	25	5	17.37
25	25	8	11.90
25	25	12	14.01
25	25	13	17.00
25	25	16	35.70
25	25	18	15.46
25	25	28	13.27
25	25	33	42.44
25	25	75	16.97
25	25	81	20.87
25	25	100	44.06
25	25	102	23.41
25	25	104	27.73
25	25	109	13.59
25	25	111	24.31
25	25	116	39.14
25	25	117	24.04
25	25	121	39.75
25	25	123	46.04
25	25	125	13.06
25	25	149	15.80
25	25	150	39.69
25	25	153	13.72
25	25	157	31.11
25	25	164	18.51
25	25	167	33.39
25	25	170	15.85
25	25	171	15.89
25	25	175	14.96
25	25	182	11.61
25	25	185	15.97
25	25	187	19.30
25	25	194	38.54
25	25	198	13.11
25	25	199	16.97
25	25	202	14.83
25	25	206	52.72
25	25	207	34.28
25	25	209	15.01
25	25	221	19.48
25	25	222	14.89
25	25	231	32.14
25	25	235	30.59
25	25	252	17.65
25	25	260	27.48
25	25	265	49.28
25	25	273	24.49
25	25	279	14.08
25	25	283	14.20
25	25	289	15.13
25	25	290	15.34
25	25	297	32.68
25	25	310	17.01
25	25	314	13.79
25	25	315	16.03
25	25	319	15.38
25	25	323	15.37
25	25	330	42.00
25	25	368	19.62
25	25	371	33.63
25	25	377	32.46
25	25	401	44.35
25	25	420	15.00
25	25	431	13.31
25	25	432	44.44
25	25	435	32.00
25	25	439	16.82
25	25	444	22.07
25	25	451	16.51
25	26	9	13.51
25	26	15	13.13
25	26	17	27.66
25	26	49	32.37
25	26	50	26.83
25	26	52	36.76
25	26	62	14.27
25	26	67	16.51
25	26	79	13.46
25	26	88	13.92
25	26	89	29.51
25	26	95	49.62
25	26	98	39.08
25	26	105	13.56
25	26	127	22.83
25	26	134	18.58
25	26	140	26.03
25	26	155	12.48
25	26	160	51.51
25	26	169	20.61
25	26	176	35.99
25	26	191	16.52
25	26	192	42.59
25	26	213	42.42
25	26	217	16.08
25	26	219	15.46
25	26	232	37.93
25	26	246	14.34
25	26	247	45.72
25	26	254	24.49
25	26	278	36.61
25	26	291	14.25
25	26	300	40.70
25	26	326	18.73
25	26	331	33.61
25	26	332	16.20
25	26	360	17.17
25	26	364	18.01
25	26	370	40.14
25	26	388	13.41
25	26	390	15.44
25	26	393	30.35
25	26	410	15.42
25	26	418	19.85
25	26	419	24.82
25	26	446	13.27
25	26	452	13.62
25	27	2	25.94
25	27	6	37.62
25	27	37	21.27
25	27	39	26.69
25	27	40	39.45
25	27	53	28.39
25	27	68	36.34
25	27	76	21.68
25	27	93	37.06
25	27	107	23.73
25	27	108	25.94
25	27	120	43.14
25	27	131	23.89
25	27	146	33.30
25	27	204	41.89
25	27	205	49.70
25	27	208	26.68
25	27	214	25.63
25	27	218	44.45
25	27	220	48.10
25	27	234	24.23
25	27	240	45.68
25	27	245	59.89
25	27	250	41.75
25	27	257	23.38
25	27	259	21.73
25	27	286	26.76
25	27	287	29.55
25	27	307	23.61
25	27	327	20.35
25	27	336	43.45
25	27	353	57.11
25	27	354	44.72
25	27	362	25.75
25	27	386	26.99
25	27	391	20.93
25	27	398	20.59
25	27	421	37.93
25	27	427	26.28
25	27	442	45.03
25	27	450	24.04
25	27	454	35.21
25	28	43	15.38
25	28	72	69.49
25	28	83	46.73
25	28	96	44.54
25	28	177	26.94
25	28	179	19.94
25	28	183	33.35
25	28	186	30.65
25	28	189	29.27
25	28	203	44.69
25	28	216	28.73
25	28	228	15.01
25	28	236	31.77
25	28	238	20.27
25	28	241	58.39
25	28	267	14.48
25	28	274	56.30
25	28	275	46.54
25	28	277	18.83
25	28	303	15.38
25	28	308	14.03
25	28	316	35.89
25	28	342	13.82
25	28	344	14.65
25	28	355	13.46
25	28	373	17.13
25	28	376	50.73
25	28	408	14.44
25	28	411	44.73
25	28	412	13.68
25	28	424	27.80
25	28	440	22.45
25	28	441	38.79
25	29	8	16.21
25	29	12	19.41
25	29	16	38.28
25	29	18	18.63
25	29	33	46.07
25	29	73	34.75
25	29	75	18.38
25	29	78	57.46
25	29	81	24.62
25	29	92	29.72
25	29	100	48.77
25	29	102	22.85
25	29	104	31.24
25	29	109	17.08
25	29	111	23.46
25	29	116	42.69
25	29	117	27.79
25	29	123	49.08
25	29	125	14.27
25	29	139	19.31
25	29	142	23.17
25	29	149	17.23
25	29	150	42.94
25	29	153	17.45
25	29	157	39.28
25	29	164	17.17
25	29	167	34.63
25	29	171	17.21
25	29	175	20.68
25	29	182	18.27
25	29	198	14.59
25	29	199	16.99
25	29	206	56.20
25	29	207	33.96
25	29	212	51.27
25	29	215	19.15
25	29	226	17.61
25	29	231	29.66
25	29	233	26.79
25	29	235	31.73
25	29	255	18.77
25	29	260	30.25
25	29	261	51.27
25	29	273	22.00
25	29	279	15.54
25	29	283	18.59
25	29	297	37.96
25	29	299	19.00
25	29	310	16.13
25	29	314	18.28
25	29	319	20.11
25	29	328	23.21
25	29	330	43.52
25	29	365	21.75
25	29	371	34.52
25	29	372	20.68
25	29	377	34.03
25	29	378	35.87
25	29	382	17.85
25	29	389	19.07
25	29	401	48.66
25	29	420	16.76
25	29	431	15.34
25	29	432	43.99
25	29	435	33.38
25	29	439	18.77
25	29	444	24.03
25	30	10	15.80
25	30	14	17.59
25	30	25	22.61
25	30	26	19.49
25	30	46	17.31
25	30	47	17.80
25	30	57	17.54
25	30	66	21.46
25	30	94	18.61
25	30	114	47.63
25	30	119	38.73
25	30	128	52.99
25	30	132	16.37
25	30	151	15.18
25	30	161	37.82
25	30	172	51.21
25	30	193	30.82
25	30	229	20.39
25	30	263	19.01
25	30	305	14.93
25	30	350	26.39
25	30	363	16.10
25	30	399	19.01
25	30	407	44.35
25	30	425	57.31
