Task=92 Orders=43 Vehicles=391 Scores=1852
92	1	11	45.92
92	1	18	16.86
92	1	23	36.94
92	1	25	57.55
92	1	34	65.08
92	1	43	22.90
92	1	55	52.08
92	1	57	49.75
92	1	71	23.11
92	1	72	42.76
92	1	75	44.41
92	1	93	25.92
92	1	100	41.42
92	1	109	45.79
92	1	116	45.20
92	1	127	52.99
92	1	151	32.63
92	1	161	47.44
92	1	165	46.89
92	1	187	56.31
92	1	205	39.73
92	1	227	54.76
92	1	230	32.55
92	1	243	21.11
92	1	259	44.20
92	1	283	36.96
92	1	291	50.00
92	1	305	34.21
92	1	335	21.13
92	1	338	26.45
92	1	339	41.45
92	1	352	53.25
92	1,3	18	38.56
92	1,3	23	50.06
92	1,3	34	79.01
92	1,3	75	52.63
92	1,3	127	65.52
92	1,3	161	64.52
92	1,3	165	61.55
92	1,3	205	60.34
92	1,3	283	46.68
92	1,3	291	69.90
92	1,3	338	41.07
92	1,41	18	38.69
92	1,41	23	55.17
92	1,41	55	70.62
92	1,41	93	44.25
92	1,41	151	57.18
92	1,41	161	66.90
92	1,41	165	64.63
92	1,41	283	54.87
92	1,41	305	54.52
92	1,41	339	59.69
92	2	1	35.97
92	2	7	22.30
92	2	8	22.48
92	2	12	36.63
92	2	17	22.55
92	2	26	47.37
92	2	27	48.68
92	2	39	43.63
92	2	51	19.96
92	2	60	20.96
92	2	64	23.21
92	2	66	33.63
92	2	67	34.25
92	2	85	56.44
92	2	87	62.69
92	2	89	57.34
92	2	92	52.44
92	2	99	39.08
92	2	103	19.07
92	2	107	48.46
92	2	108	23.69
92	2	114	30.17
92	2	119	25.39
92	2	124	24.08
92	2	128	20.28
92	2	131	61.21
92	2	136	21.87
92	2	146	47.58
92	2	162	62.52
92	2	172	24.72
92	2	173	25.77
92	2	175	35.96
92	2	179	23.97
92	2	182	25.59
92	2	184	23.83
92	2	202	18.54
92	2	203	18.44
92	2	204	48.94
92	2	206	22.10
92	2	208	23.63
92	2	209	21.87
92	2	210	37.08
92	2	211	42.31
92	2	216	18.70
92	2	219	23.15
92	2	222	22.90
92	2	233	21.54
92	2	234	51.85
92	2	236	31.76
92	2	256	21.45
92	2	262	24.51
92	2	264	18.49
92	2	265	18.73
92	2	266	21.59
92	2	267	59.04
92	2	272	22.82
92	2	298	24.10
92	2	309	26.24
92	2	312	23.70
92	2	315	47.41
92	2	318	33.17
92	2	319	20.15
92	2	324	20.18
92	2	328	41.41
92	2	334	45.52
92	2	336	59.10
92	2	354	46.41
92	2	358	38.38
92	2	362	20.08
92	2	365	35.65
92	2	370	49.18
92	2	372	33.73
92	2	373	22.15
92	2	389	58.83
92	2,16	12	52.87
92	2,16	26	60.73
92	2,16	39	60.80
92	2,16	60	40.87
92	2,16	85	81.41
92	2,16	92	66.72
92	2,16	99	52.63
92	2,16	124	41.17
92	2,16	175	50.35
92	2,16	209	38.24
92	2,16	222	42.59
92	2,16	234	67.48
92	2,16	315	63.18
92	2,16	334	61.17
92	2,16	354	62.13
92	2,16	358	52.97
92	2,33	12	58.44
92	2,33	234	68.13
92	2,33	236	60.55
92	2,33	334	64.10
92	2,33	358	56.75
92	2,43	7	33.13
92	2,43	8	34.17
92	2,43	12	49.01
92	2,43	17	40.35
92	2,43	26	60.87
92	2,43	39	57.06
92	2,43	51	37.61
92	2,43	60	39.56
92	2,43	64	36.54
92	2,43	66	49.14
92	2,43	67	48.58
92	2,43	85	69.90
92	2,43	92	66.87
92	2,43	99	48.48
92	2,43	103	31.97
92	2,43	108	37.92
92	2,43	114	49.89
92	2,43	119	38.90
92	2,43	128	39.41
92	2,43	136	33.01
92	2,43	146	63.11
92	2,43	182	39.35
92	2,43	184	38.00
92	2,43	202	32.15
92	2,43	203	33.15
92	2,43	206	35.27
92	2,43	208	37.70
92	2,43	209	32.56
92	2,43	210	52.38
92	2,43	211	55.01
92	2,43	216	34.68
92	2,43	219	36.42
92	2,43	222	34.54
92	2,43	233	32.49
92	2,43	234	64.21
92	2,43	256	39.48
92	2,43	262	37.25
92	2,43	264	34.94
92	2,43	265	33.83
92	2,43	298	35.44
92	2,43	312	37.08
92	2,43	315	59.94
92	2,43	318	45.55
92	2,43	319	36.15
92	2,43	324	34.30
92	2,43	328	58.54
92	2,43	334	56.77
92	2,43	358	50.55
92	2,43	362	36.59
92	2,43	372	45.75
92	3	18	21.75
92	3	23	33.00
92	3	34	63.97
92	3	75	38.30
92	3	116	47.42
92	3	127	50.17
92	3	160	48.45
92	3	161	46.21
92	3	165	45.03
92	3	187	51.31
92	3	205	40.73
92	3	220	22.28
92	3	275	45.79
92	3	283	30.77
92	3	291	53.54
92	3	338	22.48
92	3	348	55.76
92	3	352	56.45
92	4	15	21.86
92	4	31	56.49
92	4	41	20.23
92	4	48	44.49
92	4	74	57.93
92	4	80	44.01
92	4	82	48.80
92	4	98	44.96
92	4	145	32.56
92	4	180	27.65
92	4	201	57.17
92	4	223	49.51
92	4	226	48.62
92	4	240	42.94
92	4	281	34.76
92	4	320	54.31
92	4	353	42.04
92	4	376	46.20
92	4,18	15	35.83
92	4,18	31	71.04
92	4,18	41	34.92
92	4,18	48	59.86
92	4,18	80	57.90
92	4,18	98	60.39
92	4,18	145	52.20
92	4,18	180	45.38
92	4,18	201	71.83
92	4,18	223	67.58
92	4,18	226	66.37
92	4,18	240	60.30
92	4,18	281	50.85
92	4,18	353	60.69
92	4,18	376	62.01
92	4,22	15	36.80
92	4,22	31	77.63
92	4,22	41	35.48
92	4,22	48	67.37
92	4,22	80	64.41
92	4,22	98	67.46
92	4,22	145	55.35
92	4,22	180	50.31
92	4,22	201	79.32
92	4,22	223	66.73
92	4,22	226	65.49
92	4,22	240	66.83
92	4,22	281	50.07
92	4,22	353	69.87
92	4,22	376	69.38
92	4,24	15	42.34
92	4,24	31	78.68
92	4,24	41	41.56
92	4,24	48	68.58
92	4,24	80	64.90
92	4,24	98	68.61
92	4,24	145	55.08
92	4,24	180	49.92
92	4,24	201	80.44
92	4,24	223	78.27
92	4,24	226	76.59
92	4,24	240	67.86
92	4,24	281	56.92
92	4,24	353	71.03
92	4,24	376	70.58
92	4,30	15	30.41
92	4,30	31	65.35
92	4,30	41	29.01
92	4,30	48	53.21
92	4,30	80	52.34
92	4,30	98	54.06
92	4,30	145	41.75
92	4,30	180	35.73
92	4,30	201	66.27
92	4,30	223	59.24
92	4,30	226	58.39
92	4,30	240	54.69
92	4,30	281	44.23
92	4,30	353	56.44
92	4,30	376	55.52
92	4,31	15	34.89
92	4,31	31	74.52
92	4,31	41	32.63
92	4,31	48	64.82
92	4,31	80	61.37
92	4,31	98	59.17
92	4,31	145	51.94
92	4,31	180	43.93
92	4,31	201	75.07
92	4,31	223	65.58
92	4,31	226	63.45
92	4,31	240	55.80
92	4,31	281	49.46
92	4,31	353	68.37
92	4,31	376	66.82
92	4,38	15	43.37
92	4,38	31	69.42
92	4,38	41	33.32
92	4,38	48	59.01
92	4,38	80	56.41
92	4,38	98	60.31
92	4,38	180	52.00
92	4,38	201	69.68
92	4,38	223	66.54
92	4,38	226	64.37
92	4,38	240	66.94
92	4,38	281	50.68
92	4,38	353	67.99
92	4,38	376	61.13
92	5	2	17.94
92	5	20	36.63
92	5	27	48.06
92	5	58	28.32
92	5	62	46.37
92	5	78	31.99
92	5	79	15.75
92	5	96	17.34
92	5	117	59.56
92	5	124	19.89
92	5	130	26.58
92	5	132	38.76
92	5	135	17.65
92	5	141	42.90
92	5	153	19.14
92	5	154	20.35
92	5	155	57.48
92	5	167	30.83
92	5	172	22.76
92	5	173	18.61
92	5	174	43.65
92	5	175	27.06
92	5	177	34.24
92	5	190	58.86
92	5	204	50.62
92	5	217	35.58
92	5	221	18.86
92	5	229	14.17
92	5	241	15.90
92	5	247	45.77
92	5	267	52.93
92	5	268	17.38
92	5	293	20.06
92	5	299	18.90
92	5	310	40.30
92	5	325	35.08
92	5	336	50.28
92	5	337	29.66
92	5	345	45.14
92	5	354	33.92
92	5	365	28.46
92	5	373	19.65
92	5	378	19.07
92	5	383	16.38
92	5	390	27.34
92	5,19	58	38.79
92	5,19	62	57.99
92	5,19	79	26.85
92	5,19	96	29.92
92	5,19	124	32.56
92	5,19	132	57.31
92	5,19	135	30.18
92	5,19	154	32.48
92	5,19	172	36.30
92	5,19	173	31.17
92	5,19	175	37.63
92	5,19	217	46.73
92	5,19	221	32.01
92	5,19	229	24.72
92	5,19	241	26.79
92	5,19	268	30.04
92	5,19	293	31.56
92	5,19	299	30.86
92	5,19	310	51.46
92	5,19	325	46.61
92	5,19	337	40.85
92	5,19	354	45.13
92	5,19	365	39.99
92	5,19	373	31.15
92	5,19	378	30.58
92	5,19	383	27.89
92	6	10	22.87
92	6	16	55.56
92	6	20	34.01
92	6	52	23.69
92	6	56	23.69
92	6	65	48.69
92	6	68	36.86
92	6	70	62.44
92	6	74	56.66
92	6	78	46.06
92	6	115	39.79
92	6	121	29.20
92	6	141	58.15
92	6	147	26.38
92	6	152	22.66
92	6	177	39.39
92	6	180	38.79
92	6	183	46.87
92	6	190	55.89
92	6	191	20.61
92	6	221	23.46
92	6	223	51.55
92	6	226	47.80
92	6	232	33.44
92	6	246	19.87
92	6	253	53.20
92	6	261	39.61
92	6	269	31.65
92	6	280	27.97
92	6	281	38.25
92	6	285	47.03
92	6	301	26.18
92	6	310	42.34
92	6	313	46.55
92	6	316	60.39
92	6	329	50.72
92	6	332	39.69
92	6	356	30.68
92	6	371	21.06
92	6	376	43.90
92	6,13	20	53.06
92	6,13	56	40.96
92	6,13	68	56.68
92	6,13	78	69.87
92	6,13	115	59.39
92	6,13	141	83.62
92	6,13	152	41.48
92	6,13	177	57.63
92	6,13	191	40.48
92	6,13	226	69.32
92	6,13	246	39.79
92	6,13	261	58.18
92	6,13	281	57.82
92	6,13	329	73.70
92	6,13	376	66.62
92	7	29	19.65
92	7	47	41.90
92	7	84	46.66
92	7	86	55.96
92	7	102	46.70
92	7	139	44.01
92	7	148	48.37
92	7	176	24.55
92	7	181	23.28
92	7	214	49.77
92	7	251	44.68
92	7	258	28.23
92	7	263	39.93
92	7	284	23.61
92	7	302	47.82
92	7	306	40.31
92	7,8	29	36.65
92	7,8	47	62.83
92	7,8	84	66.08
92	7,8	86	78.06
92	7,8	102	64.31
92	7,8	148	68.31
92	7,8	176	43.94
92	7,8	181	42.55
92	7,8	214	67.87
92	7,8	251	64.10
92	7,8	258	47.45
92	7,8	263	60.99
92	7,8	284	42.20
92	7,10	29	42.48
92	7,10	47	70.18
92	7,10	84	71.51
92	7,10	86	84.68
92	7,10	102	66.68
92	7,10	148	67.83
92	7,10	181	48.92
92	7,10	251	69.54
92	7,10	263	64.75
92	7,32	29	29.14
92	7,32	47	53.42
92	7,32	86	67.20
92	7,32	139	54.30
92	7,32	176	36.24
92	7,32	181	33.70
92	7,32	214	59.96
92	7,32	251	55.25
92	7,32	258	38.65
92	7,32	284	35.55
92	7,32	302	58.39
92	7,32	306	49.87
92	8	29	17.55
92	8	47	40.37
92	8	50	25.06
92	8	81	65.27
92	8	84	44.80
92	8	86	53.90
92	8	102	43.25
92	8	148	47.62
92	8	176	23.69
92	8	181	21.21
92	8	188	63.35
92	8	214	47.94
92	8	251	42.80
92	8	258	26.45
92	8	263	35.63
92	8	284	22.44
92	8,9	29	30.39
92	8,9	47	55.51
92	8,9	84	58.87
92	8,9	86	68.97
92	8,9	102	55.86
92	8,9	148	62.15
92	8,9	188	76.39
92	8,9	251	56.93
92	8,9	263	50.32
92	8,10	29	29.69
92	8,10	47	55.01
92	8,10	50	36.00
92	8,10	84	57.07
92	8,10	86	67.65
92	8,10	102	54.01
92	8,10	148	61.48
92	8,10	181	34.37
92	8,10	188	74.24
92	8,10	251	55.11
92	8,10	263	48.72
92	8,32	29	45.10
92	8,32	47	70.08
92	8,32	86	80.32
92	8,32	176	50.59
92	8,32	181	51.42
92	8,32	214	74.65
92	8,32	251	72.03
92	8,32	258	56.06
92	8,32	284	48.56
92	9	29	21.51
92	9	47	44.94
92	9	81	67.17
92	9	84	47.10
92	9	86	56.10
92	9	102	45.25
92	9	148	51.94
92	9	188	65.13
92	9	251	45.10
92	9	263	37.79
92	9,10	29	43.39
92	9,10	47	55.77
92	9,10	84	57.24
92	9,10	86	67.03
92	9,10	102	54.93
92	9,10	148	62.34
92	9,10	188	75.17
92	9,10	251	55.27
92	9,10	263	48.39
92	10	29	18.37
92	10	31	52.39
92	10	47	41.01
92	10	50	23.28
92	10	81	63.51
92	10	84	44.25
92	10	86	53.42
92	10	102	42.08
92	10	148	48.18
92	10	181	21.68
92	10	188	61.45
92	10	201	49.25
92	10	251	42.25
92	10	263	35.06
92	10,32	29	44.17
92	10,32	47	63.17
92	10,32	86	87.35
92	10,32	181	50.99
92	10,32	251	71.61
92	11	18	23.83
92	11	25	62.46
92	11	32	28.14
92	11	37	53.10
92	11	42	51.00
92	11	55	51.70
92	11	91	44.52
92	11	93	33.03
92	11	97	40.61
92	11	109	43.41
92	11	138	58.08
92	11	149	35.28
92	11	151	28.39
92	11	163	43.69
92	11	215	58.92
92	11	227	58.93
92	11	252	22.31
92	11	292	45.94
92	11	305	31.55
92	11	331	44.52
92	11	339	31.77
92	11,29	32	44.10
92	11,29	91	60.83
92	11,29	163	60.72
92	11,41	18	49.28
92	11,41	42	79.37
92	11,41	55	76.83
92	11,41	93	61.11
92	11,41	138	89.07
92	11,41	151	53.41
92	11,41	252	46.87
92	11,41	305	56.52
92	11,41	331	68.17
92	11,41	339	61.25
92	12	4	34.61
92	12	16	48.11
92	12	65	53.48
92	12	68	42.39
92	12	70	61.68
92	12	74	58.34
92	12	80	47.68
92	12	82	41.96
92	12	115	43.93
92	12	145	36.35
92	12	180	38.58
92	12	191	24.54
92	12	223	53.23
92	12	226	48.54
92	12	240	44.21
92	12	246	22.46
92	12	261	43.18
92	12	281	30.65
92	12	313	49.85
92	12	316	60.54
92	12	329	54.34
92	12	356	33.44
92	12	376	46.73
92	12,37	68	56.99
92	12,37	80	65.31
92	12,37	115	56.27
92	12,37	145	48.42
92	12,37	180	58.83
92	12,37	191	43.89
92	12,37	223	66.79
92	12,37	226	61.94
92	12,37	246	35.30
92	12,37	261	61.39
92	12,37	281	38.38
92	12,37	329	72.11
92	12,37	376	66.34
92	12,40	80	66.00
92	12,40	145	57.39
92	12,40	180	56.96
92	12,40	223	81.08
92	12,40	226	64.15
92	12,40	240	57.86
92	12,40	281	57.83
92	12,40	376	60.76
92	13	16	61.51
92	13	20	40.23
92	13	50	26.79
92	13	56	26.25
92	13	65	52.21
92	13	68	32.75
92	13	70	52.93
92	13	74	59.38
92	13	78	50.73
92	13	115	45.21
92	13	141	62.66
92	13	150	63.10
92	13	152	25.41
92	13	177	42.39
92	13	190	60.45
92	13	191	23.69
92	13	226	56.14
92	13	246	26.44
92	13	261	42.59
92	13	281	43.77
92	13	329	55.85
92	13	376	49.72
92	14	5	41.45
92	14	28	49.49
92	14	29	25.32
92	14	45	54.89
92	14	47	43.17
92	14	53	55.00
92	14	83	55.07
92	14	84	53.59
92	14	86	64.04
92	14	126	49.85
92	14	139	46.11
92	14	148	52.54
92	14	150	62.62
92	14	176	30.03
92	14	181	25.68
92	14	214	48.61
92	14	231	32.68
92	14	248	56.31
92	14	251	51.58
92	14	258	27.49
92	14	284	28.20
92	14	297	61.04
92	14	302	44.94
92	14	306	38.13
92	14,23	5	52.34
92	14,23	28	60.31
92	14,23	29	36.14
92	14,23	45	65.89
92	14,23	47	54.31
92	14,23	53	66.45
92	14,23	83	66.06
92	14,23	84	64.45
92	14,23	86	75.27
92	14,23	126	60.55
92	14,23	139	57.14
92	14,23	148	63.82
92	14,23	176	40.96
92	14,23	181	36.61
92	14,23	214	59.38
92	14,23	231	44.04
92	14,23	251	62.51
92	14,23	258	38.35
92	14,23	284	39.18
92	14,23	302	55.87
92	14,23	306	48.70
92	14,34	5	64.44
92	14,34	28	68.38
92	14,34	29	42.69
92	14,34	45	73.28
92	14,34	47	62.51
92	14,34	53	75.69
92	14,34	83	74.75
92	14,34	84	71.52
92	14,34	86	84.49
92	14,34	126	66.87
92	14,34	139	63.55
92	14,34	176	47.79
92	14,34	181	45.37
92	14,34	214	67.17
92	14,34	231	53.27
92	14,34	251	69.62
92	14,34	258	46.73
92	14,34	284	45.31
92	14,34	302	66.68
92	14,34	306	57.08
92	14,39	29	41.18
92	14,39	47	65.48
92	14,39	84	72.01
92	14,39	86	85.06
92	14,39	148	73.73
92	14,39	181	44.93
92	14,39	214	67.83
92	14,39	231	49.27
92	14,39	251	70.01
92	14,39	258	47.99
92	14,39	306	56.13
92	15	23	28.49
92	15	33	38.51
92	15	75	38.63
92	15	116	48.51
92	15	127	46.75
92	15	165	32.39
92	15	187	49.73
92	15	205	37.21
92	15	220	18.06
92	15	275	42.97
92	15	276	41.20
92	15	283	41.15
92	15	338	24.00
92	15	348	51.32
92	15	351	34.39
92	15,42	23	48.93
92	15,42	33	58.31
92	15,42	127	64.79
92	15,42	165	55.73
92	15,42	220	35.93
92	15,42	275	62.03
92	15,42	283	61.18
92	16	12	38.34
92	16	26	44.34
92	16	39	47.00
92	16	60	25.87
92	16	62	36.06
92	16	85	61.06
92	16	87	59.03
92	16	89	59.11
92	16	92	53.62
92	16	99	29.08
92	16	107	50.45
92	16	123	18.97
92	16	124	26.20
92	16	131	65.06
92	16	158	48.01
92	16	162	65.99
92	16	175	37.03
92	16	209	24.97
92	16	222	28.25
92	16	234	53.83
92	16	267	59.42
92	16	289	24.49
92	16	315	48.24
92	16	334	47.32
92	16	336	59.70
92	16	354	48.45
92	16	358	39.61
92	16,20	12	52.08
92	16,20	26	57.79
92	16,20	39	60.04
92	16,20	60	40.66
92	16,20	85	75.23
92	16,20	92	65.46
92	16,20	99	52.85
92	16,20	175	49.06
92	16,20	209	37.41
92	16,20	222	42.79
92	16,20	234	66.87
92	16,20	315	61.79
92	16,20	334	59.93
92	16,20	354	61.38
92	16,20	358	51.83
92	16,33	12	55.46
92	16,33	158	67.66
92	16,33	234	65.21
92	16,33	334	62.54
92	16,33	358	53.65
92	17	10	24.65
92	17	31	51.32
92	17	50	17.34
92	17	56	20.11
92	17	74	51.07
92	17	80	45.27
92	17	82	45.56
92	17	98	42.14
92	17	112	44.44
92	17	145	33.97
92	17	148	47.77
92	17	180	33.86
92	17	201	50.66
92	17	223	46.01
92	17	226	48.69
92	17	269	30.62
92	17	285	50.90
92	17	295	52.66
92	17	344	20.34
92	17	350	55.07
92	17	355	34.79
92	17	357	26.39
92	17,40	31	74.18
92	17,40	80	53.07
92	17,40	98	56.77
92	17,40	145	42.41
92	17,40	180	41.32
92	17,40	201	74.69
92	17,40	223	61.13
92	17,40	226	59.24
92	18	15	24.48
92	18	31	58.38
92	18	41	22.00
92	18	48	47.79
92	18	80	45.68
92	18	82	54.46
92	18	98	49.00
92	18	145	34.75
92	18	180	30.18
92	18	199	38.48
92	18	201	58.25
92	18	223	53.77
92	18	226	51.69
92	18	240	42.04
92	18	245	56.45
92	18	281	40.21
92	18	288	47.07
92	18	320	54.03
92	18	353	41.93
92	18	376	49.35
92	18,22	15	33.24
92	18,22	31	67.59
92	18,22	41	31.13
92	18,22	48	56.08
92	18,22	80	54.38
92	18,22	98	56.86
92	18,22	145	44.20
92	18,22	180	42.37
92	18,22	201	67.68
92	18,22	223	62.85
92	18,22	226	61.55
92	18,22	240	57.10
92	18,22	281	47.32
92	18,22	353	56.87
92	18,22	376	58.31
92	18,25	15	32.90
92	18,25	41	30.68
92	18,25	48	67.63
92	18,25	199	48.27
92	18,25	240	56.62
92	18,25	245	64.92
92	18,25	288	55.97
92	18,25	353	54.59
92	18,26	41	39.37
92	18,26	48	61.55
92	18,26	199	53.87
92	18,26	288	63.69
92	18,26	353	62.56
92	18,30	15	33.27
92	18,30	31	69.07
92	18,30	41	31.07
92	18,30	48	56.86
92	18,30	80	54.24
92	18,30	98	56.13
92	18,30	145	44.27
92	18,30	180	42.46
92	18,30	201	67.65
92	18,30	223	64.01
92	18,30	226	61.92
92	18,30	240	56.99
92	18,30	281	47.86
92	18,30	353	57.13
92	18,30	376	59.01
92	18,38	15	35.55
92	18,38	31	69.56
92	18,38	41	33.04
92	18,38	48	58.54
92	18,38	80	56.65
92	18,38	98	60.14
92	18,38	180	41.46
92	18,38	199	49.66
92	18,38	201	69.38
92	18,38	223	65.08
92	18,38	226	62.89
92	18,38	240	58.45
92	18,38	245	67.45
92	18,38	281	51.13
92	18,38	288	58.59
92	18,38	353	56.48
92	18,38	376	60.31
92	19	1	30.80
92	19	17	18.44
92	19	19	13.72
92	19	27	46.14
92	19	58	25.15
92	19	60	17.89
92	19	62	41.14
92	19	79	16.13
92	19	85	51.48
92	19	87	58.61
92	19	92	42.44
92	19	96	13.56
92	19	123	12.35
92	19	124	14.10
92	19	132	41.13
92	19	135	12.66
92	19	154	16.49
92	19	155	53.27
92	19	162	54.89
92	19	167	30.45
92	19	172	16.52
92	19	173	13.89
92	19	174	36.35
92	19	175	27.17
92	19	204	46.07
92	19	211	38.51
92	19	217	29.70
92	19	221	19.62
92	19	229	13.92
92	19	241	11.45
92	19	247	45.52
92	19	256	18.18
92	19	264	15.75
92	19	266	16.69
92	19	267	50.52
92	19	268	13.28
92	19	289	14.70
92	19	293	17.24
92	19	299	15.08
92	19	309	20.73
92	19	310	37.73
92	19	318	30.85
92	19	325	30.39
92	19	336	49.87
92	19	337	26.32
92	19	341	26.83
92	19	345	39.14
92	19	349	15.42
92	19	354	34.28
92	19	365	25.82
92	19	370	39.31
92	19	373	13.65
92	19	378	13.07
92	19	383	16.76
92	20	7	22.48
92	20	8	22.82
92	20	12	39.45
92	20	26	46.89
92	20	39	43.77
92	20	60	22.41
92	20	66	35.46
92	20	85	57.18
92	20	87	61.83
92	20	89	59.18
92	20	92	53.39
92	20	99	28.79
92	20	107	49.10
92	20	131	63.93
92	20	136	24.46
92	20	142	48.80
92	20	154	28.61
92	20	162	66.42
92	20	175	37.38
92	20	209	24.34
92	20	210	40.01
92	20	222	25.15
92	20	234	52.79
92	20	267	61.41
92	20	273	53.90
92	20	278	61.44
92	20	315	49.27
92	20	334	48.11
92	20	336	59.66
92	20	354	45.30
92	20	358	40.86
92	20	389	62.06
92	20,33	12	57.41
92	20,33	234	67.21
92	20,33	334	62.56
92	20,33	358	55.48
92	21	12	27.92
92	21	22	33.97
92	21	40	31.90
92	21	44	45.86
92	21	46	25.96
92	21	73	31.15
92	21	77	23.06
92	21	113	44.32
92	21	122	26.44
92	21	133	33.07
92	21	137	27.92
92	21	140	47.94
92	21	157	23.99
92	21	158	38.55
92	21	169	32.06
92	21	171	18.83
92	21	179	15.24
92	21	184	16.21
92	21	193	22.76
92	21	194	16.15
92	21	195	46.90
92	21	200	46.79
92	21	207	40.56
92	21	213	39.32
92	21	224	34.17
92	21	225	37.20
92	21	236	27.75
92	21	257	53.32
92	21	277	28.80
92	21	303	12.30
92	21	307	32.63
92	21	328	36.32
92	21	343	12.17
92	21	364	53.93
92	21	366	27.34
92	21	368	37.35
92	21	381	44.73
92	21	382	31.45
92	21,28	40	53.69
92	21,28	46	47.45
92	21,28	133	48.13
92	21,28	140	72.97
92	21,28	157	37.77
92	21,28	169	55.21
92	21,28	194	39.18
92	21,28	200	70.62
92	21,28	207	61.59
92	21,28	257	75.96
92	21,28	343	34.38
92	21,28	366	49.58
92	21,28	381	58.96
92	22	15	22.32
92	22	31	56.46
92	22	41	20.24
92	22	48	44.46
92	22	74	57.90
92	22	80	44.04
92	22	82	50.30
92	22	98	44.92
92	22	145	32.54
92	22	180	27.08
92	22	201	57.14
92	22	223	49.46
92	22	226	48.59
92	22	240	45.32
92	22	281	34.99
92	22	320	55.79
92	22	353	42.92
92	22	376	46.15
92	22,24	15	42.96
92	22,24	31	78.07
92	22,24	41	42.39
92	22,24	48	68.08
92	22,24	80	64.77
92	22,24	98	68.11
92	22,24	145	56.04
92	22,24	180	51.01
92	22,24	201	79.92
92	22,24	223	77.63
92	22,24	226	75.99
92	22,24	240	67.24
92	22,24	281	59.27
92	22,24	353	70.55
92	22,24	376	70.08
92	22,30	15	29.15
92	22,30	31	63.52
92	22,30	41	27.15
92	22,30	48	51.08
92	22,30	80	50.62
92	22,30	98	52.07
92	22,30	145	39.70
92	22,30	180	39.32
92	22,30	201	64.32
92	22,30	223	56.58
92	22,30	226	55.86
92	22,30	240	52.89
92	22,30	281	42.38
92	22,30	353	54.44
92	22,30	376	53.44
92	22,38	15	32.07
92	22,38	31	64.30
92	22,38	41	29.39
92	22,38	48	52.93
92	22,38	80	51.41
92	22,38	98	53.97
92	22,38	180	39.17
92	22,38	201	64.17
92	22,38	223	58.61
92	22,38	226	56.96
92	22,38	240	53.85
92	22,38	281	44.20
92	22,38	353	67.94
92	22,38	376	55.01
92	23	5	40.34
92	23	28	48.56
92	23	29	24.46
92	23	45	53.89
92	23	47	42.13
92	23	53	54.10
92	23	83	54.17
92	23	84	52.59
92	23	86	62.86
92	23	126	48.92
92	23	139	45.13
92	23	148	51.52
92	23	150	61.66
92	23	176	29.04
92	23	181	24.68
92	23	214	47.69
92	23	231	31.70
92	23	248	55.55
92	23	251	50.58
92	23	258	26.75
92	23	284	27.28
92	23	297	60.23
92	23	302	43.94
92	23	306	37.27
92	23,39	29	41.24
92	23,39	47	71.62
92	23,39	84	72.07
92	23,39	86	85.13
92	23,39	148	79.62
92	23,39	181	52.10
92	23,39	214	73.04
92	23,39	231	49.34
92	23,39	251	70.07
92	23,39	258	53.97
92	23,39	306	61.01
92	24	15	21.99
92	24	31	57.11
92	24	41	20.41
92	24	48	45.21
92	24	74	58.62
92	24	80	44.15
92	24	82	47.82
92	24	98	45.62
92	24	145	33.11
92	24	180	31.77
92	24	201	57.83
92	24	223	50.41
92	24	226	49.49
92	24	240	35.99
92	24	281	35.03
92	24	320	46.99
92	24	353	47.63
92	24	376	46.90
92	24,27	15	34.00
92	24,27	31	73.89
92	24,27	41	32.82
92	24,27	80	55.99
92	24,27	98	63.56
92	24,27	145	46.13
92	24,27	180	44.97
92	24,27	201	74.39
92	24,27	223	64.72
92	24,27	226	63.69
92	24,27	240	63.96
92	24,27	281	50.27
92	24,27	353	60.92
92	24,27	376	60.10
92	24,30	15	39.85
92	24,30	31	75.73
92	24,30	41	39.34
92	24,30	48	65.34
92	24,30	80	62.03
92	24,30	98	63.58
92	24,30	145	53.23
92	24,30	180	47.14
92	24,30	201	77.34
92	24,30	223	74.42
92	24,30	226	72.86
92	24,30	240	64.93
92	24,30	281	55.80
92	24,30	353	69.14
92	24,30	376	67.38
92	24,31	15	31.92
92	24,31	31	65.68
92	24,31	41	29.42
92	24,31	48	54.69
92	24,31	80	52.72
92	24,31	98	56.30
92	24,31	145	42.20
92	24,31	180	40.46
92	24,31	201	65.70
92	24,31	223	61.25
92	24,31	226	59.32
92	24,31	240	56.15
92	24,31	281	45.96
92	24,31	353	57.30
92	24,31	376	56.92
92	25	6	18.62
92	25	15	19.34
92	25	36	46.04
92	25	41	15.56
92	25	48	37.76
92	25	63	58.25
92	25	90	28.70
92	25	94	20.82
92	25	101	48.79
92	25	105	22.38
92	25	118	32.23
92	25	120	17.59
92	25	129	49.55
92	25	159	57.24
92	25	168	51.06
92	25	189	38.42
92	25	192	17.77
92	25	197	21.52
92	25	199	29.20
92	25	228	19.42
92	25	239	34.00
92	25	240	43.15
92	25	242	41.28
92	25	245	49.28
92	25	249	44.04
92	25	279	41.63
92	25	282	57.89
92	25	288	40.76
92	25	295	48.28
92	25	296	38.83
92	25	304	19.39
92	25	308	19.14
92	25	314	28.25
92	25	320	54.96
92	25	322	45.85
92	25	323	54.82
92	25	330	20.41
92	25	340	47.52
92	25	342	17.77
92	25	353	38.61
92	25	355	31.68
92	25	360	40.39
92	25	367	19.32
92	25	375	42.92
92	25	380	19.97
92	25	384	50.10
92	25	387	31.10
92	25	388	32.90
92	25	391	34.45
92	25,38	15	30.31
92	25,38	41	27.59
92	25,38	48	52.69
92	25,38	199	44.01
92	25,38	240	53.44
92	25,38	245	61.35
92	25,38	288	52.54
92	25,38	353	57.00
92	26	3	25.24
92	26	6	15.27
92	26	24	42.80
92	26	30	52.15
92	26	36	40.66
92	26	41	14.32
92	26	48	34.76
92	26	54	25.58
92	26	63	55.76
92	26	90	30.93
92	26	94	17.58
92	26	95	35.48
92	26	101	43.11
92	26	105	17.54
92	26	118	25.24
92	26	120	14.44
92	26	125	22.48
92	26	129	46.72
92	26	134	15.24
92	26	164	27.61
92	26	166	17.00
92	26	168	48.18
92	26	178	16.34
92	26	186	16.10
92	26	189	28.82
92	26	192	15.38
92	26	197	15.82
92	26	199	23.68
92	26	228	15.70
92	26	239	31.51
92	26	242	33.61
92	26	249	44.25
92	26	260	36.25
92	26	279	32.77
92	26	282	53.20
92	26	288	34.59
92	26	290	21.48
92	26	294	16.86
92	26	296	31.94
92	26	304	14.80
92	26	308	16.08
92	26	314	26.28
92	26	320	51.80
92	26	323	46.79
92	26	327	16.34
92	26	330	16.56
92	26	333	18.65
92	26	340	45.58
92	26	342	15.44
92	26	353	40.34
92	26	359	26.87
92	26	360	40.73
92	26	367	13.52
92	26	375	38.76
92	26	380	12.38
92	26	386	16.11
92	26	387	30.73
92	26	388	29.07
92	26	391	32.06
92	27	10	23.15
92	27	15	21.69
92	27	31	53.38
92	27	41	18.07
92	27	61	24.00
92	27	74	54.69
92	27	80	42.04
92	27	82	44.21
92	27	98	41.59
92	27	115	41.07
92	27	121	26.97
92	27	145	30.21
92	27	180	31.15
92	27	198	44.97
92	27	201	52.80
92	27	223	48.37
92	27	226	45.06
92	27	232	30.44
92	27	240	43.13
92	27	246	22.37
92	27	261	39.59
92	27	269	31.87
92	27	281	29.94
92	27	285	45.87
92	27	295	49.21
92	27	314	30.14
92	27	316	57.25
92	27	320	54.49
92	27	322	46.20
92	27	332	43.77
92	27	340	46.10
92	27	344	17.15
92	27	353	45.14
92	27	355	32.13
92	27	361	41.96
92	27	371	19.89
92	27	376	45.52
92	27	379	20.31
92	27,40	15	40.44
92	27,40	31	74.44
92	27,40	41	38.55
92	27,40	80	61.31
92	27,40	98	65.86
92	27,40	145	51.73
92	27,40	180	51.14
92	27,40	201	74.92
92	27,40	223	66.46
92	27,40	226	70.66
92	27,40	240	63.89
92	27,40	281	51.90
92	27,40	353	66.72
92	27,40	376	66.44
92	28	35	42.86
92	28	40	40.44
92	28	46	34.30
92	28	133	42.23
92	28	140	62.68
92	28	144	22.79
92	28	157	26.86
92	28	169	46.49
92	28	194	25.79
92	28	200	60.45
92	28	207	48.70
92	28	244	26.96
92	28	257	64.24
92	28	343	24.63
92	28	366	41.00
92	28	381	53.35
92	29	13	47.70
92	29	32	24.31
92	29	38	50.04
92	29	91	50.66
92	29	104	37.85
92	29	111	51.51
92	29	143	54.65
92	29	156	43.73
92	29	163	47.03
92	29	185	33.41
92	29	212	53.77
92	29	215	63.11
92	29	238	55.01
92	29	270	55.87
92	30	15	21.18
92	30	31	56.51
92	30	41	19.58
92	30	48	44.49
92	30	74	57.94
92	30	80	43.37
92	30	82	49.06
92	30	98	40.25
92	30	145	32.24
92	30	180	25.79
92	30	201	57.18
92	30	223	49.49
92	30	226	48.65
92	30	240	45.38
92	30	281	34.08
92	30	320	57.30
92	30	353	41.51
92	30	376	46.23
92	30,31	15	37.39
92	30,31	31	74.10
92	30,31	41	35.46
92	30,31	48	64.66
92	30,31	80	60.92
92	30,31	98	60.01
92	30,31	145	48.72
92	30,31	180	47.07
92	30,31	201	74.75
92	30,31	223	73.72
92	30,31	226	71.24
92	30,31	240	55.35
92	30,31	281	52.66
92	30,31	353	68.37
92	30,31	376	66.62
92	30,38	15	32.23
92	30,38	31	64.89
92	30,38	41	29.68
92	30,38	48	54.99
92	30,38	80	52.94
92	30,38	98	54.39
92	30,38	180	41.20
92	30,38	201	64.86
92	30,38	223	60.20
92	30,38	226	58.28
92	30,38	240	55.39
92	30,38	281	46.68
92	30,38	353	67.99
92	30,38	376	57.18
92	31	6	20.52
92	31	10	25.94
92	31	15	20.38
92	31	31	53.58
92	31	41	17.28
92	31	48	42.20
92	31	61	25.32
92	31	80	41.24
92	31	82	50.37
92	31	98	43.76
92	31	121	28.61
92	31	145	29.38
92	31	180	28.48
92	31	198	45.70
92	31	199	32.15
92	31	201	53.14
92	31	223	46.77
92	31	226	45.01
92	31	240	33.83
92	31	245	51.15
92	31	250	30.62
92	31	269	35.17
92	31	281	34.65
92	31	285	49.30
92	31	288	41.27
92	31	295	48.54
92	31	314	29.35
92	31	320	38.38
92	31	322	45.87
92	31	340	45.61
92	31	344	18.04
92	31	353	41.41
92	31	355	30.59
92	31	361	39.63
92	31	374	21.93
92	31	376	43.87
92	31	379	20.77
92	31	384	49.20
92	31	388	36.56
92	32	29	21.52
92	32	47	41.37
92	32	86	56.76
92	32	139	43.49
92	32	176	23.82
92	32	181	24.66
92	32	214	49.76
92	32	251	45.23
92	32	258	29.46
92	32	284	23.18
92	32	302	49.07
92	32	306	41.30
92	32,34	29	35.41
92	32,34	47	63.52
92	32,34	86	74.51
92	32,34	139	64.34
92	32,34	176	39.59
92	32,34	181	40.31
92	32,34	214	67.70
92	32,34	251	61.04
92	32,34	258	47.55
92	32,34	284	38.48
92	32,34	302	67.49
92	32,34	306	57.44
92	33	12	42.93
92	33	40	47.34
92	33	46	43.49
92	33	133	49.66
92	33	140	66.65
92	33	157	39.79
92	33	158	55.96
92	33	169	50.25
92	33	194	30.96
92	33	200	63.93
92	33	207	54.94
92	33	234	53.42
92	33	236	40.96
92	33	257	68.54
92	33	334	52.49
92	33	343	27.38
92	33	358	42.54
92	33	366	44.44
92	33	381	59.44
92	34	5	34.20
92	34	9	20.77
92	34	14	44.73
92	34	28	41.13
92	34	29	17.35
92	34	45	45.03
92	34	47	32.21
92	34	53	48.59
92	34	59	35.06
92	34	83	48.11
92	34	84	43.10
92	34	86	52.17
92	34	88	16.07
92	34	106	39.28
92	34	110	32.35
92	34	126	39.70
92	34	139	35.63
92	34	170	20.70
92	34	176	19.38
92	34	181	16.97
92	34	196	23.15
92	34	214	40.56
92	34	218	31.01
92	34	231	25.06
92	34	235	49.30
92	34	237	30.03
92	34	251	41.18
92	34	254	22.87
92	34	258	18.51
92	34	271	44.44
92	34	284	18.20
92	34	287	33.24
92	34	297	53.28
92	34	302	38.24
92	34	306	31.90
92	34	317	42.75
92	34	346	44.15
92	34	347	21.76
92	34	357	26.69
92	34	363	26.89
92	34	385	19.20
92	35	23	26.30
92	35	33	32.28
92	35	34	58.14
92	35	75	36.37
92	35	116	43.83
92	35	127	43.87
92	35	161	38.23
92	35	165	38.68
92	35	187	45.04
92	35	205	31.87
92	35	220	15.80
92	35	275	38.99
92	35	283	36.23
92	35	286	36.93
92	35	291	46.54
92	35	311	20.39
92	35	338	18.69
92	35	348	47.83
92	35	352	49.83
92	35,36	33	45.99
92	35,36	34	70.08
92	35,36	75	39.69
92	35,36	127	56.38
92	35,36	161	52.28
92	35,36	165	47.72
92	35,36	205	46.24
92	35,36	220	24.93
92	35,36	275	51.83
92	35,36	291	60.51
92	35,36	311	36.76
92	35,36	338	31.06
92	36	33	34.58
92	36	34	59.62
92	36	75	38.41
92	36	106	46.93
92	36	116	45.38
92	36	127	45.49
92	36	161	39.39
92	36	165	40.01
92	36	187	46.70
92	36	205	32.62
92	36	220	16.89
92	36	259	43.46
92	36	275	40.51
92	36	286	38.23
92	36	291	49.18
92	36	311	24.83
92	36	338	21.79
92	36	347	22.24
92	36	348	49.15
92	36	352	51.24
92	37	10	22.14
92	37	31	52.39
92	37	50	17.59
92	37	56	17.20
92	37	65	46.20
92	37	68	42.13
92	37	70	62.11
92	37	74	50.20
92	37	80	44.41
92	37	82	45.61
92	37	98	39.66
92	37	112	45.94
92	37	115	41.87
92	37	145	33.14
92	37	148	46.97
92	37	150	54.65
92	37	152	20.42
92	37	180	34.87
92	37	183	47.90
92	37	191	18.25
92	37	201	51.93
92	37	223	49.30
92	37	226	46.17
92	37	246	20.46
92	37	253	52.85
92	37	261	37.75
92	37	269	27.20
92	37	280	27.75
92	37	281	22.48
92	37	285	48.01
92	37	326	33.65
92	37	329	48.07
92	37	332	41.90
92	37	350	52.03
92	37	357	27.20
92	37	361	46.06
92	37	376	42.38
92	38	15	22.23
92	38	31	55.51
92	38	41	19.30
92	38	48	44.45
92	38	80	43.13
92	38	82	52.21
92	38	98	45.87
92	38	180	27.75
92	38	199	34.70
92	38	201	55.20
92	38	223	49.59
92	38	226	47.69
92	38	240	44.56
92	38	245	53.28
92	38	281	36.89
92	38	288	44.63
92	38	320	51.90
92	38	353	41.03
92	38	376	46.08
92	39	29	20.51
92	39	31	55.93
92	39	47	41.46
92	39	50	19.01
92	39	56	23.72
92	39	65	50.75
92	39	68	46.35
92	39	70	65.77
92	39	74	52.06
92	39	84	48.86
92	39	86	59.11
92	39	148	50.03
92	39	150	58.13
92	39	181	21.93
92	39	191	24.34
92	39	201	55.70
92	39	214	46.61
92	39	231	26.21
92	39	251	46.85
92	39	258	26.77
92	39	306	35.56
92	39	329	52.06
92	40	15	22.58
92	40	31	55.89
92	40	41	19.69
92	40	48	44.89
92	40	80	43.49
92	40	82	44.83
92	40	98	46.28
92	40	145	31.97
92	40	180	31.07
92	40	199	35.20
92	40	201	55.61
92	40	223	50.14
92	40	226	48.23
92	40	240	44.63
92	40	245	53.70
92	40	281	31.55
92	40	288	45.04
92	40	320	54.32
92	40	353	46.79
92	40	376	46.52
92	41	18	20.97
92	41	23	41.96
92	41	25	61.27
92	41	42	51.73
92	41	55	55.31
92	41	93	31.68
92	41	109	47.86
92	41	138	56.66
92	41	151	41.20
92	41	161	51.25
92	41	165	51.11
92	41	215	62.68
92	41	227	58.82
92	41	252	24.42
92	41	283	42.51
92	41	305	31.23
92	41	331	47.99
92	41	339	44.38
92	42	23	36.89
92	42	33	42.87
92	42	34	66.14
92	42	127	52.15
92	42	161	47.80
92	42	165	37.68
92	42	187	55.13
92	42	220	24.49
92	42	259	51.32
92	42	275	47.21
92	42	283	45.28
92	42	291	58.13
92	42	352	58.15
92	43	7	13.62
92	43	8	14.23
92	43	12	28.72
92	43	17	19.80
92	43	21	15.01
92	43	26	37.89
92	43	39	37.46
92	43	49	14.23
92	43	51	16.25
92	43	60	17.82
92	43	64	15.76
92	43	66	30.27
92	43	67	27.38
92	43	69	13.14
92	43	76	37.30
92	43	85	48.83
92	43	87	55.55
92	43	89	49.59
92	43	92	48.61
92	43	99	24.08
92	43	103	12.48
92	43	107	45.20
92	43	108	15.04
92	43	114	23.79
92	43	119	16.62
92	43	128	16.07
92	43	131	56.59
92	43	136	13.63
92	43	146	43.65
92	43	162	58.70
92	43	182	17.03
92	43	184	16.65
92	43	202	12.89
92	43	203	13.49
92	43	206	19.52
92	43	208	16.94
92	43	209	13.62
92	43	210	33.13
92	43	211	34.15
92	43	216	14.65
92	43	219	14.38
92	43	222	12.72
92	43	233	13.24
92	43	234	44.55
92	43	255	18.72
92	43	256	17.89
92	43	262	15.86
92	43	264	15.15
92	43	265	13.80
92	43	274	16.90
92	43	298	14.27
92	43	300	12.82
92	43	303	15.86
92	43	312	18.49
92	43	315	40.06
92	43	318	30.69
92	43	319	14.41
92	43	321	16.49
92	43	324	12.55
92	43	328	38.45
92	43	334	31.61
92	43	358	31.90
92	43	362	14.85
92	43	369	16.63
92	43	372	23.96
92	43	377	16.27
92	43	389	54.31
