Task=4 Orders=48 Vehicles=417 Scores=1806
4	1	4	22.80
4	1	11	27.39
4	1	28	39.96
4	1	31	18.24
4	1	42	31.55
4	1	43	24.80
4	1	44	16.17
4	1	45	14.58
4	1	72	16.10
4	1	76	52.68
4	1	80	16.82
4	1	84	20.45
4	1	97	16.23
4	1	128	19.46
4	1	146	24.59
4	1	147	58.32
4	1	162	23.34
4	1	190	57.63
4	1	192	21.17
4	1	195	15.63
4	1	205	36.65
4	1	209	20.56
4	1	214	53.97
4	1	216	18.18
4	1	229	59.66
4	1	234	14.86
4	1	235	30.76
4	1	239	38.03
4	1	248	18.61
4	1	254	28.03
4	1	260	59.27
4	1	267	44.52
4	1	274	18.86
4	1	276	44.31
4	1	284	18.65
4	1	285	17.54
4	1	289	18.76
4	1	314	47.31
4	1	334	44.37
4	1	350	18.25
4	1	373	43.54
4	1	404	57.06
4	1	406	32.92
4	1,22	4	33.14
4	1,22	11	39.63
4	1,22	42	41.99
4	1,22	44	26.17
4	1,22	45	23.92
4	1,22	72	26.87
4	1,22	80	26.20
4	1,22	97	26.03
4	1,22	162	34.86
4	1,22	195	26.24
4	1,22	205	49.03
4	1,22	209	32.30
4	1,22	234	24.27
4	1,22	235	43.37
4	1,22	239	49.99
4	1,22	267	56.72
4	1,22	274	29.42
4	1,22	350	29.31
4	2	4	19.30
4	2	28	36.48
4	2	31	11.21
4	2	32	52.48
4	2	42	26.35
4	2	43	18.10
4	2	44	12.77
4	2	45	11.20
4	2	53	53.45
4	2	72	11.94
4	2	76	46.93
4	2	84	13.34
4	2	97	12.85
4	2	103	16.31
4	2	128	12.48
4	2	146	17.80
4	2	147	52.24
4	2	162	26.79
4	2	190	50.70
4	2	192	15.41
4	2	195	11.73
4	2	205	33.31
4	2	209	16.70
4	2	216	11.89
4	2	229	53.30
4	2	234	11.55
4	2	239	30.56
4	2	248	10.96
4	2	254	22.15
4	2	260	53.21
4	2	267	35.56
4	2	269	29.08
4	2	274	15.15
4	2	284	14.65
4	2	285	13.15
4	2	289	11.93
4	2	314	41.31
4	2	334	37.83
4	2	350	14.45
4	2	364	15.96
4	2	373	36.90
4	2	406	18.41
4	2,34	4	32.03
4	2,34	31	29.03
4	2,34	42	46.17
4	2,34	43	37.14
4	2,34	45	23.85
4	2,34	72	29.25
4	2,34	84	33.45
4	2,34	97	24.99
4	2,34	146	35.51
4	2,34	192	31.79
4	2,34	195	28.38
4	2,34	205	46.94
4	2,34	209	32.79
4	2,34	239	53.59
4	2,34	267	59.80
4	2,34	289	29.90
4	2,34	406	36.27
4	3	47	38.17
4	3	65	25.42
4	3	85	48.66
4	3	90	48.58
4	3	107	52.86
4	3	117	31.59
4	3	121	22.99
4	3	123	39.92
4	3	163	35.73
4	3	185	20.56
4	3	201	67.51
4	3	224	57.14
4	3	240	45.28
4	3	247	56.56
4	3	266	50.35
4	3	294	31.17
4	3	308	32.48
4	3	310	54.37
4	3	329	46.31
4	3	338	50.56
4	3	342	52.93
4	3	346	63.56
4	3	394	39.13
4	3	413	49.61
4	3,24	107	71.27
4	3,24	117	43.90
4	3,24	121	39.62
4	3,24	163	50.04
4	3,24	185	35.06
4	3,24	247	70.92
4	3,24	308	49.14
4	3,24	310	76.94
4	3,24	342	69.35
4	3,24	346	79.99
4	3,24	394	58.97
4	3,31	47	56.10
4	3,31	65	38.58
4	3,31	121	37.45
4	3,31	123	54.15
4	3,31	163	47.80
4	3,31	185	32.80
4	3,31	247	71.17
4	3,31	266	64.59
4	3,31	308	48.72
4	3,31	338	65.14
4	3,31	342	67.15
4	3,31	346	77.79
4	4	2	28.00
4	4	3	13.63
4	4	13	35.76
4	4	24	43.01
4	4	26	36.42
4	4	47	42.01
4	4	49	46.93
4	4	59	15.03
4	4	65	17.97
4	4	85	39.07
4	4	90	44.83
4	4	104	46.80
4	4	111	49.04
4	4	121	16.48
4	4	123	46.68
4	4	130	48.34
4	4	139	61.49
4	4	163	29.86
4	4	185	14.27
4	4	187	47.42
4	4	217	30.75
4	4	219	20.23
4	4	224	47.65
4	4	237	19.92
4	4	245	17.75
4	4	247	44.75
4	4	258	37.06
4	4	266	41.17
4	4	295	53.61
4	4	306	42.28
4	4	319	18.27
4	4	320	45.37
4	4	329	37.13
4	4	332	20.86
4	4	338	43.86
4	4	340	18.73
4	4	342	45.08
4	4	346	57.72
4	4	363	17.11
4	4	397	29.86
4	4	416	20.44
4	4,32	13	51.03
4	4,32	24	57.87
4	4,32	26	56.89
4	4,32	47	65.21
4	4,32	59	30.65
4	4,32	65	28.01
4	4,32	104	57.80
4	4,32	121	32.70
4	4,32	163	49.41
4	4,32	219	36.15
4	4,32	245	32.86
4	4,32	247	67.66
4	4,32	266	64.13
4	4,32	320	74.31
4	4,32	338	66.41
4	4,32	363	30.55
4	4,32	416	31.55
4	5	8	56.08
4	5	34	15.93
4	5	71	14.76
4	5	78	22.77
4	5	133	45.30
4	5	136	19.01
4	5	137	30.85
4	5	145	28.42
4	5	148	15.27
4	5	174	50.90
4	5	186	16.03
4	5	196	17.42
4	5	207	70.21
4	5	208	42.82
4	5	218	18.54
4	5	222	50.20
4	5	225	16.08
4	5	242	17.20
4	5	243	17.25
4	5	244	17.70
4	5	246	18.80
4	5	263	18.24
4	5	273	16.03
4	5	279	16.49
4	5	283	33.61
4	5	292	37.59
4	5	312	39.99
4	5	323	17.62
4	5	335	18.49
4	5	339	16.00
4	5	351	35.96
4	5	353	16.11
4	5	354	16.42
4	5	357	17.01
4	5	372	23.76
4	5	382	16.51
4	5	390	39.13
4	5	391	34.11
4	5	392	17.06
4	5	393	27.86
4	5	403	17.73
4	5	407	26.03
4	5,8	8	83.18
4	5,8	145	48.87
4	5,8	174	77.83
4	5,8	208	70.62
4	5,8	351	62.39
4	5,8	353	40.72
4	5,8	390	65.56
4	5,12	8	73.90
4	5,12	137	55.63
4	5,12	174	68.75
4	5,12	208	56.56
4	5,48	8	84.61
4	5,48	137	55.55
4	5,48	174	79.23
4	5,48	208	61.38
4	6	9	25.06
4	6	19	14.69
4	6	28	37.69
4	6	29	31.41
4	6	31	18.65
4	6	32	56.44
4	6	43	21.65
4	6	51	42.44
4	6	52	33.34
4	6	53	52.96
4	6	72	18.96
4	6	76	49.62
4	6	84	16.92
4	6	102	41.18
4	6	103	19.23
4	6	128	18.07
4	6	147	55.42
4	6	162	33.42
4	6	193	44.54
4	6	195	17.38
4	6	215	43.86
4	6	221	43.17
4	6	229	52.51
4	6	248	18.21
4	6	264	34.58
4	6	265	15.45
4	6	268	24.01
4	6	269	28.94
4	6	289	18.39
4	6	314	43.85
4	6	345	29.70
4	6	364	15.28
4	6	373	43.72
4	6	377	19.41
4	6	406	25.01
4	6,34	31	32.85
4	6,34	43	40.24
4	6,34	72	33.11
4	6,34	84	36.77
4	6,34	195	31.58
4	6,34	289	33.51
4	6,34	406	39.62
4	6,36	9	37.56
4	6,36	19	22.04
4	6,36	52	46.51
4	6,36	84	28.51
4	6,36	102	48.54
4	6,36	103	27.90
4	6,36	193	53.51
4	6,36	215	51.08
4	6,36	264	41.52
4	6,36	265	24.21
4	6,36	268	33.96
4	6,36	269	40.41
4	6,36	345	40.03
4	6,36	364	25.06
4	6,36	377	27.55
4	7	10	45.15
4	7	16	11.63
4	7	21	42.89
4	7	27	12.94
4	7	30	13.11
4	7	38	37.30
4	7	46	14.44
4	7	88	31.28
4	7	108	43.97
4	7	114	31.56
4	7	129	11.51
4	7	171	48.15
4	7	191	46.48
4	7	228	17.75
4	7	231	36.37
4	7	264	24.93
4	7	296	14.59
4	7	305	46.59
4	7	352	11.20
4	7	361	14.44
4	7	362	49.54
4	7	383	13.93
4	7	387	11.63
4	7,33	46	31.87
4	7,33	88	47.17
4	7,33	114	49.41
4	7,33	129	29.75
4	8	8	65.17
4	8	55	37.62
4	8	57	52.75
4	8	60	68.14
4	8	127	50.07
4	8	145	36.13
4	8	174	61.77
4	8	181	41.25
4	8	207	79.07
4	8	208	54.01
4	8	222	59.52
4	8	270	68.58
4	8	324	52.27
4	8	351	33.17
4	8	353	24.56
4	8	390	44.49
4	8,12	8	81.18
4	8,12	174	75.99
4	8,12	208	64.21
4	8,20	8	79.73
4	8,20	55	49.28
4	8,20	57	68.96
4	8,20	60	82.06
4	8,20	127	63.15
4	8,20	145	52.07
4	8,20	174	76.31
4	8,20	181	53.38
4	8,20	208	68.76
4	8,20	351	59.51
4	8,20	353	37.23
4	8,20	390	46.59
4	8,28	55	48.39
4	8,28	57	73.73
4	8,28	60	83.21
4	8,28	127	65.13
4	8,28	145	46.41
4	8,28	181	58.28
4	8,28	208	71.59
4	8,28	351	53.59
4	8,28	390	64.31
4	8,48	8	85.97
4	8,48	174	80.72
4	8,48	208	68.27
4	9	36	24.52
4	9	55	38.15
4	9	57	61.27
4	9	60	67.62
4	9	62	64.10
4	9	70	49.77
4	9	89	62.30
4	9	99	44.94
4	9	127	50.83
4	9	135	50.46
4	9	145	47.77
4	9	157	59.75
4	9	161	58.52
4	9	181	46.28
4	9	203	54.32
4	9	208	54.04
4	9	236	59.45
4	9	270	72.68
4	9	293	54.00
4	9	324	56.56
4	9	349	29.90
4	9	351	49.51
4	9	390	49.30
4	9,14	36	41.80
4	9,14	70	63.34
4	9,14	89	74.96
4	9,14	99	58.10
4	9,14	127	62.97
4	9,14	145	60.68
4	9,14	157	74.82
4	9,14	161	71.28
4	9,14	181	57.80
4	9,14	203	67.86
4	9,14	236	72.32
4	9,14	349	46.52
4	9,14	351	62.23
4	9,16	55	57.63
4	9,16	60	92.38
4	9,16	70	73.31
4	9,16	89	84.82
4	9,16	99	56.15
4	9,16	127	70.68
4	9,16	157	88.39
4	9,16	203	78.72
4	9,16	349	48.48
4	9,42	70	63.28
4	9,42	89	79.24
4	9,42	99	49.73
4	9,42	127	62.48
4	9,42	157	80.86
4	9,42	161	71.15
4	9,42	203	72.28
4	9,42	236	72.23
4	9,42	349	41.72
4	10	13	41.06
4	10	24	45.62
4	10	26	38.44
4	10	37	16.86
4	10	47	45.17
4	10	49	43.31
4	10	59	17.76
4	10	65	15.35
4	10	85	42.66
4	10	104	33.45
4	10	111	50.83
4	10	112	29.69
4	10	130	52.10
4	10	139	60.38
4	10	140	17.23
4	10	163	31.58
4	10	187	52.48
4	10	188	18.97
4	10	219	20.13
4	10	224	50.08
4	10	240	41.59
4	10	245	16.85
4	10	253	51.87
4	10	262	18.30
4	10	266	45.75
4	10	287	47.41
4	10	290	37.42
4	10	294	22.21
4	10	302	67.97
4	10	316	31.80
4	10	329	42.08
4	10	338	45.51
4	10	363	17.11
4	10	386	54.23
4	10	416	16.83
4	10,11	13	48.75
4	10,11	24	54.97
4	10,11	26	46.56
4	10,11	37	25.51
4	10,11	47	54.06
4	10,11	59	26.23
4	10,11	65	23.49
4	10,11	104	48.79
4	10,11	112	40.58
4	10,11	140	25.73
4	10,11	163	41.30
4	10,11	188	28.82
4	10,11	219	34.07
4	10,11	240	50.49
4	10,11	245	26.46
4	10,11	266	54.85
4	10,11	290	46.41
4	10,11	294	34.90
4	10,11	338	55.56
4	10,11	363	25.56
4	10,11	386	64.65
4	10,11	416	25.85
4	10,43	13	49.97
4	10,43	24	53.87
4	10,43	26	47.59
4	10,43	47	56.17
4	10,43	59	24.80
4	10,43	65	27.44
4	10,43	104	55.59
4	10,43	163	40.15
4	10,43	219	30.56
4	10,43	245	26.97
4	10,43	266	53.83
4	10,43	338	57.17
4	10,43	363	26.21
4	10,43	416	30.52
4	11	13	37.73
4	11	24	43.92
4	11	26	35.93
4	11	37	14.08
4	11	47	42.46
4	11	49	40.48
4	11	59	15.13
4	11	65	11.99
4	11	85	41.06
4	11	104	34.54
4	11	111	46.90
4	11	112	26.62
4	11	121	17.59
4	11	130	48.20
4	11	139	58.39
4	11	140	14.65
4	11	163	28.14
4	11	187	49.70
4	11	188	16.21
4	11	219	17.48
4	11	224	47.72
4	11	240	39.38
4	11	245	13.25
4	11	247	36.37
4	11	266	43.99
4	11	290	35.00
4	11	294	20.23
4	11	302	65.00
4	11	320	46.25
4	11	329	39.83
4	11	338	43.04
4	11	363	14.37
4	11	386	50.54
4	11	416	14.01
4	11,21	13	50.23
4	11,21	24	59.04
4	11,21	26	52.77
4	11,21	37	31.20
4	11,21	47	56.92
4	11,21	65	24.25
4	11,21	104	57.70
4	11,21	112	43.90
4	11,21	140	32.75
4	11,21	188	37.06
4	11,21	219	40.10
4	11,21	245	34.79
4	11,21	266	59.39
4	11,21	290	52.76
4	11,21	294	38.45
4	11,21	363	33.34
4	11,21	386	64.97
4	11,21	416	31.17
4	12	8	64.58
4	12	54	61.46
4	12	62	61.38
4	12	120	53.92
4	12	137	37.24
4	12	160	65.15
4	12	174	59.41
4	12	177	49.38
4	12	202	58.85
4	12	207	78.55
4	12	208	45.01
4	12	222	58.77
4	12,28	208	61.04
4	12,48	8	86.00
4	12,48	54	82.77
4	12,48	120	68.39
4	12,48	137	66.76
4	12,48	160	84.59
4	12,48	174	81.07
4	12,48	202	79.21
4	12,48	208	66.45
4	13	18	48.42
4	13	68	24.73
4	13	87	35.99
4	13	100	15.00
4	13	131	45.70
4	13	198	17.10
4	13	230	52.62
4	13	257	37.35
4	13	286	20.92
4	13	291	67.80
4	13	298	36.48
4	13	307	23.66
4	13	318	50.34
4	13	348	40.85
4	13	360	31.46
4	13	408	20.99
4	13	411	18.62
4	13	414	52.15
4	13,19	18	64.85
4	13,19	68	39.66
4	13,19	131	58.27
4	13,19	257	51.23
4	13,19	286	37.97
4	13,19	298	49.97
4	14	36	23.86
4	14	70	47.58
4	14	89	60.85
4	14	99	43.10
4	14	116	59.10
4	14	127	50.21
4	14	135	49.83
4	14	145	46.39
4	14	157	58.42
4	14	161	58.11
4	14	169	53.51
4	14	181	45.56
4	14	203	52.77
4	14	236	57.18
4	14	293	52.83
4	14	299	75.96
4	14	324	55.85
4	14	349	32.31
4	14	351	49.38
4	14,42	70	72.37
4	14,42	89	77.42
4	14,42	99	50.25
4	14,42	116	64.73
4	14,42	127	70.76
4	14,42	157	79.03
4	14,42	161	81.92
4	14,42	169	70.14
4	14,42	203	70.45
4	14,42	236	81.07
4	14,42	349	53.92
4	15	13	40.32
4	15	18	46.92
4	15	37	10.66
4	15	49	39.77
4	15	63	32.68
4	15	93	16.00
4	15	95	24.82
4	15	104	34.20
4	15	111	51.08
4	15	130	52.41
4	15	139	55.72
4	15	140	13.41
4	15	153	15.01
4	15	182	58.70
4	15	200	18.49
4	15	206	43.39
4	15	253	49.25
4	15	257	36.34
4	15	262	10.49
4	15	287	47.62
4	15	290	32.01
4	15	302	65.86
4	15	316	23.72
4	15	318	44.68
4	15	363	14.38
4	15	365	15.00
4	15	369	50.70
4	15	375	54.28
4	15	376	35.01
4	15	386	54.21
4	15	408	15.89
4	15	416	13.30
4	15,30	18	67.39
4	15,30	37	29.79
4	15,30	63	51.13
4	15,30	95	42.21
4	15,30	104	54.48
4	15,30	153	34.51
4	15,30	200	35.82
4	15,30	257	54.17
4	15,30	262	29.04
4	15,30	363	31.90
4	15,30	386	72.82
4	16	55	32.25
4	16	60	62.23
4	16	70	49.06
4	16	86	50.99
4	16	89	53.94
4	16	99	26.59
4	16	116	38.31
4	16	127	50.28
4	16	135	48.87
4	16	157	48.52
4	16	169	41.59
4	16	203	45.87
4	16	270	68.65
4	16	293	54.14
4	16	324	51.46
4	16	349	35.66
4	16	381	22.30
4	16,27	116	61.72
4	16,29	70	61.92
4	16,29	89	65.97
4	16,29	99	38.27
4	16,29	116	65.54
4	16,29	169	59.62
4	16,29	203	58.68
4	16,29	349	47.77
4	16,42	70	59.23
4	16,42	89	63.32
4	16,42	99	36.82
4	16,42	116	43.80
4	16,42	127	59.41
4	16,42	157	59.69
4	16,42	169	59.72
4	16,42	203	56.01
4	16,42	349	44.69
4	17	41	34.96
4	17	61	18.97
4	17	91	9.93
4	17	118	11.86
4	17	132	25.30
4	17	159	42.54
4	17	167	44.89
4	17	175	25.56
4	17	178	37.37
4	17	180	13.52
4	17	184	43.68
4	17	204	12.83
4	17	217	24.93
4	17	232	33.07
4	17	237	18.75
4	17	249	45.63
4	17	275	28.63
4	17	317	52.24
4	17	333	16.31
4	17	367	29.35
4	17,25	61	41.55
4	18	55	32.41
4	18	57	56.73
4	18	60	45.44
4	18	89	61.35
4	18	127	50.73
4	18	135	51.55
4	18	145	47.65
4	18	157	59.61
4	18	181	44.00
4	18	199	61.51
4	18	208	52.97
4	18	270	69.39
4	18	293	54.90
4	18	324	51.96
4	18	331	59.42
4	18	349	45.83
4	18	351	47.66
4	18	381	23.72
4	18	390	38.37
4	18,28	55	49.94
4	18,28	57	81.72
4	18,28	60	73.17
4	18,28	89	82.63
4	18,28	127	71.44
4	18,28	145	49.14
4	18,28	157	86.82
4	18,28	181	63.07
4	18,28	208	75.35
4	18,28	349	65.77
4	18,28	351	55.83
4	18,28	390	65.21
4	18,46	55	39.58
4	18,46	331	78.75
4	18,46	381	31.58
4	18,48	208	63.44
4	19	18	52.75
4	19	68	27.96
4	19	131	48.35
4	19	230	53.45
4	19	257	40.99
4	19	286	24.92
4	19	291	71.21
4	19	298	39.42
4	19,45	131	60.63
4	19,45	298	52.63
4	20	8	57.58
4	20	55	31.01
4	20	57	46.52
4	20	60	61.10
4	20	71	16.03
4	20	78	22.58
4	20	127	43.52
4	20	133	49.75
4	20	136	20.48
4	20	145	33.04
4	20	148	16.72
4	20	174	54.38
4	20	181	33.39
4	20	186	17.76
4	20	196	19.83
4	20	207	71.93
4	20	208	46.07
4	20	218	21.04
4	20	222	52.96
4	20	242	19.04
4	20	244	20.00
4	20	246	18.48
4	20	263	23.15
4	20	270	60.69
4	20	273	17.96
4	20	279	18.48
4	20	283	36.41
4	20	292	40.11
4	20	311	18.10
4	20	324	44.03
4	20	325	40.17
4	20	335	19.61
4	20	339	17.89
4	20	351	36.20
4	20	353	16.51
4	20	382	19.96
4	20	390	25.14
4	20	391	36.96
4	20	407	26.41
4	20,48	8	69.93
4	20,48	174	65.34
4	20,48	208	52.13
4	21	13	37.55
4	21	24	48.62
4	21	26	40.13
4	21	37	16.34
4	21	47	47.20
4	21	49	42.58
4	21	65	17.38
4	21	85	45.52
4	21	104	43.65
4	21	111	53.10
4	21	112	30.61
4	21	130	55.01
4	21	139	63.01
4	21	140	18.28
4	21	187	55.42
4	21	188	19.97
4	21	219	23.30
4	21	224	51.86
4	21	245	20.23
4	21	253	52.93
4	21	262	19.90
4	21	266	44.93
4	21	287	50.06
4	21	290	37.82
4	21	294	23.27
4	21	302	70.69
4	21	316	34.87
4	21	329	44.86
4	21	363	19.89
4	21	386	56.08
4	21	416	16.08
4	21,43	13	54.72
4	21,43	24	59.13
4	21,43	26	51.34
4	21,43	47	60.55
4	21,43	65	35.41
4	21,43	104	64.99
4	21,43	219	35.70
4	21,43	245	32.58
4	21,43	266	58.07
4	21,43	363	30.24
4	21,43	416	36.51
4	22	4	21.54
4	22	11	27.52
4	22	23	15.54
4	22	42	33.11
4	22	44	16.35
4	22	45	16.52
4	22	58	18.56
4	22	67	37.58
4	22	72	18.52
4	22	74	25.04
4	22	76	53.52
4	22	80	13.90
4	22	81	56.34
4	22	86	46.07
4	22	97	15.48
4	22	156	50.15
4	22	162	27.86
4	22	166	17.66
4	22	195	17.25
4	22	197	19.39
4	22	205	32.24
4	22	209	15.18
4	22	214	50.89
4	22	234	15.76
4	22	235	35.72
4	22	239	39.30
4	22	260	61.96
4	22	267	44.86
4	22	274	13.83
4	22	276	45.54
4	22	282	54.76
4	22	321	14.83
4	22	330	19.90
4	22	334	47.82
4	22	350	18.01
4	22	356	25.80
4	22	359	18.24
4	22	379	31.61
4	22	404	54.79
4	22,27	11	42.99
4	22,27	42	46.30
4	22,27	67	50.62
4	22,27	80	28.06
4	22,27	156	56.14
4	22,27	209	32.83
4	22,27	235	50.63
4	23	8	51.25
4	23	34	11.82
4	23	54	48.32
4	23	66	33.49
4	23	71	14.97
4	23	78	23.14
4	23	133	39.37
4	23	136	17.15
4	23	137	29.31
4	23	148	13.37
4	23	155	13.72
4	23	160	53.97
4	23	174	48.99
4	23	177	33.66
4	23	186	14.13
4	23	194	29.07
4	23	196	16.08
4	23	207	67.44
4	23	208	35.49
4	23	218	13.39
4	23	222	48.61
4	23	225	11.93
4	23	242	12.52
4	23	243	12.97
4	23	244	11.59
4	23	251	12.70
4	23	256	13.80
4	23	263	10.82
4	23	273	11.39
4	23	279	14.58
4	23	283	27.13
4	23	292	32.24
4	23	312	34.58
4	23	323	12.97
4	23	335	19.41
4	23	337	15.20
4	23	339	14.63
4	23	351	36.83
4	23	354	12.17
4	23	357	10.66
4	23	370	35.30
4	23	372	20.41
4	23	382	13.52
4	23	391	34.89
4	23	392	12.83
4	23	393	23.32
4	23	403	13.69
4	23,39	8	61.39
4	23,39	34	21.80
4	23,39	54	58.06
4	23,39	66	48.27
4	23,39	71	27.65
4	23,39	137	44.21
4	23,39	155	26.86
4	23,39	160	71.41
4	23,39	174	65.42
4	23,39	194	38.89
4	23,39	196	29.73
4	23,39	208	46.79
4	23,39	218	25.92
4	23,39	225	21.92
4	23,39	242	24.45
4	23,39	243	22.83
4	23,39	244	24.08
4	23,39	251	22.82
4	23,39	256	26.34
4	23,39	263	24.58
4	23,39	273	23.51
4	23,39	283	43.32
4	23,39	292	48.92
4	23,39	323	23.49
4	23,39	335	34.18
4	23,39	337	27.87
4	23,39	339	27.44
4	23,39	354	22.32
4	23,39	357	21.66
4	23,39	370	52.07
4	23,39	372	29.35
4	23,39	382	26.49
4	23,39	391	51.66
4	23,39	392	23.27
4	23,39	393	33.63
4	23,39	403	24.15
4	24	5	30.66
4	24	20	52.59
4	24	73	46.96
4	24	94	50.38
4	24	96	28.90
4	24	106	22.45
4	24	107	47.87
4	24	110	53.31
4	24	113	20.14
4	24	117	25.77
4	24	119	20.94
4	24	121	22.96
4	24	149	50.35
4	24	163	37.62
4	24	165	21.00
4	24	170	49.14
4	24	176	33.11
4	24	185	19.24
4	24	201	63.90
4	24	213	44.52
4	24	247	56.24
4	24	258	52.28
4	24	280	39.90
4	24	281	38.06
4	24	295	57.80
4	24	308	33.03
4	24	310	51.24
4	24	332	27.38
4	24	342	52.86
4	24	346	61.86
4	24	368	24.00
4	24	371	46.18
4	24	380	31.21
4	24	394	33.59
4	24	401	29.76
4	24	405	53.25
4	24	413	41.69
4	25	40	38.72
4	25	56	26.01
4	25	61	34.07
4	25	134	51.06
4	25	152	27.83
4	25	210	49.75
4	25	227	32.13
4	25	249	50.41
4	25	250	36.06
4	25	271	24.31
4	25	327	52.31
4	26	7	31.93
4	26	14	23.68
4	26	33	23.69
4	26	48	17.72
4	26	55	26.49
4	26	64	16.46
4	26	75	30.21
4	26	77	55.59
4	26	83	44.18
4	26	92	34.25
4	26	105	15.06
4	26	122	38.32
4	26	126	17.56
4	26	141	15.46
4	26	151	40.32
4	26	158	14.38
4	26	164	28.21
4	26	168	14.08
4	26	199	55.85
4	26	226	33.54
4	26	252	18.44
4	26	270	62.41
4	26	297	13.24
4	26	300	15.68
4	26	309	18.73
4	26	311	17.69
4	26	313	27.73
4	26	331	48.90
4	26	347	14.85
4	26	355	14.03
4	26	381	18.51
4	26	396	17.80
4	26	415	24.34
4	26,46	7	46.21
4	26,46	14	38.93
4	26,46	33	38.59
4	26,46	48	38.34
4	26,46	55	40.11
4	26,46	64	32.93
4	26,46	75	40.34
4	26,46	77	72.23
4	26,46	83	53.58
4	26,46	92	49.75
4	26,46	105	33.00
4	26,46	122	50.41
4	26,46	126	34.93
4	26,46	141	33.28
4	26,46	151	56.03
4	26,46	158	28.92
4	26,46	164	44.94
4	26,46	168	32.14
4	26,46	226	50.06
4	26,46	252	37.18
4	26,46	297	29.68
4	26,46	300	34.66
4	26,46	309	35.46
4	26,46	311	33.56
4	26,46	313	45.35
4	26,46	331	65.00
4	26,46	347	33.24
4	26,46	355	30.76
4	26,46	381	34.65
4	26,46	396	36.20
4	26,46	415	42.77
4	27	6	22.69
4	27	11	33.06
4	27	12	28.13
4	27	35	29.68
4	27	42	37.79
4	27	67	40.90
4	27	80	19.08
4	27	81	58.34
4	27	86	46.46
4	27	116	50.08
4	27	142	44.14
4	27	156	39.89
4	27	209	21.94
4	27	214	55.15
4	27	235	40.34
4	27	277	19.42
4	27	282	59.92
4	27,34	11	48.14
4	27,34	42	56.56
4	27,34	80	37.07
4	27,34	209	43.80
4	27,34	235	53.56
4	27,44	11	41.96
4	27,44	42	42.58
4	27,44	80	27.44
4	27,44	156	57.25
4	27,44	209	32.61
4	27,44	235	45.61
4	28	55	32.21
4	28	57	53.89
4	28	60	63.87
4	28	89	59.11
4	28	127	47.31
4	28	135	48.01
4	28	145	25.99
4	28	157	56.28
4	28	181	40.63
4	28	199	59.77
4	28	207	73.41
4	28	208	50.85
4	28	236	55.21
4	28	270	66.04
4	28	293	50.45
4	28	324	49.63
4	28	349	45.46
4	28	351	28.30
4	28	390	44.52
4	28,48	208	66.25
4	29	70	46.68
4	29	89	55.49
4	29	98	30.37
4	29	99	24.72
4	29	115	19.76
4	29	116	40.20
4	29	150	42.27
4	29	161	55.87
4	29	169	40.97
4	29	197	24.62
4	29	203	45.54
4	29	238	21.48
4	29	259	55.14
4	29	293	51.73
4	29	299	73.35
4	29	343	24.07
4	29	349	35.69
4	29	359	24.17
4	29	384	20.44
4	29	389	34.04
4	29	398	19.99
4	29	410	19.85
4	29,42	70	55.52
4	29,42	89	62.56
4	29,42	99	30.10
4	29,42	115	25.10
4	29,42	116	52.37
4	29,42	161	63.52
4	29,42	169	62.34
4	29,42	203	54.55
4	29,42	259	61.14
4	29,42	343	34.15
4	29,42	349	41.77
4	29,42	359	32.13
4	29,42	384	26.34
4	29,42	389	40.54
4	29,42	398	25.32
4	29,42	410	25.13
4	30	18	57.44
4	30	37	21.11
4	30	63	42.15
4	30	95	33.62
4	30	104	44.93
4	30	139	63.32
4	30	153	25.37
4	30	182	67.89
4	30	200	26.63
4	30	206	51.38
4	30	257	45.51
4	30	262	20.10
4	30	287	55.87
4	30	302	74.93
4	30	363	22.79
4	30	375	64.35
4	30	376	43.41
4	30	386	63.46
4	30,35	18	71.00
4	30,35	37	35.52
4	30,35	63	55.00
4	30,35	95	45.87
4	30,35	153	36.42
4	30,35	200	36.49
4	30,35	257	54.65
4	30,35	262	34.30
4	30,35	386	75.63
4	30,43	104	55.93
4	30,43	363	33.10
4	31	3	16.77
4	31	26	40.13
4	31	47	43.37
4	31	65	22.17
4	31	85	43.41
4	31	90	45.01
4	31	121	19.48
4	31	123	42.97
4	31	163	33.45
4	31	185	16.38
4	31	201	66.14
4	31	224	51.94
4	31	247	53.89
4	31	266	45.35
4	31	308	33.66
4	31	329	41.31
4	31	338	47.83
4	31	342	50.54
4	31	346	61.82
4	31	363	21.25
4	32	13	35.66
4	32	24	51.23
4	32	26	42.39
4	32	37	22.61
4	32	47	45.44
4	32	49	48.87
4	32	59	23.07
4	32	65	19.49
4	32	85	47.94
4	32	104	51.11
4	32	111	54.93
4	32	112	34.31
4	32	121	25.35
4	32	130	56.44
4	32	139	64.97
4	32	140	22.79
4	32	163	34.99
4	32	187	56.90
4	32	188	25.41
4	32	219	26.14
4	32	224	54.61
4	32	240	47.13
4	32	245	23.06
4	32	247	47.45
4	32	266	50.62
4	32	290	43.08
4	32	294	28.03
4	32	302	71.99
4	32	320	49.28
4	32	329	46.61
4	32	338	49.21
4	32	363	21.89
4	32	386	58.28
4	32	416	22.38
4	33	21	56.49
4	33	25	66.34
4	33	39	28.90
4	33	46	25.75
4	33	68	28.65
4	33	82	36.76
4	33	88	41.07
4	33	108	56.82
4	33	114	43.80
4	33	125	54.01
4	33	129	24.14
4	33	171	58.17
4	33	183	58.56
4	33	191	58.94
4	33	211	25.10
4	33	233	31.13
4	33	261	24.35
4	34	4	24.58
4	34	11	30.23
4	34	31	21.83
4	34	42	34.80
4	34	43	29.66
4	34	45	17.20
4	34	58	23.92
4	34	72	21.69
4	34	76	55.72
4	34	80	19.11
4	34	84	25.73
4	34	97	17.92
4	34	146	28.07
4	34	190	61.14
4	34	192	24.30
4	34	195	20.46
4	34	205	38.99
4	34	209	24.25
4	34	214	58.46
4	34	229	62.21
4	34	235	35.18
4	34	239	42.72
4	34	260	62.45
4	34	267	43.89
4	34	276	49.15
4	34	289	22.21
4	34	314	51.85
4	34	406	28.76
4	34,44	4	34.68
4	34,44	11	40.46
4	34,44	31	31.97
4	34,44	42	43.48
4	34,44	45	26.31
4	34,44	72	32.23
4	34,44	80	28.27
4	34,44	84	36.58
4	34,44	97	27.46
4	34,44	195	30.83
4	34,44	205	49.48
4	34,44	209	35.73
4	34,44	235	45.80
4	34,44	239	57.92
4	34,44	267	57.90
4	34,44	289	32.68
4	34,44	406	38.82
4	35	18	53.52
4	35	37	20.80
4	35	63	39.25
4	35	95	31.01
4	35	101	41.01
4	35	153	19.86
4	35	182	66.24
4	35	200	21.08
4	35	206	49.04
4	35	241	40.10
4	35	255	62.94
4	35	257	41.15
4	35	262	18.63
4	35	286	24.42
4	35	287	54.79
4	35	375	62.38
4	35	376	40.79
4	35	386	59.66
4	36	9	17.04
4	36	17	13.15
4	36	19	8.80
4	36	28	37.18
4	36	29	28.23
4	36	32	51.94
4	36	50	29.17
4	36	51	36.27
4	36	52	29.77
4	36	53	47.42
4	36	69	45.99
4	36	84	13.94
4	36	102	34.99
4	36	103	12.77
4	36	108	44.77
4	36	147	50.92
4	36	193	40.59
4	36	215	37.87
4	36	221	39.62
4	36	264	29.28
4	36	265	9.76
4	36	268	13.77
4	36	269	25.69
4	36	296	15.55
4	36	315	24.77
4	36	326	12.86
4	36	345	27.00
4	36	364	11.18
4	36	377	11.61
4	37	9	19.97
4	37	16	16.66
4	37	17	15.44
4	37	19	11.35
4	37	21	44.75
4	37	28	40.68
4	37	29	28.59
4	37	32	54.28
4	37	50	31.45
4	37	51	40.99
4	37	52	32.48
4	37	53	49.25
4	37	69	48.48
4	37	84	16.56
4	37	102	36.76
4	37	103	15.08
4	37	108	47.32
4	37	147	53.48
4	37	193	43.23
4	37	215	40.14
4	37	221	41.94
4	37	264	31.13
4	37	265	12.34
4	37	268	16.11
4	37	269	28.32
4	37	296	17.18
4	37	315	27.03
4	37	326	15.15
4	37	345	29.54
4	37	362	49.42
4	37	364	14.07
4	37,47	9	29.24
4	37,47	16	23.86
4	37,47	17	22.49
4	37,47	19	18.68
4	37,47	50	42.39
4	37,47	52	45.54
4	37,47	84	24.03
4	37,47	102	47.01
4	37,47	103	23.08
4	37,47	193	52.89
4	37,47	215	50.14
4	37,47	264	40.48
4	37,47	265	20.25
4	37,47	268	25.99
4	37,47	269	39.34
4	37,47	296	25.20
4	37,47	315	36.76
4	37,47	326	22.86
4	37,47	345	39.44
4	37,47	362	60.41
4	37,47	364	21.51
4	38	95	20.37
4	38	124	28.46
4	38	134	34.51
4	38	143	18.56
4	38	167	46.52
4	38	172	19.13
4	38	173	11.46
4	38	179	41.11
4	38	206	34.00
4	38	249	40.66
4	38	250	29.28
4	38	272	18.08
4	38	275	26.04
4	38	298	30.03
4	38	301	44.17
4	38	303	18.18
4	38	304	24.25
4	38	322	18.14
4	38	327	45.31
4	38	328	16.66
4	38	333	17.76
4	38	344	17.93
4	38	348	30.83
4	38	358	16.94
4	38	366	39.99
4	38	378	39.85
4	38	388	17.45
4	38	399	30.46
4	38	402	12.42
4	38	409	17.31
4	38	417	24.97
4	38,40	179	70.58
4	38,40	298	58.39
4	38,40	301	76.85
4	39	8	54.03
4	39	34	14.73
4	39	54	51.04
4	39	66	37.66
4	39	71	19.87
4	39	137	34.90
4	39	138	57.01
4	39	155	18.83
4	39	160	57.70
4	39	174	53.20
4	39	177	39.89
4	39	194	31.93
4	39	196	21.77
4	39	207	72.18
4	39	208	35.20
4	39	218	18.62
4	39	220	15.73
4	39	222	51.37
4	39	225	14.83
4	39	242	17.28
4	39	243	15.86
4	39	244	16.66
4	39	251	15.73
4	39	256	17.93
4	39	263	16.54
4	39	273	16.28
4	39	283	31.45
4	39	288	19.66
4	39	292	37.35
4	39	312	37.39
4	39	323	16.30
4	39	335	25.46
4	39	337	19.77
4	39	339	19.92
4	39	354	15.10
4	39	357	14.44
4	39	370	40.13
4	39	372	23.23
4	39	382	18.80
4	39	385	44.03
4	39	391	38.87
4	39	392	16.04
4	39	393	26.27
4	39	400	17.80
4	39	403	16.93
4	40	79	42.80
4	40	131	52.49
4	40	179	50.35
4	40	212	48.51
4	40	230	69.08
4	40	291	72.86
4	40	298	45.03
4	40	301	57.62
4	41	22	42.39
4	41	36	17.14
4	41	55	29.20
4	41	57	48.59
4	41	60	56.38
4	41	71	16.41
4	41	78	24.00
4	41	89	52.34
4	41	127	42.46
4	41	133	47.62
4	41	135	41.46
4	41	136	16.14
4	41	144	18.63
4	41	145	30.65
4	41	148	13.59
4	41	157	45.61
4	41	174	51.35
4	41	181	35.27
4	41	186	13.72
4	41	189	41.62
4	41	196	16.52
4	41	207	67.83
4	41	208	42.63
4	41	218	17.03
4	41	236	48.85
4	41	242	16.08
4	41	246	13.00
4	41	270	62.00
4	41	273	16.41
4	41	278	47.27
4	41	279	13.90
4	41	292	37.08
4	41	293	42.06
4	41	311	17.01
4	41	324	45.20
4	41	325	36.68
4	41	335	18.73
4	41	336	15.10
4	41	339	15.72
4	41	349	32.69
4	41	351	38.66
4	41	389	20.76
4	41	390	39.61
4	41	398	17.20
4	41	407	25.45
4	41,48	174	81.68
4	41,48	208	60.08
4	42	22	44.85
4	42	70	42.90
4	42	89	50.72
4	42	99	23.49
4	42	115	13.77
4	42	116	34.03
4	42	127	46.13
4	42	135	44.45
4	42	154	49.17
4	42	157	44.35
4	42	161	51.68
4	42	169	40.90
4	42	189	48.04
4	42	203	41.96
4	42	236	51.21
4	42	259	50.03
4	42	293	48.13
4	42	324	49.44
4	42	325	39.61
4	42	336	19.32
4	42	343	21.97
4	42	349	27.52
4	42	359	20.10
4	42	384	14.31
4	42	389	28.35
4	42	398	13.30
4	42	410	13.10
4	43	2	27.03
4	43	3	13.89
4	43	13	39.93
4	43	24	42.92
4	43	26	37.27
4	43	47	45.11
4	43	49	45.82
4	43	59	14.15
4	43	65	16.92
4	43	85	39.62
4	43	90	45.44
4	43	104	48.08
4	43	111	49.32
4	43	121	17.25
4	43	123	48.41
4	43	130	48.85
4	43	139	61.11
4	43	163	30.13
4	43	187	48.68
4	43	217	30.93
4	43	219	18.49
4	43	224	49.06
4	43	237	19.32
4	43	245	15.08
4	43	247	41.38
4	43	266	42.58
4	43	302	64.42
4	43	306	45.54
4	43	319	16.97
4	43	320	57.55
4	43	329	38.52
4	43	338	44.93
4	43	340	17.44
4	43	363	15.58
4	43	416	19.34
4	44	4	20.90
4	44	11	27.21
4	44	23	18.00
4	44	28	39.31
4	44	31	17.25
4	44	42	30.46
4	44	44	15.45
4	44	45	14.17
4	44	72	14.35
4	44	74	28.18
4	44	76	50.34
4	44	80	14.42
4	44	84	18.89
4	44	97	14.85
4	44	128	18.46
4	44	156	49.32
4	44	162	27.69
4	44	195	13.82
4	44	197	20.38
4	44	205	33.83
4	44	209	16.32
4	44	214	50.66
4	44	234	13.37
4	44	235	30.45
4	44	239	34.62
4	44	248	17.35
4	44	254	25.24
4	44	260	58.23
4	44	267	43.63
4	44	274	14.83
4	44	276	42.08
4	44	284	17.11
4	44	285	15.72
4	44	289	17.77
4	44	314	45.89
4	44	321	17.31
4	44	334	43.72
4	44	350	16.63
4	44	395	19.58
4	44	404	55.85
4	44	406	26.85
4	45	1	46.51
4	45	15	29.14
4	45	79	37.79
4	45	109	21.27
4	45	131	43.49
4	45	134	43.34
4	45	143	21.61
4	45	172	19.15
4	45	179	43.82
4	45	212	37.92
4	45	223	37.46
4	45	230	61.82
4	45	250	34.66
4	45	272	19.92
4	45	291	62.65
4	45	298	38.68
4	45	301	49.13
4	45	303	29.68
4	45	322	17.72
4	45	327	47.93
4	45	328	18.27
4	45	341	20.35
4	45	344	20.31
4	45	348	35.97
4	45	358	21.89
4	45	360	36.46
4	45	366	40.31
4	45	374	53.45
4	45	378	46.37
4	45	399	32.45
4	45	402	20.07
4	45	409	24.04
4	45	412	25.58
4	45	417	28.17
4	46	7	32.65
4	46	14	24.54
4	46	33	24.51
4	46	48	18.76
4	46	55	27.13
4	46	64	17.38
4	46	75	24.21
4	46	77	57.92
4	46	83	33.25
4	46	92	35.15
4	46	105	15.82
4	46	122	35.13
4	46	126	18.49
4	46	141	16.27
4	46	151	41.18
4	46	158	15.15
4	46	164	29.08
4	46	168	14.87
4	46	199	56.66
4	46	226	34.45
4	46	252	19.62
4	46	270	63.23
4	46	297	13.86
4	46	300	16.51
4	46	309	19.70
4	46	311	18.48
4	46	313	30.07
4	46	331	49.79
4	46	347	15.73
4	46	355	14.73
4	46	381	19.42
4	46	396	18.96
4	46	415	25.48
4	47	9	20.99
4	47	16	15.44
4	47	17	13.17
4	47	19	10.65
4	47	21	44.70
4	47	29	25.69
4	47	32	54.37
4	47	39	16.44
4	47	50	29.21
4	47	51	38.58
4	47	52	29.86
4	47	53	47.72
4	47	69	48.54
4	47	84	16.87
4	47	102	36.48
4	47	103	15.31
4	47	108	47.25
4	47	191	40.44
4	47	193	43.28
4	47	215	37.59
4	47	221	41.90
4	47	264	29.89
4	47	265	11.86
4	47	268	14.75
4	47	269	28.51
4	47	296	15.62
4	47	315	25.01
4	47	326	12.63
4	47	345	29.34
4	47	362	47.18
4	47	364	14.07
4	48	8	65.11
4	48	54	61.99
4	48	62	61.62
4	48	120	47.08
4	48	137	40.86
4	48	160	65.70
4	48	174	59.93
4	48	177	48.94
4	48	202	59.10
4	48	207	79.07
4	48	208	46.11
4	48	222	59.23
