Task=93 Orders=32 Vehicles=251 Scores=1411
93	1	7	45.69
93	1	15	41.72
93	1	25	55.66
93	1	32	44.03
93	1	36	22.86
93	1	50	48.87
93	1	57	22.55
93	1	59	50.45
93	1	74	26.15
93	1	76	34.55
93	1	79	22.97
93	1	86	43.11
93	1	109	20.08
93	1	110	36.69
93	1	116	46.79
93	1	121	44.03
93	1	132	51.77
93	1	139	34.21
93	1	148	54.35
93	1	166	47.42
93	1	188	46.48
93	1	189	67.30
93	1	195	33.34
93	1	213	49.00
93	1	216	41.25
93	1	217	54.00
93	1	230	40.51
93	1	234	22.44
93	1,30	15	59.76
93	1,30	32	62.39
93	1,30	74	44.49
93	1,30	110	53.65
93	1,30	116	66.25
93	1,30	166	65.69
93	1,30	195	53.35
93	1,30	217	72.31
93	2	10	19.48
93	2	29	55.56
93	2	39	48.25
93	2	41	39.25
93	2	48	57.70
93	2	58	57.63
93	2	65	43.54
93	2	104	32.63
93	2	119	49.18
93	2	127	49.65
93	2	138	56.46
93	2	146	44.42
93	2	147	48.23
93	2	180	34.37
93	2	181	66.37
93	2	206	59.63
93	2,17	10	39.97
93	2,17	29	77.75
93	2,17	41	63.31
93	2,17	65	64.89
93	2,17	104	55.30
93	2,17	119	78.92
93	2,17	138	79.73
93	2,17	146	73.18
93	2,17	147	76.20
93	2,17	180	56.77
93	2,21	10	27.70
93	2,21	29	64.10
93	2,21	41	47.62
93	2,21	65	51.54
93	2,21	104	41.49
93	2,21	119	59.34
93	2,21	138	65.24
93	2,21	146	53.83
93	2,21	147	57.68
93	2,21	180	43.51
93	2,22	10	32.51
93	2,22	29	73.59
93	2,22	41	59.58
93	2,22	65	60.83
93	2,22	104	52.01
93	2,22	119	65.31
93	2,22	138	74.37
93	2,22	146	60.49
93	2,22	147	63.58
93	2,22	180	49.07
93	3	1	33.03
93	3	2	23.30
93	3	11	55.13
93	3	17	48.68
93	3	54	46.08
93	3	62	46.58
93	3	63	15.46
93	3	75	21.72
93	3	77	31.76
93	3	87	56.92
93	3	90	18.97
93	3	93	22.90
93	3	94	47.69
93	3	97	17.65
93	3	101	49.62
93	3	112	17.72
93	3	122	29.20
93	3	124	22.76
93	3	125	18.65
93	3	126	33.06
93	3	133	63.21
93	3	144	33.76
93	3	149	14.24
93	3	155	15.94
93	3	158	17.08
93	3	159	44.23
93	3	190	19.87
93	3	193	18.90
93	3	198	39.94
93	3	204	29.83
93	3	208	26.62
93	3	214	47.89
93	3	215	27.15
93	3	232	42.46
93	3	238	26.90
93	3	245	19.07
93	3	247	18.28
93	3	251	27.27
93	3,14	1	43.34
93	3,14	54	57.61
93	3,14	63	26.56
93	3,14	75	34.30
93	3,14	77	42.93
93	3,14	90	31.65
93	3,14	97	30.18
93	3,14	122	39.61
93	3,14	124	36.30
93	3,14	125	31.21
93	3,14	144	44.90
93	3,14	149	24.79
93	3,14	155	26.83
93	3,14	158	27.46
93	3,14	190	31.38
93	3,14	193	30.86
93	3,14	204	40.30
93	3,14	208	38.11
93	3,14	214	58.69
93	3,14	215	38.34
93	3,14	238	38.42
93	3,14	245	30.58
93	3,25	1	41.21
93	3,25	54	55.46
93	3,25	63	24.42
93	3,25	75	32.15
93	3,25	77	40.79
93	3,25	90	29.51
93	3,25	97	28.03
93	3,25	122	37.46
93	3,25	124	34.14
93	3,25	125	29.06
93	3,25	144	42.75
93	3,25	149	22.63
93	3,25	155	24.70
93	3,25	158	25.32
93	3,25	190	29.23
93	3,25	193	28.72
93	3,25	204	38.17
93	3,25	208	35.99
93	3,25	214	56.56
93	3,25	215	36.20
93	3,25	238	36.30
93	3,25	245	28.42
93	4	14	41.34
93	4	27	34.89
93	4	33	51.11
93	4	43	21.08
93	4	45	20.96
93	4	116	41.32
93	4	132	49.10
93	4	145	19.38
93	4	177	39.66
93	4	192	57.17
93	4	230	40.69
93	4	237	22.68
93	4,5	14	53.20
93	4,5	33	74.77
93	4,5	43	35.41
93	4,5	45	35.42
93	4,5	116	55.42
93	4,5	145	30.72
93	4,5	177	53.70
93	4,5	230	54.75
93	4,5	237	34.54
93	4,15	33	62.99
93	4,15	43	36.39
93	4,15	45	39.08
93	4,15	116	60.79
93	4,15	177	56.79
93	4,15	230	51.72
93	4,32	33	75.11
93	4,32	43	45.49
93	4,32	45	46.07
93	4,32	116	69.11
93	4,32	145	40.30
93	4,32	177	63.56
93	4,32	230	63.54
93	4,32	237	46.72
93	5	14	43.14
93	5	33	56.63
93	5	43	24.42
93	5	45	24.32
93	5	116	44.83
93	5	121	39.07
93	5	132	50.46
93	5	145	20.68
93	5	175	25.69
93	5	177	42.99
93	5	230	44.03
93	5	237	23.45
93	5,15	33	72.86
93	5,15	43	38.59
93	5,15	45	41.27
93	5,15	116	62.92
93	5,15	177	59.00
93	5,15	230	53.92
93	5,32	33	84.18
93	5,32	43	52.52
93	5,32	45	53.21
93	5,32	116	77.13
93	5,32	121	61.18
93	5,32	145	47.17
93	5,32	175	54.59
93	5,32	177	70.45
93	5,32	230	70.54
93	5,32	237	54.42
93	6	21	50.34
93	6	28	42.55
93	6	40	44.94
93	6	66	39.08
93	6	68	40.03
93	6	106	50.15
93	6	123	52.99
93	6	128	50.52
93	6	134	60.96
93	6	150	27.80
93	6	163	64.92
93	6	168	34.72
93	6	205	41.62
93	6,9	21	59.93
93	6,9	28	63.92
93	6,9	40	56.08
93	6,9	66	59.51
93	6,9	68	50.14
93	6,9	106	60.72
93	6,9	123	62.30
93	6,9	128	69.35
93	6,9	134	79.18
93	6,9	150	50.46
93	6,9	163	75.17
93	6,9	168	45.32
93	6,9	205	51.31
93	6,31	28	58.51
93	6,31	40	60.10
93	6,31	68	56.37
93	6,31	106	64.14
93	6,31	123	67.15
93	6,31	128	60.51
93	6,31	134	78.59
93	6,31	150	43.37
93	6,31	163	82.75
93	6,31	168	53.66
93	6,31	205	58.23
93	7	8	52.11
93	7	12	15.49
93	7	30	14.37
93	7	31	15.06
93	7	60	27.96
93	7	64	41.24
93	7	69	13.24
93	7	82	43.73
93	7	95	12.99
93	7	98	41.17
93	7	100	37.87
93	7	118	66.55
93	7	130	18.21
93	7	131	14.07
93	7	142	43.89
93	7	143	48.13
93	7	148	52.27
93	7	152	47.00
93	7	156	14.25
93	7	160	19.31
93	7	170	32.10
93	7	174	16.17
93	7	210	36.28
93	7	224	15.08
93	7	234	16.38
93	7	239	13.66
93	7	240	15.69
93	7,10	98	70.13
93	7,10	130	37.62
93	7,10	143	64.76
93	7,10	152	70.03
93	8	6	48.07
93	8	9	53.59
93	8	18	47.38
93	8	19	22.85
93	8	20	36.04
93	8	37	38.14
93	8	49	28.04
93	8	61	61.48
93	8	80	51.54
93	8	84	46.76
93	8	91	21.00
93	8	96	46.62
93	8	105	49.18
93	8	113	27.03
93	8	120	37.46
93	8	129	45.86
93	8	135	44.06
93	8	140	55.58
93	8	153	51.72
93	8	157	31.58
93	8	176	56.90
93	8	178	58.55
93	8	179	41.24
93	8	222	23.41
93	8,11	6	66.97
93	8,11	9	73.82
93	8,11	18	67.14
93	8,11	19	42.72
93	8,11	20	55.76
93	8,11	37	58.61
93	8,11	49	51.01
93	8,11	61	76.18
93	8,11	80	70.34
93	8,11	84	68.01
93	8,11	91	39.73
93	8,11	96	66.73
93	8,11	105	69.45
93	8,11	113	50.21
93	8,11	120	57.85
93	8,11	129	66.61
93	8,11	135	57.25
93	8,11	140	76.62
93	8,11	222	43.17
93	9	21	47.21
93	9	28	38.87
93	9	29	51.46
93	9	40	41.01
93	9	66	35.04
93	9	68	37.18
93	9	106	46.39
93	9	123	48.04
93	9	128	39.49
93	9	134	51.42
93	9	138	51.15
93	9	150	22.66
93	9	163	61.83
93	9	168	31.99
93	9	205	38.46
93	9,31	28	65.70
93	9,31	40	73.14
93	9,31	68	67.32
93	9,31	106	77.18
93	9,31	123	78.01
93	9,31	128	71.83
93	9,31	134	81.28
93	9,31	150	52.55
93	9,31	163	92.08
93	9,31	168	64.75
93	9,31	205	66.25
93	10	15	47.42
93	10	25	60.58
93	10	32	47.00
93	10	35	66.73
93	10	44	37.48
93	10	47	51.01
93	10	74	32.75
93	10	98	55.66
93	10	107	35.62
93	10	109	22.48
93	10	110	26.85
93	10	118	75.85
93	10	130	30.00
93	10	143	56.24
93	10	148	58.52
93	10	152	54.96
93	10	166	50.52
93	10	188	46.04
93	10	189	73.42
93	10	195	30.38
93	10	217	53.63
93	10,19	98	72.97
93	10,19	130	46.90
93	10,19	143	73.10
93	10,19	152	70.07
93	10,30	15	74.97
93	10,30	32	77.07
93	10,30	47	76.14
93	10,30	74	60.83
93	10,30	110	51.86
93	10,30	143	82.49
93	10,30	166	77.61
93	10,30	195	55.35
93	10,30	217	78.82
93	11	6	46.35
93	11	9	51.65
93	11	18	45.87
93	11	19	21.28
93	11	20	34.54
93	11	37	36.62
93	11	49	25.80
93	11	61	47.35
93	11	80	50.06
93	11	84	44.96
93	11	91	19.68
93	11	96	44.65
93	11	105	47.65
93	11	113	25.90
93	11	120	35.45
93	11	129	43.82
93	11	135	29.44
93	11	140	54.06
93	11	153	50.75
93	11	176	54.99
93	11	178	56.61
93	11	179	39.28
93	11	222	21.73
93	12	3	41.42
93	12	24	48.58
93	12	27	46.54
93	12	28	45.46
93	12	38	54.13
93	12	40	43.17
93	12	46	52.73
93	12	67	51.08
93	12	68	46.52
93	12	92	47.93
93	12	99	41.21
93	12	106	50.75
93	12	108	60.72
93	12	128	46.83
93	12	150	27.94
93	12	165	40.25
93	12	182	48.77
93	12	192	59.23
93	12	194	43.76
93	12	196	47.79
93	12,16	3	52.31
93	12,16	27	57.35
93	12,16	28	56.30
93	12,16	38	65.13
93	12,16	40	54.31
93	12,16	46	64.18
93	12,16	67	62.04
93	12,16	68	57.37
93	12,16	92	58.63
93	12,16	99	52.23
93	12,16	106	62.03
93	12,16	108	71.45
93	12,16	128	57.76
93	12,16	150	39.31
93	12,16	165	51.11
93	12,16	182	59.79
93	12,16	194	54.69
93	12,16	196	58.41
93	12,28	28	57.65
93	12,28	40	65.48
93	12,28	46	64.80
93	12,28	68	64.92
93	12,28	106	71.94
93	12,28	108	78.31
93	12,28	128	65.06
93	12,28	150	45.01
93	12,28	165	60.76
93	12,28	196	65.86
93	13	5	23.80
93	13	21	47.27
93	13	29	50.39
93	13	39	44.82
93	13	42	16.90
93	13	48	52.70
93	13	56	58.94
93	13	58	50.77
93	13	65	44.73
93	13	83	42.69
93	13	104	34.04
93	13	106	45.99
93	13	119	45.51
93	13	127	47.61
93	13	134	46.45
93	13	138	49.96
93	13	146	40.93
93	13	147	48.30
93	13	172	45.55
93	13	183	47.06
93	13	191	52.04
93	13	212	34.44
93	13	218	46.72
93	13	221	20.35
93	13	229	52.68
93	13	235	25.73
93	13	248	41.34
93	13,29	29	73.25
93	13,29	65	52.54
93	13,29	104	42.48
93	13,29	119	60.25
93	13,29	138	73.99
93	13,29	146	56.04
93	13,29	147	58.85
93	14	1	28.27
93	14	13	15.83
93	14	16	13.72
93	14	23	35.82
93	14	26	43.24
93	14	51	34.34
93	14	52	17.90
93	14	54	40.85
93	14	63	15.85
93	14	70	50.30
93	14	71	53.61
93	14	73	37.99
93	14	75	14.55
93	14	77	31.99
93	14	87	53.62
93	14	89	36.73
93	14	90	13.14
93	14	97	12.68
93	14	117	51.42
93	14	122	28.82
93	14	124	16.52
93	14	125	13.93
93	14	133	63.45
93	14	144	27.87
93	14	149	14.44
93	14	155	11.41
93	14	158	11.59
93	14	159	43.97
93	14	169	14.70
93	14	171	16.69
93	14	185	16.41
93	14	186	15.20
93	14	187	14.72
93	14	190	17.93
93	14	193	15.08
93	14	197	17.46
93	14	203	23.06
93	14	204	26.56
93	14	208	21.93
93	14	209	23.20
93	14	214	47.46
93	14	215	23.82
93	14	219	32.87
93	14	232	42.83
93	14	238	24.25
93	14	241	39.17
93	14	243	14.94
93	14	245	13.07
93	14,20	1	35.59
93	14,20	13	25.52
93	14,20	16	22.24
93	14,20	23	44.00
93	14,20	54	50.62
93	14,20	63	24.99
93	14,20	70	60.69
93	14,20	73	44.01
93	14,20	75	25.14
93	14,20	77	41.39
93	14,20	89	53.38
93	14,20	90	23.17
93	14,20	97	23.28
93	14,20	122	37.52
93	14,20	124	28.07
93	14,20	125	24.55
93	14,20	144	36.59
93	14,20	149	23.03
93	14,20	155	19.20
93	14,20	158	20.11
93	14,20	169	22.45
93	14,20	171	26.96
93	14,20	185	27.45
93	14,20	186	22.73
93	14,20	187	22.90
93	14,20	190	25.56
93	14,20	193	25.10
93	14,20	197	26.85
93	14,20	203	33.48
93	14,20	204	35.31
93	14,20	208	29.45
93	14,20	209	31.44
93	14,20	214	59.68
93	14,20	215	31.77
93	14,20	219	41.41
93	14,20	238	34.01
93	14,20	243	22.75
93	14,20	245	21.17
93	14,23	1	43.54
93	14,23	13	33.87
93	14,23	16	30.73
93	14,23	52	37.08
93	14,23	54	52.52
93	14,23	63	32.52
93	14,23	70	62.63
93	14,23	73	53.15
93	14,23	75	34.72
93	14,23	77	48.51
93	14,23	89	59.66
93	14,23	90	31.44
93	14,23	97	25.24
93	14,23	122	43.87
93	14,23	124	37.55
93	14,23	125	33.56
93	14,23	144	44.68
93	14,23	149	30.06
93	14,23	155	22.32
93	14,23	158	22.00
93	14,23	169	31.73
93	14,23	171	36.35
93	14,23	185	38.41
93	14,23	186	32.55
93	14,23	187	32.03
93	14,23	193	33.87
93	14,23	197	35.65
93	14,23	203	42.42
93	14,23	204	42.07
93	14,23	208	39.30
93	14,23	209	40.59
93	14,23	214	63.27
93	14,23	215	40.51
93	14,23	219	45.63
93	14,23	238	41.65
93	14,23	243	32.30
93	14,23	245	30.42
93	14,24	1	40.85
93	14,24	13	30.04
93	14,24	52	33.39
93	14,24	54	54.77
93	14,24	63	29.34
93	14,24	73	50.56
93	14,24	75	29.96
93	14,24	77	45.51
93	14,24	90	28.23
93	14,24	97	27.85
93	14,24	122	41.41
93	14,24	124	32.87
93	14,24	125	29.20
93	14,24	144	41.42
93	14,24	149	27.27
93	14,24	155	24.54
93	14,24	158	24.38
93	14,24	171	31.75
93	14,24	185	33.38
93	14,24	187	28.48
93	14,24	193	29.70
93	14,24	203	38.04
93	14,24	204	39.31
93	14,24	208	35.89
93	14,24	214	60.55
93	14,24	215	37.38
93	14,24	238	38.24
93	14,24	245	27.03
93	14,25	1	38.63
93	14,25	13	28.24
93	14,25	16	25.61
93	14,25	23	45.42
93	14,25	52	31.55
93	14,25	54	52.73
93	14,25	63	27.30
93	14,25	70	63.25
93	14,25	73	48.31
93	14,25	75	28.48
93	14,25	77	43.41
93	14,25	89	53.93
93	14,25	90	26.20
93	14,25	97	26.11
93	14,25	122	39.11
93	14,25	124	31.37
93	14,25	125	27.58
93	14,25	144	39.41
93	14,25	149	25.07
93	14,25	155	22.30
93	14,25	158	22.32
93	14,25	169	26.49
93	14,25	171	30.21
93	14,25	185	32.00
93	14,25	186	27.18
93	14,25	187	26.58
93	14,25	190	29.92
93	14,25	193	28.03
93	14,25	197	30.06
93	14,25	203	36.44
93	14,25	204	33.06
93	14,25	208	33.93
93	14,25	209	35.23
93	14,25	214	58.35
93	14,25	215	35.31
93	14,25	219	46.54
93	14,25	238	36.28
93	14,25	243	26.93
93	14,25	245	25.06
93	15	33	52.35
93	15	43	16.25
93	15	45	18.62
93	15	50	47.66
93	15	74	25.04
93	15	78	43.65
93	15	79	19.13
93	15	81	36.07
93	15	86	43.14
93	15	109	17.34
93	15	114	31.42
93	15	116	37.75
93	15	132	46.37
93	15	139	22.69
93	15	166	48.21
93	15	177	37.18
93	15	184	52.04
93	15	188	45.45
93	15	189	58.97
93	15	199	34.03
93	15	211	23.65
93	15	223	40.44
93	15	225	18.70
93	15	230	31.87
93	16	3	40.31
93	16	24	47.77
93	16	27	45.61
93	16	28	44.61
93	16	38	53.13
93	16	40	42.13
93	16	46	51.83
93	16	67	50.17
93	16	68	45.52
93	16	92	47.00
93	16	99	40.23
93	16	106	49.73
93	16	108	59.76
93	16	128	45.83
93	16	150	26.97
93	16	165	39.25
93	16	182	47.86
93	16	192	58.41
93	16	194	42.76
93	16	196	46.93
93	16,28	28	57.69
93	16,28	40	71.62
93	16,28	46	64.86
93	16,28	68	64.97
93	16,28	106	77.83
93	16,28	108	85.83
93	16,28	128	73.28
93	16,28	150	45.08
93	16,28	165	66.51
93	16,28	196	70.80
93	17	10	19.62
93	17	29	56.18
93	17	39	48.37
93	17	41	39.97
93	17	48	54.25
93	17	58	58.32
93	17	65	44.14
93	17	104	33.32
93	17	119	50.10
93	17	127	50.35
93	17	138	57.13
93	17	146	45.32
93	17	147	49.10
93	17	180	34.90
93	17	181	67.08
93	17	206	60.35
93	17,18	10	32.15
93	17,18	29	73.35
93	17,18	41	53.11
93	17,18	65	61.70
93	17,18	104	46.86
93	17,18	119	65.70
93	17,18	138	73.99
93	17,18	146	60.14
93	17,18	147	63.80
93	17,18	180	48.21
93	17,21	10	37.15
93	17,21	29	74.48
93	17,21	41	59.75
93	17,21	65	61.69
93	17,21	104	53.11
93	17,21	119	74.70
93	17,21	138	76.31
93	17,21	146	69.01
93	17,21	147	72.14
93	17,21	180	55.35
93	17,22	10	29.55
93	17,22	29	65.25
93	17,22	41	49.96
93	17,22	65	52.70
93	17,22	104	42.79
93	17,22	119	60.93
93	17,22	138	65.51
93	17,22	146	56.62
93	17,22	147	59.45
93	17,22	180	45.83
93	18	4	20.31
93	18	5	22.49
93	18	10	19.00
93	18	29	52.45
93	18	39	41.23
93	18	41	36.55
93	18	48	55.93
93	18	53	23.72
93	18	56	59.70
93	18	58	54.39
93	18	65	41.61
93	18	85	39.90
93	18	88	39.59
93	18	104	30.28
93	18	119	45.30
93	18	127	48.92
93	18	137	40.21
93	18	138	52.10
93	18	146	43.28
93	18	147	44.66
93	18	151	29.82
93	18	162	51.62
93	18	164	41.04
93	18	172	44.72
93	18	180	31.86
93	18	183	42.03
93	18	191	48.59
93	18	201	28.96
93	18	202	54.48
93	18	206	56.85
93	18	207	43.90
93	18	212	31.25
93	18	218	43.14
93	18	221	17.62
93	18	233	29.08
93	18	236	53.45
93	18	242	44.73
93	18	246	55.58
93	18,29	10	37.56
93	18,29	29	73.51
93	18,29	41	59.30
93	18,29	65	60.77
93	18,29	104	51.80
93	18,29	119	72.35
93	18,29	138	74.21
93	18,29	146	67.97
93	18,29	147	70.27
93	18,29	180	51.25
93	19	8	60.38
93	19	30	24.03
93	19	34	41.20
93	19	60	34.55
93	19	82	51.30
93	19	98	50.45
93	19	103	52.73
93	19	118	78.82
93	19	130	29.23
93	19	142	53.15
93	19	143	60.44
93	19	152	53.15
93	19	154	53.79
93	19	173	52.18
93	20	1	27.15
93	20	13	16.65
93	20	16	12.76
93	20	17	49.03
93	20	23	36.35
93	20	51	33.01
93	20	54	41.38
93	20	62	46.11
93	20	63	15.99
93	20	70	51.18
93	20	71	53.59
93	20	73	36.07
93	20	75	16.00
93	20	77	32.32
93	20	87	51.27
93	20	89	34.83
93	20	90	12.73
93	20	97	13.61
93	20	101	41.72
93	20	122	29.06
93	20	124	18.20
93	20	125	14.83
93	20	144	27.59
93	20	149	14.52
93	20	155	9.28
93	20	158	12.38
93	20	159	44.27
93	20	169	13.31
93	20	171	17.70
93	20	185	16.42
93	20	186	13.55
93	20	187	14.04
93	20	190	16.38
93	20	193	15.97
93	20	197	17.34
93	20	198	37.39
93	20	203	23.86
93	20	204	26.90
93	20	208	20.14
93	20	209	22.11
93	20	214	47.80
93	20	215	22.46
93	20	219	31.37
93	20	227	14.87
93	20	232	42.96
93	20	238	24.73
93	20	241	39.44
93	20	243	13.56
93	20	245	11.99
93	20	247	16.72
93	20,24	1	37.66
93	20,24	13	28.08
93	20,24	54	52.92
93	20,24	63	27.11
93	20,24	73	46.62
93	20,24	75	28.08
93	20,24	77	43.59
93	20,24	90	25.42
93	20,24	97	25.87
93	20,24	122	39.72
93	20,24	124	31.27
93	20,24	125	27.03
93	20,24	144	38.72
93	20,24	149	25.23
93	20,24	155	19.17
93	20,24	158	22.80
93	20,24	171	29.52
93	20,24	185	29.92
93	20,24	187	25.20
93	20,24	193	27.62
93	20,24	203	35.76
93	20,24	204	37.54
93	20,24	208	31.59
93	20,24	214	58.79
93	20,24	215	33.69
93	20,24	238	36.21
93	20,24	245	23.44
93	20,25	1	32.58
93	20,25	13	27.87
93	20,25	16	19.15
93	20,25	23	41.70
93	20,25	54	47.70
93	20,25	63	26.44
93	20,25	70	57.79
93	20,25	73	41.59
93	20,25	75	21.90
93	20,25	77	38.39
93	20,25	89	40.85
93	20,25	90	20.07
93	20,25	97	19.76
93	20,25	122	34.76
93	20,25	124	25.08
93	20,25	125	21.27
93	20,25	144	33.46
93	20,25	149	20.01
93	20,25	155	15.21
93	20,25	158	17.08
93	20,25	169	19.32
93	20,25	171	23.66
93	20,25	185	23.94
93	20,25	186	19.58
93	20,25	187	19.73
93	20,25	190	27.31
93	20,25	193	27.65
93	20,25	197	28.77
93	20,25	203	30.11
93	20,25	204	31.30
93	20,25	208	31.07
93	20,25	209	28.27
93	20,25	214	53.66
93	20,25	215	32.97
93	20,25	219	38.06
93	20,25	238	30.89
93	20,25	243	19.59
93	20,25	245	18.01
93	21	10	17.99
93	21	29	55.58
93	21	39	47.24
93	21	41	39.25
93	21	48	57.28
93	21	58	57.32
93	21	65	42.51
93	21	104	31.99
93	21	119	49.21
93	21	127	49.39
93	21	138	56.48
93	21	146	44.41
93	21	147	48.25
93	21	180	33.11
93	21	181	66.39
93	21	206	59.66
93	21,22	10	34.20
93	21,22	29	72.85
93	21,22	41	59.08
93	21,22	65	60.06
93	21,22	104	48.45
93	21,22	119	73.03
93	21,22	138	73.72
93	21,22	146	64.42
93	21,22	147	70.69
93	21,22	180	51.69
93	22	4	19.94
93	22	5	25.10
93	22	10	17.51
93	22	29	52.65
93	22	39	47.11
93	22	41	36.97
93	22	48	51.93
93	22	53	25.04
93	22	58	56.90
93	22	65	40.70
93	22	72	59.56
93	22	88	48.93
93	22	104	29.45
93	22	119	45.14
93	22	127	47.39
93	22	137	40.93
93	22	138	52.44
93	22	146	41.69
93	22	147	44.62
93	22	162	51.17
93	22	164	39.31
93	22	172	48.03
93	22	180	34.00
93	22	181	63.23
93	22	183	45.45
93	22	191	47.92
93	22	201	28.17
93	22	206	44.35
93	22	207	43.58
93	22	212	34.69
93	22	218	42.44
93	22	220	28.70
93	22	221	18.06
93	22	228	30.00
93	22	231	59.77
93	22	233	27.55
93	22	236	52.24
93	22	242	47.62
93	22	244	32.25
93	22	246	55.34
93	22	248	35.73
93	22	249	30.70
93	22	250	47.61
93	23	1	33.15
93	23	13	20.54
93	23	16	19.06
93	23	26	48.30
93	23	51	39.79
93	23	52	22.45
93	23	54	46.14
93	23	63	21.70
93	23	70	56.99
93	23	71	59.77
93	23	73	42.75
93	23	75	19.80
93	23	77	37.38
93	23	87	58.39
93	23	89	44.25
93	23	90	17.41
93	23	97	17.76
93	23	117	57.66
93	23	122	33.44
93	23	124	21.23
93	23	125	18.48
93	23	133	69.55
93	23	141	45.63
93	23	144	32.54
93	23	149	19.75
93	23	155	15.92
93	23	158	15.42
93	23	169	20.56
93	23	171	21.89
93	23	185	22.42
93	23	186	21.35
93	23	187	21.00
93	23	193	19.80
93	23	197	23.00
93	23	200	32.23
93	23	203	29.07
93	23	204	30.01
93	23	208	27.94
93	23	209	28.52
93	23	214	52.38
93	23	215	28.73
93	23	219	39.69
93	23	232	48.83
93	23	238	28.94
93	23	241	43.48
93	23	243	21.04
93	23	245	18.72
93	23	251	33.30
93	23,24	1	41.79
93	23,24	13	29.49
93	23,24	52	32.85
93	23,24	54	55.61
93	23,24	63	30.28
93	23,24	73	51.46
93	23,24	75	29.03
93	23,24	77	45.66
93	23,24	90	27.89
93	23,24	97	27.46
93	23,24	122	45.21
93	23,24	124	31.44
93	23,24	125	27.99
93	23,24	141	55.04
93	23,24	144	41.56
93	23,24	149	27.97
93	23,24	155	25.04
93	23,24	158	23.66
93	23,24	171	30.89
93	23,24	185	32.92
93	23,24	187	29.79
93	23,24	193	28.38
93	23,24	200	41.28
93	23,24	203	38.37
93	23,24	204	42.48
93	23,24	208	41.62
93	23,24	214	60.37
93	23,24	215	42.03
93	23,24	238	37.07
93	23,24	245	27.87
93	23,24	251	41.38
93	23,25	1	39.25
93	23,25	13	27.86
93	23,25	16	25.32
93	23,25	52	31.17
93	23,25	54	53.66
93	23,25	63	27.66
93	23,25	70	64.20
93	23,25	73	48.18
93	23,25	75	27.72
93	23,25	77	43.70
93	23,25	89	52.73
93	23,25	90	25.48
93	23,25	97	25.11
93	23,25	122	39.35
93	23,25	124	30.11
93	23,25	125	26.55
93	23,25	144	39.24
93	23,25	149	25.31
93	23,25	155	21.72
93	23,25	158	21.79
93	23,25	169	26.45
93	23,25	171	29.54
93	23,25	185	31.27
93	23,25	186	27.20
93	23,25	187	26.48
93	23,25	193	27.34
93	23,25	197	30.18
93	23,25	203	36.69
93	23,25	204	34.82
93	23,25	208	33.92
93	23,25	209	34.52
93	23,25	214	58.94
93	23,25	215	34.80
93	23,25	219	46.14
93	23,25	238	36.14
93	23,25	243	26.89
93	23,25	245	24.55
93	24	1	31.97
93	24	13	17.69
93	24	26	45.68
93	24	51	37.85
93	24	52	19.35
93	24	54	43.46
93	24	63	16.99
93	24	71	58.42
93	24	73	40.79
93	24	75	17.28
93	24	77	32.39
93	24	87	55.55
93	24	90	15.93
93	24	94	49.54
93	24	97	13.69
93	24	102	49.10
93	24	122	29.30
93	24	124	18.18
93	24	125	13.66
93	24	133	65.75
93	24	141	42.32
93	24	144	31.04
93	24	149	15.56
93	24	155	14.31
93	24	158	13.85
93	24	159	44.18
93	24	171	18.46
93	24	185	19.94
93	24	187	18.89
93	24	193	13.89
93	24	200	30.37
93	24	203	25.92
93	24	204	26.06
93	24	208	25.51
93	24	214	47.63
93	24	215	25.00
93	24	232	42.73
93	24	238	23.25
93	24	245	16.70
93	24	251	28.73
93	24,25	1	38.37
93	24,25	13	25.52
93	24,25	52	29.15
93	24,25	54	52.48
93	24,25	63	25.42
93	24,25	73	47.32
93	24,25	75	24.32
93	24,25	77	42.65
93	24,25	90	23.21
93	24,25	97	22.20
93	24,25	122	38.59
93	24,25	124	27.51
93	24,25	125	23.68
93	24,25	144	38.04
93	24,25	149	23.34
93	24,25	155	19.92
93	24,25	158	19.56
93	24,25	171	26.77
93	24,25	185	27.63
93	24,25	187	23.96
93	24,25	193	24.72
93	24,25	203	33.54
93	24,25	204	30.66
93	24,25	208	31.51
93	24,25	214	58.07
93	24,25	215	32.61
93	24,25	238	34.85
93	24,25	245	22.14
93	25	1	27.28
93	25	13	14.65
93	25	16	12.03
93	25	23	33.83
93	25	26	42.96
93	25	51	33.24
93	25	52	16.89
93	25	54	40.27
93	25	63	14.72
93	25	70	49.94
93	25	71	53.31
93	25	73	36.21
93	25	75	12.83
93	25	77	30.75
93	25	87	51.80
93	25	89	34.99
93	25	90	11.07
93	25	97	10.52
93	25	117	51.10
93	25	122	27.38
93	25	124	15.04
93	25	125	12.07
93	25	133	63.15
93	25	144	26.24
93	25	149	13.18
93	25	155	9.34
93	25	158	9.69
93	25	159	43.01
93	25	169	13.30
93	25	171	15.55
93	25	185	14.77
93	25	186	13.90
93	25	187	13.35
93	25	190	17.30
93	25	193	13.66
93	25	197	16.25
93	25	203	22.11
93	25	204	19.63
93	25	208	20.49
93	25	209	21.06
93	25	214	46.51
93	25	215	21.76
93	25	219	31.28
93	25	232	40.42
93	25	238	22.68
93	25	241	37.18
93	25	243	13.59
93	25	245	11.25
93	26	22	23.30
93	26	33	52.06
93	26	50	48.28
93	26	59	39.32
93	26	79	15.70
93	26	86	41.21
93	26	115	39.63
93	26	116	37.58
93	26	121	35.82
93	26	132	40.51
93	26	139	26.35
93	26	145	13.32
93	26	175	15.54
93	26	177	36.55
93	26	184	53.62
93	26	199	20.77
93	26	216	29.07
93	26	226	44.77
93	26	230	36.20
93	26	237	16.70
93	26,27	22	37.51
93	26,27	33	64.00
93	26,27	59	55.23
93	26,27	79	25.72
93	26,27	86	54.82
93	26,27	116	51.63
93	26,27	121	45.24
93	26,27	139	40.69
93	26,27	145	23.00
93	26,27	175	27.31
93	26,27	177	49.39
93	26,27	199	36.62
93	26,27	216	40.55
93	26,27	230	48.97
93	26,27	237	26.97
93	27	22	25.58
93	27	33	53.54
93	27	43	19.30
93	27	45	19.42
93	27	59	47.13
93	27	78	43.49
93	27	79	16.92
93	27	86	42.75
93	27	114	32.75
93	27	116	38.75
93	27	121	37.39
93	27	132	42.69
93	27	139	27.10
93	27	145	14.93
93	27	175	18.34
93	27	177	38.07
93	27	184	54.99
93	27	199	30.24
93	27	211	27.08
93	27	216	27.70
93	27	226	46.10
93	27	230	37.62
93	27	237	18.15
93	28	21	49.14
93	28	28	36.82
93	28	29	55.00
93	28	40	41.46
93	28	42	19.65
93	28	46	41.49
93	28	48	61.52
93	28	55	48.44
93	28	56	62.21
93	28	68	41.79
93	28	106	48.24
93	28	108	56.23
93	28	111	61.18
93	28	128	46.44
93	28	136	24.39
93	28	138	55.00
93	28	150	21.96
93	28	161	48.27
93	28	165	37.97
93	28	167	37.77
93	28	196	47.51
93	28	205	40.30
93	29	10	19.70
93	29	29	54.96
93	29	39	42.24
93	29	41	39.66
93	29	48	57.56
93	29	58	59.48
93	29	65	42.96
93	29	72	61.93
93	29	104	32.04
93	29	119	48.56
93	29	127	50.04
93	29	138	54.90
93	29	146	45.06
93	29	147	47.83
93	29	180	30.90
93	29	181	65.96
93	29	206	56.25
93	29	231	62.32
93	30	15	46.62
93	30	25	59.38
93	30	32	48.45
93	30	35	65.66
93	30	47	54.62
93	30	74	31.39
93	30	110	39.65
93	30	116	50.61
93	30	118	71.96
93	30	143	60.00
93	30	148	58.41
93	30	166	48.70
93	30	195	30.06
93	30	217	56.30
93	31	24	53.44
93	31	28	46.87
93	31	40	45.30
93	31	46	54.85
93	31	68	42.62
93	31	99	42.55
93	31	106	49.92
93	31	123	53.14
93	31	128	43.62
93	31	134	65.99
93	31	150	29.41
93	31	163	69.37
93	31	165	46.00
93	31	168	39.44
93	31	182	54.15
93	31	205	45.52
93	32	22	33.89
93	32	33	60.06
93	32	43	26.20
93	32	45	26.49
93	32	116	47.15
93	32	121	34.89
93	32	132	50.93
93	32	145	22.21
93	32	175	26.72
93	32	177	44.77
93	32	230	44.52
93	32	237	26.54
