Task=78 Orders=52 Vehicles=710 Scores=3098
78	1	10	62.70
78	1	12	48.37
78	1	29	25.59
78	1	32	56.76
78	1	34	27.10
78	1	38	34.45
78	1	52	35.18
78	1	53	52.99
78	1	71	20.01
78	1	101	46.00
78	1	123	42.63
78	1	141	49.52
78	1	145	48.51
78	1	150	16.35
78	1	156	22.51
78	1	170	54.20
78	1	208	31.27
78	1	252	39.89
78	1	253	22.14
78	1	273	19.61
78	1	295	21.97
78	1	310	42.73
78	1	316	33.11
78	1	320	19.97
78	1	332	49.35
78	1	363	18.86
78	1	399	17.79
78	1	402	15.62
78	1	408	54.58
78	1	422	25.34
78	1	427	21.38
78	1	438	40.37
78	1	533	31.38
78	1	554	41.37
78	1	570	18.13
78	1	575	32.83
78	1	578	20.10
78	1	604	22.83
78	1	630	34.52
78	1	631	19.65
78	1	672	13.39
78	1	687	49.35
78	1,13	10	88.80
78	1,13	12	73.08
78	1,13	32	82.45
78	1,13	34	51.37
78	1,13	53	77.45
78	1,13	101	71.63
78	1,13	156	45.56
78	1,13	170	71.93
78	1,13	316	60.18
78	1,13	408	77.34
78	1,13	575	62.56
78	2	25	47.69
78	2	74	64.21
78	2	79	39.73
78	2	121	36.77
78	2	136	48.20
78	2	157	58.92
78	2	173	51.21
78	2	198	27.90
78	2	202	39.48
78	2	245	48.94
78	2	251	55.46
78	2	315	35.35
78	2	342	57.63
78	2	379	62.55
78	2	391	50.37
78	2	484	57.79
78	2	594	69.10
78	2	654	36.90
78	2,44	79	47.82
78	2,44	121	44.80
78	2,44	198	35.38
78	2,44	379	69.83
78	2,44	654	44.14
78	3	12	55.28
78	3	34	29.30
78	3	38	36.48
78	3	53	60.69
78	3	101	44.72
78	3	145	56.23
78	3	156	24.55
78	3	170	59.99
78	3	310	54.24
78	3	316	50.45
78	3	422	28.92
78	3	554	37.21
78	3	575	37.11
78	3,13	12	85.55
78	3,13	34	59.08
78	3,13	53	78.48
78	3,13	101	76.08
78	3,13	156	52.79
78	3,13	170	79.73
78	3,13	316	81.72
78	3,13	575	52.08
78	3,40	12	63.83
78	3,40	34	37.59
78	3,40	53	68.99
78	3,40	101	50.82
78	3,40	156	31.90
78	3,40	170	67.45
78	3,40	316	57.61
78	3,40	422	37.11
78	3,40	554	43.61
78	3,40	575	43.34
78	3,42	12	71.27
78	3,42	34	44.94
78	3,42	53	76.58
78	3,42	156	39.44
78	3,42	170	77.56
78	3,42	316	67.61
78	3,42	554	49.28
78	3,50	12	71.52
78	3,50	34	54.87
78	3,50	53	74.41
78	3,50	101	57.06
78	3,50	156	48.79
78	3,50	170	74.97
78	3,50	316	77.49
78	3,50	422	46.13
78	3,50	554	56.24
78	3,50	575	48.45
78	4	2	22.69
78	4	15	23.32
78	4	17	23.04
78	4	44	32.69
78	4	59	19.15
78	4	60	37.00
78	4	66	19.58
78	4	89	19.77
78	4	93	53.45
78	4	108	19.70
78	4	115	22.21
78	4	116	37.38
78	4	125	19.66
78	4	128	19.10
78	4	149	17.46
78	4	167	48.17
78	4	168	28.38
78	4	175	45.18
78	4	192	18.10
78	4	212	52.35
78	4	219	32.87
78	4	226	54.14
78	4	233	45.96
78	4	234	17.82
78	4	235	21.34
78	4	246	18.68
78	4	261	17.92
78	4	270	41.32
78	4	322	36.93
78	4	323	17.32
78	4	340	38.49
78	4	349	35.17
78	4	358	52.72
78	4	365	37.87
78	4	387	40.06
78	4	394	56.54
78	4	441	17.66
78	4	442	19.13
78	4	456	63.11
78	4	476	38.08
78	4	493	18.99
78	4	525	18.76
78	4	548	24.70
78	4	563	18.42
78	4	566	30.72
78	4	573	16.76
78	4	584	36.63
78	4	607	25.28
78	4	614	19.31
78	4	625	19.17
78	4	628	20.99
78	4	642	37.31
78	4	685	17.97
78	4	692	34.10
78	4	701	19.30
78	4,27	17	45.55
78	4,27	59	34.51
78	4,27	60	52.04
78	4,27	66	36.69
78	4,27	89	35.80
78	4,27	115	37.49
78	4,27	125	35.06
78	4,27	128	37.59
78	4,27	149	33.39
78	4,27	167	65.46
78	4,27	168	43.20
78	4,27	175	61.65
78	4,27	192	34.92
78	4,27	219	49.83
78	4,27	233	59.56
78	4,27	234	34.58
78	4,27	246	36.20
78	4,27	261	34.59
78	4,27	322	53.04
78	4,27	323	34.41
78	4,27	358	68.79
78	4,27	365	52.86
78	4,27	387	57.31
78	4,27	394	72.25
78	4,27	441	34.10
78	4,27	442	37.25
78	4,27	476	52.37
78	4,27	525	35.41
78	4,27	566	46.11
78	4,27	573	33.06
78	4,27	614	36.63
78	4,27	685	34.27
78	4,27	692	48.69
78	5	8	10.97
78	5	23	23.55
78	5	37	34.89
78	5	67	34.13
78	5	85	45.13
78	5	96	25.42
78	5	107	19.75
78	5	126	25.56
78	5	134	42.20
78	5	146	56.56
78	5	172	20.23
78	5	182	14.46
78	5	186	23.63
78	5	195	48.11
78	5	196	23.08
78	5	199	37.58
78	5	205	49.03
78	5	207	16.20
78	5	209	23.97
78	5	222	14.14
78	5	243	14.70
78	5	249	32.63
78	5	281	37.42
78	5	291	28.72
78	5	293	32.06
78	5	302	17.41
78	5	308	11.42
78	5	325	39.80
78	5	326	39.49
78	5	329	42.48
78	5	334	15.82
78	5	350	10.89
78	5	360	55.24
78	5	362	35.69
78	5	372	16.41
78	5	392	38.00
78	5	416	18.04
78	5	425	13.51
78	5	444	17.34
78	5	449	23.72
78	5	450	14.00
78	5	454	32.54
78	5	465	35.66
78	5	468	38.66
78	5	479	32.83
78	5	494	36.63
78	5	513	15.03
78	5	515	14.82
78	5	539	35.35
78	5	546	14.69
78	5	577	13.89
78	5	581	10.72
78	5	582	14.42
78	5	592	48.86
78	5	600	17.28
78	5	609	15.56
78	5	610	14.41
78	5	638	34.80
78	5	639	34.76
78	5	640	12.99
78	5	644	13.94
78	5	651	14.08
78	5	659	21.31
78	5	661	13.83
78	5	662	41.51
78	5	676	15.65
78	5	677	18.20
78	5	689	16.39
78	5	691	34.25
78	5	693	47.83
78	5	697	13.96
78	5	699	23.39
78	5	700	14.85
78	5	702	13.99
78	5	705	15.17
78	5	707	23.10
78	5	710	26.62
78	5,6	8	35.20
78	5,6	23	48.18
78	5,6	107	40.08
78	5,6	126	49.08
78	5,6	146	85.44
78	5,6	186	46.55
78	5,6	199	60.61
78	5,6	207	31.69
78	5,6	209	49.44
78	5,6	222	27.89
78	5,6	249	44.99
78	5,6	281	60.28
78	5,6	291	51.20
78	5,6	308	38.94
78	5,6	326	62.62
78	5,6	362	49.83
78	5,6	392	51.75
78	5,6	449	43.52
78	5,6	465	58.39
78	5,6	468	54.63
78	5,6	513	30.56
78	5,6	515	30.07
78	5,6	539	49.31
78	5,6	581	35.32
78	5,6	582	31.52
78	5,6	693	61.42
78	5,6	700	28.76
78	6	8	23.48
78	6	23	34.06
78	6	54	61.77
78	6	62	47.90
78	6	106	55.58
78	6	107	29.11
78	6	126	33.55
78	6	134	54.10
78	6	146	71.92
78	6	186	34.63
78	6	195	57.89
78	6	199	49.20
78	6	204	34.14
78	6	207	24.11
78	6	209	36.20
78	6	222	21.25
78	6	249	35.92
78	6	281	48.45
78	6	291	38.82
78	6	308	25.72
78	6	326	51.93
78	6	338	56.86
78	6	360	63.03
78	6	362	44.28
78	6	392	43.90
78	6	449	29.80
78	6	465	46.15
78	6	468	47.93
78	6	513	23.77
78	6	515	22.39
78	6	539	42.42
78	6	581	24.37
78	6	582	24.59
78	6	693	54.44
78	6	700	22.00
78	6,8	62	66.21
78	6,8	106	63.54
78	6,25	8	33.85
78	6,25	23	44.32
78	6,25	62	57.72
78	6,25	106	66.58
78	6,25	107	38.24
78	6,25	126	49.59
78	6,25	146	82.94
78	6,25	186	44.90
78	6,25	199	58.82
78	6,25	204	44.86
78	6,25	207	35.46
78	6,25	209	46.65
78	6,25	222	31.38
78	6,25	249	44.90
78	6,25	281	58.63
78	6,25	291	48.25
78	6,25	308	36.45
78	6,25	326	62.45
78	6,25	362	54.70
78	6,25	392	57.10
78	6,25	449	38.80
78	6,25	465	57.21
78	6,25	468	57.99
78	6,25	513	34.89
78	6,25	515	33.94
78	6,25	539	52.75
78	6,25	581	34.82
78	6,25	582	34.99
78	6,25	693	64.70
78	6,25	700	32.20
78	6,41	8	41.14
78	6,41	23	52.13
78	6,41	62	64.80
78	6,41	106	74.23
78	6,41	107	44.08
78	6,41	126	49.06
78	6,41	146	88.56
78	6,41	186	51.63
78	6,41	199	66.03
78	6,41	204	51.39
78	6,41	207	43.51
78	6,41	209	54.86
78	6,41	222	38.94
78	6,41	249	51.63
78	6,41	281	65.41
78	6,41	291	55.24
78	6,41	308	45.55
78	6,41	326	69.04
78	6,41	362	62.24
78	6,41	392	69.20
78	6,41	449	44.38
78	6,41	465	62.82
78	6,41	468	66.31
78	6,41	513	44.87
78	6,41	515	42.27
78	6,41	539	60.28
78	6,41	581	42.30
78	6,41	582	43.89
78	6,41	693	71.42
78	6,41	700	38.77
78	7	7	20.00
78	7	19	32.21
78	7	47	36.00
78	7	58	16.08
78	7	65	14.96
78	7	83	19.34
78	7	138	50.61
78	7	155	23.11
78	7	161	23.79
78	7	213	40.51
78	7	240	44.56
78	7	255	40.62
78	7	259	19.27
78	7	292	18.62
78	7	306	24.03
78	7	328	51.92
78	7	354	43.76
78	7	357	20.06
78	7	377	44.25
78	7	445	42.23
78	7	447	23.85
78	7	496	29.44
78	7	530	54.66
78	7	558	19.28
78	7	569	17.83
78	7	603	40.80
78	7	632	50.13
78	7	696	55.03
78	7,48	7	26.41
78	7,48	47	41.44
78	7,48	58	21.14
78	7,48	65	20.27
78	7,48	155	29.38
78	7,48	161	30.00
78	7,48	259	25.06
78	7,48	292	24.11
78	7,48	354	49.63
78	7,48	357	25.83
78	7,48	496	35.03
78	7,48	530	60.28
78	7,48	558	24.70
78	7,48	569	23.76
78	7,48	696	60.94
78	7,52	7	31.28
78	7,52	47	48.27
78	7,52	58	29.25
78	7,52	65	31.07
78	7,52	155	33.89
78	7,52	161	34.65
78	7,52	259	34.01
78	7,52	292	33.14
78	7,52	354	50.80
78	7,52	357	33.76
78	7,52	496	42.11
78	7,52	530	64.65
78	7,52	558	30.61
78	7,52	569	30.70
78	7,52	603	56.97
78	7,52	632	61.41
78	7,52	696	67.42
78	8	21	51.42
78	8	26	48.76
78	8	54	55.69
78	8	62	51.20
78	8	106	46.55
78	8	111	45.27
78	8	114	42.63
78	8	133	24.42
78	8	164	30.54
78	8	188	21.70
78	8	272	40.73
78	8	290	61.85
78	8	298	20.39
78	8	338	58.23
78	8	346	41.92
78	8	417	23.25
78	8	452	58.39
78	8	464	29.00
78	8	467	57.69
78	8	489	24.63
78	8	501	50.14
78	8	523	22.63
78	8	540	23.24
78	8	559	68.45
78	8	621	50.07
78	9	1	31.46
78	9	11	59.39
78	9	16	25.80
78	9	18	34.55
78	9	24	49.11
78	9	27	40.21
78	9	35	25.39
78	9	51	25.08
78	9	64	60.72
78	9	87	47.41
78	9	92	48.17
78	9	99	30.54
78	9	100	28.96
78	9	104	59.30
78	9	110	44.61
78	9	124	22.61
78	9	237	31.11
78	9	276	52.79
78	9	284	25.45
78	9	288	71.08
78	9	303	27.65
78	9	307	29.76
78	9	359	47.90
78	9	380	48.13
78	9	381	25.82
78	9	397	52.87
78	9	418	26.21
78	9	457	27.06
78	9	574	26.70
78	9	576	55.38
78	9	637	47.08
78	9	641	50.89
78	9,30	1	44.35
78	9,30	27	51.07
78	9,30	51	35.18
78	9,30	100	40.44
78	9,30	104	72.20
78	9,30	237	43.13
78	9,30	307	40.75
78	9,30	418	36.20
78	9,30	457	37.24
78	9,30	574	36.48
78	10	3	42.68
78	10	14	49.45
78	10	68	16.42
78	10	70	32.39
78	10	81	12.83
78	10	95	15.76
78	10	97	43.20
78	10	109	18.25
78	10	112	20.25
78	10	153	16.28
78	10	180	16.83
78	10	197	26.31
78	10	200	37.97
78	10	206	37.72
78	10	211	16.96
78	10	215	15.44
78	10	216	52.38
78	10	218	45.25
78	10	220	33.18
78	10	230	15.86
78	10	236	40.75
78	10	254	49.48
78	10	256	24.14
78	10	264	18.92
78	10	271	48.68
78	10	280	13.00
78	10	283	22.55
78	10	296	40.48
78	10	314	39.49
78	10	339	22.75
78	10	348	17.75
78	10	351	59.30
78	10	366	17.77
78	10	369	15.21
78	10	373	23.90
78	10	375	40.69
78	10	376	16.62
78	10	384	16.89
78	10	389	20.42
78	10	398	41.66
78	10	403	28.20
78	10	419	35.52
78	10	429	17.80
78	10	453	44.70
78	10	455	38.44
78	10	459	45.17
78	10	504	44.54
78	10	521	20.90
78	10	522	49.79
78	10	526	19.96
78	10	532	13.11
78	10	536	31.79
78	10	551	19.61
78	10	555	17.34
78	10	556	18.63
78	10	561	33.35
78	10	562	21.28
78	10	572	18.35
78	10	595	46.76
78	10	596	18.24
78	10	618	25.97
78	10	649	18.24
78	10	694	17.17
78	10,33	68	39.92
78	10,33	97	66.20
78	10,33	112	47.48
78	10,33	153	40.66
78	10,33	215	40.39
78	10,33	216	76.31
78	10,33	220	55.97
78	10,33	236	65.21
78	10,33	256	51.37
78	10,33	280	35.94
78	10,33	296	68.41
78	10,33	314	62.24
78	10,33	339	48.24
78	10,33	419	64.04
78	10,33	453	65.38
78	10,33	455	60.45
78	10,33	572	45.42
78	10,49	68	31.39
78	10,49	70	47.04
78	10,49	81	28.17
78	10,49	95	31.45
78	10,49	97	57.99
78	10,49	109	33.10
78	10,49	112	37.37
78	10,49	153	31.55
78	10,49	180	31.38
78	10,49	197	41.21
78	10,49	200	45.59
78	10,49	211	32.93
78	10,49	215	31.10
78	10,49	216	67.99
78	10,49	220	47.80
78	10,49	230	30.89
78	10,49	236	56.00
78	10,49	256	40.66
78	10,49	264	36.75
78	10,49	280	27.83
78	10,49	283	39.34
78	10,49	296	57.46
78	10,49	314	54.10
78	10,49	339	38.65
78	10,49	348	34.15
78	10,49	366	34.68
78	10,49	369	30.90
78	10,49	373	41.17
78	10,49	376	35.28
78	10,49	384	32.75
78	10,49	389	37.65
78	10,49	403	44.48
78	10,49	419	55.14
78	10,49	429	34.58
78	10,49	453	58.38
78	10,49	455	52.68
78	10,49	459	61.00
78	10,49	521	36.89
78	10,49	526	36.20
78	10,49	532	29.65
78	10,49	536	48.63
78	10,49	551	40.45
78	10,49	555	33.63
78	10,49	556	36.72
78	10,49	561	49.30
78	10,49	562	41.00
78	10,49	572	35.07
78	10,49	595	64.23
78	10,49	596	33.93
78	10,49	618	41.69
78	10,49	649	33.93
78	10,49	694	32.86
78	11	63	30.42
78	11	68	19.61
78	11	76	18.14
78	11	86	19.87
78	11	97	47.04
78	11	112	23.32
78	11	139	37.24
78	11	153	19.82
78	11	216	51.73
78	11	220	39.03
78	11	256	28.87
78	11	258	58.72
78	11	282	28.31
78	11	285	24.42
78	11	313	46.24
78	11	321	43.13
78	11	378	18.93
78	11	388	61.59
78	11	453	50.97
78	11	455	46.25
78	11	469	23.23
78	11	544	43.73
78	11	580	45.92
78	11	617	20.27
78	11	653	41.30
78	11	655	22.11
78	11,26	63	37.39
78	11,26	68	28.07
78	11,26	76	25.94
78	11,26	86	28.52
78	11,26	97	55.61
78	11,26	139	46.03
78	11,26	153	28.20
78	11,26	216	60.21
78	11,26	256	37.59
78	11,26	282	36.66
78	11,26	285	32.94
78	11,26	321	51.82
78	11,26	378	27.35
78	11,26	453	59.10
78	11,26	455	54.56
78	11,26	469	32.23
78	11,26	580	54.34
78	11,26	655	30.62
78	11,29	63	39.80
78	11,29	68	34.07
78	11,29	76	32.32
78	11,29	86	34.52
78	11,29	97	61.31
78	11,29	112	38.38
78	11,29	139	50.89
78	11,29	153	34.58
78	11,29	216	67.15
78	11,29	220	53.46
78	11,29	256	44.38
78	11,29	282	42.55
78	11,29	285	50.13
78	11,29	321	57.69
78	11,29	378	33.54
78	11,29	453	64.54
78	11,29	455	60.45
78	11,29	469	38.03
78	11,29	580	59.75
78	11,29	617	34.45
78	11,29	655	36.66
78	11,39	63	40.01
78	11,39	68	32.89
78	11,39	76	26.63
78	11,39	86	32.51
78	11,39	97	60.15
78	11,39	139	52.37
78	11,39	153	33.38
78	11,39	216	62.32
78	11,39	256	42.62
78	11,39	282	39.34
78	11,39	285	49.27
78	11,39	321	55.55
78	11,39	378	31.32
78	11,39	453	62.18
78	11,39	455	57.55
78	11,39	469	33.45
78	11,39	580	59.23
78	11,39	655	31.89
78	12	8	13.62
78	12	23	27.66
78	12	37	36.30
78	12	67	45.25
78	12	96	29.55
78	12	107	23.00
78	12	126	28.62
78	12	134	46.45
78	12	146	60.06
78	12	186	27.18
78	12	195	51.20
78	12	196	27.70
78	12	199	41.49
78	12	204	27.10
78	12	205	49.23
78	12	207	15.61
78	12	209	28.38
78	12	222	15.51
78	12	249	33.55
78	12	263	19.89
78	12	281	41.11
78	12	291	32.27
78	12	293	35.61
78	12	308	14.27
78	12	325	41.35
78	12	326	43.61
78	12	329	42.83
78	12	333	19.56
78	12	334	16.18
78	12	338	49.10
78	12	350	15.10
78	12	360	55.35
78	12	362	35.77
78	12	372	20.31
78	12	392	41.25
78	12	416	20.49
78	12	444	19.03
78	12	449	24.77
78	12	450	15.31
78	12	465	38.69
78	12	468	42.17
78	12	479	43.28
78	12	494	37.69
78	12	513	16.46
78	12	515	15.79
78	12	539	36.86
78	12	546	17.82
78	12	577	14.79
78	12	581	14.69
78	12	582	18.07
78	12	592	52.41
78	12	599	16.92
78	12	600	21.20
78	12	609	20.48
78	12	610	16.58
78	12	638	38.24
78	12	639	34.14
78	12	640	17.06
78	12	644	16.59
78	12	651	15.20
78	12	659	22.96
78	12	661	14.83
78	12	662	43.48
78	12	676	16.17
78	12	677	19.62
78	12	678	16.97
78	12	680	16.52
78	12	681	32.44
78	12	683	17.73
78	12	689	16.46
78	12	691	34.63
78	12	693	48.03
78	12	697	15.07
78	12	699	27.59
78	12	700	14.32
78	12	702	14.99
78	12	705	16.80
78	12	707	25.25
78	12	710	31.10
78	12,41	8	35.03
78	12,41	23	49.45
78	12,41	107	40.75
78	12,41	126	47.11
78	12,41	146	85.55
78	12,41	186	47.38
78	12,41	199	61.75
78	12,41	204	47.62
78	12,41	207	34.11
78	12,41	209	50.94
78	12,41	222	29.93
78	12,41	249	49.27
78	12,41	281	61.27
78	12,41	291	52.01
78	12,41	308	38.63
78	12,41	326	64.00
78	12,41	350	36.07
78	12,41	362	57.30
78	12,41	392	56.10
78	12,41	449	42.01
78	12,41	465	58.69
78	12,41	468	64.46
78	12,41	513	33.42
78	12,41	515	32.10
78	12,41	539	51.49
78	12,41	581	36.44
78	12,41	582	34.48
78	12,41	693	68.35
78	12,41	700	30.65
78	13	10	70.75
78	13	12	55.52
78	13	32	66.99
78	13	34	34.63
78	13	38	42.15
78	13	53	60.80
78	13	101	55.62
78	13	156	29.65
78	13	170	60.07
78	13	252	47.56
78	13	310	51.28
78	13	316	52.92
78	13	408	61.70
78	13	575	35.06
78	13	669	46.94
78	13,50	10	82.03
78	13,50	12	66.35
78	13,50	32	78.31
78	13,50	34	46.44
78	13,50	53	71.63
78	13,50	101	64.39
78	13,50	156	40.93
78	13,50	170	71.61
78	13,50	316	64.15
78	13,50	408	70.80
78	13,50	575	45.34
78	13,50	669	57.77
78	14	20	42.62
78	14	49	48.69
78	14	162	54.56
78	14	179	60.94
78	14	223	54.32
78	14	244	23.92
78	14	260	36.92
78	14	330	36.63
78	14	503	21.65
78	14	505	57.52
78	14	545	43.69
78	14	567	32.24
78	14	698	31.04
78	14,22	20	71.28
78	14,22	260	50.87
78	14,22	505	73.56
78	14,22	698	56.30
78	15	62	44.55
78	15	77	21.46
78	15	106	48.20
78	15	126	37.55
78	15	133	17.82
78	15	134	48.39
78	15	146	64.08
78	15	195	46.62
78	15	204	25.92
78	15	207	16.77
78	15	222	16.03
78	15	291	35.35
78	15	326	48.96
78	15	333	21.65
78	15	334	17.66
78	15	338	51.97
78	15	341	44.54
78	15	360	52.72
78	15	362	41.00
78	15	372	21.94
78	15	392	40.76
78	15	411	18.38
78	15	415	15.79
78	15	416	23.44
78	15	444	17.75
78	15	449	26.85
78	15	450	18.06
78	15	465	40.20
78	15	468	41.59
78	15	494	40.59
78	15	513	19.76
78	15	515	18.92
78	15	539	32.62
78	15	546	19.46
78	15	577	17.87
78	15	587	18.66
78	15	592	40.72
78	15	599	16.20
78	15	610	18.80
78	15	650	19.76
78	15	651	17.58
78	15	659	25.93
78	15	661	17.82
78	15	662	46.21
78	15	677	21.82
78	15	678	14.27
78	15	680	14.72
78	15	681	35.54
78	15	689	14.70
78	15	690	49.21
78	15	691	32.96
78	15	693	43.79
78	15	697	17.68
78	15	699	30.34
78	15	700	16.35
78	15	702	17.75
78	15	707	24.96
78	15	710	37.79
78	15,17	62	66.38
78	15,17	106	72.13
78	15,17	126	52.01
78	15,17	146	91.41
78	15,17	204	47.93
78	15,17	207	41.83
78	15,17	222	34.66
78	15,17	291	56.59
78	15,17	326	70.86
78	15,17	362	58.28
78	15,17	392	57.80
78	15,17	449	45.55
78	15,17	465	61.69
78	15,17	468	65.44
78	15,17	513	38.69
78	15,17	515	37.07
78	15,17	539	53.63
78	15,17	693	65.61
78	15,17	700	35.13
78	16	63	22.63
78	16	68	20.54
78	16	76	13.76
78	16	86	19.92
78	16	97	47.96
78	16	109	20.03
78	16	113	23.68
78	16	119	29.35
78	16	131	40.68
78	16	139	45.27
78	16	142	33.38
78	16	152	34.82
78	16	153	20.80
78	16	171	24.82
78	16	216	48.51
78	16	250	23.45
78	16	256	29.03
78	16	275	18.83
78	16	282	27.07
78	16	285	29.39
78	16	299	18.93
78	16	313	46.30
78	16	321	42.99
78	16	344	50.55
78	16	355	52.44
78	16	371	19.25
78	16	374	20.85
78	16	378	18.82
78	16	385	19.58
78	16	388	62.25
78	16	453	50.92
78	16	455	45.82
78	16	458	29.96
78	16	459	42.13
78	16	462	22.21
78	16	469	20.49
78	16	488	24.27
78	16	490	55.75
78	16	492	25.07
78	16	499	33.51
78	16	508	43.69
78	16	517	21.38
78	16	519	22.01
78	16	521	28.99
78	16	542	19.58
78	16	544	43.96
78	16	560	34.83
78	16	562	27.86
78	16	564	21.14
78	16	580	36.03
78	16	626	20.66
78	16	653	38.76
78	16	655	19.34
78	16	656	48.13
78	16	682	24.38
78	16,21	63	48.14
78	16,21	76	38.14
78	16,21	86	45.94
78	16,21	131	64.37
78	16,21	152	46.66
78	16,21	282	39.65
78	16,21	285	50.21
78	16,21	299	29.82
78	16,21	321	56.72
78	16,21	344	62.20
78	16,21	378	44.69
78	16,21	469	32.28
78	16,21	490	80.27
78	16,21	580	69.15
78	16,21	655	29.52
78	16,21	656	59.55
78	16,21	682	35.77
78	16,35	63	35.86
78	16,35	68	29.89
78	16,35	76	22.83
78	16,35	86	29.48
78	16,35	97	58.51
78	16,35	109	29.32
78	16,35	119	40.39
78	16,35	139	52.90
78	16,35	153	30.17
78	16,35	216	57.56
78	16,35	256	44.44
78	16,35	285	38.04
78	16,35	321	53.79
78	16,35	371	29.44
78	16,35	378	28.14
78	16,35	453	64.34
78	16,35	455	60.10
78	16,35	458	41.08
78	16,35	459	53.35
78	16,35	499	42.94
78	16,35	521	44.28
78	16,35	560	45.87
78	16,35	562	39.41
78	16,39	63	41.07
78	16,39	68	35.32
78	16,39	76	25.32
78	16,39	86	34.94
78	16,39	97	62.56
78	16,39	109	34.69
78	16,39	113	40.14
78	16,39	119	44.77
78	16,39	131	55.01
78	16,39	139	62.04
78	16,39	142	47.87
78	16,39	152	49.56
78	16,39	153	35.89
78	16,39	171	39.79
78	16,39	216	58.94
78	16,39	250	40.72
78	16,39	256	45.35
78	16,39	275	34.56
78	16,39	282	41.82
78	16,39	285	46.75
78	16,39	299	33.94
78	16,39	321	58.00
78	16,39	344	65.73
78	16,39	355	68.68
78	16,39	371	35.28
78	16,39	374	36.34
78	16,39	378	33.79
78	16,39	385	35.55
78	16,39	453	64.41
78	16,39	455	59.89
78	16,39	458	45.46
78	16,39	459	57.96
78	16,39	462	38.63
78	16,39	469	35.89
78	16,39	488	36.28
78	16,39	490	70.08
78	16,39	492	37.25
78	16,39	499	50.20
78	16,39	508	58.49
78	16,39	517	33.34
78	16,39	519	37.59
78	16,39	521	44.79
78	16,39	542	35.55
78	16,39	560	50.30
78	16,39	562	40.14
78	16,39	564	33.10
78	16,39	580	58.76
78	16,39	626	36.15
78	16,39	655	34.35
78	16,39	656	63.13
78	16,39	682	39.35
78	17	8	23.03
78	17	23	33.97
78	17	62	47.49
78	17	106	55.56
78	17	107	29.35
78	17	126	38.83
78	17	134	54.13
78	17	146	71.59
78	17	186	34.73
78	17	195	57.92
78	17	199	49.30
78	17	204	34.17
78	17	207	23.14
78	17	209	36.20
78	17	222	20.25
78	17	243	26.85
78	17	249	40.93
78	17	281	48.61
78	17	291	38.55
78	17	308	25.08
78	17	326	52.07
78	17	338	57.08
78	17	350	24.38
78	17	360	62.96
78	17	362	43.54
78	17	392	37.49
78	17	449	28.89
78	17	465	47.51
78	17	468	47.93
78	17	513	22.03
78	17	515	20.86
78	17	539	41.31
78	17	581	24.07
78	17	582	23.89
78	17	693	54.58
78	17	700	21.38
78	17,20	8	40.11
78	17,20	23	53.80
78	17,20	107	44.94
78	17,20	126	52.17
78	17,20	146	92.25
78	17,20	186	51.39
78	17,20	199	65.99
78	17,20	207	46.89
78	17,20	209	55.21
78	17,20	222	42.13
78	17,20	243	46.34
78	17,20	249	54.38
78	17,20	281	65.49
78	17,20	291	56.13
78	17,20	308	44.76
78	17,20	326	67.93
78	17,20	350	39.39
78	17,20	362	65.61
78	17,20	392	66.14
78	17,20	449	47.06
78	17,20	465	64.04
78	17,20	468	69.69
78	17,20	513	48.03
78	17,20	515	45.17
78	17,20	539	63.63
78	17,20	581	39.80
78	17,20	582	46.79
78	17,20	693	75.52
78	17,20	700	42.10
78	17,32	62	59.10
78	17,32	106	68.38
78	17,38	62	60.34
78	17,38	106	65.73
78	17,38	222	33.63
78	18	3	42.37
78	18	14	51.44
78	18	68	16.32
78	18	97	44.37
78	18	112	21.14
78	18	153	16.32
78	18	206	37.92
78	18	215	15.20
78	18	216	53.76
78	18	220	33.59
78	18	236	42.70
78	18	254	50.21
78	18	256	24.85
78	18	280	12.34
78	18	296	42.18
78	18	314	39.93
78	18	339	23.65
78	18	351	61.23
78	18	388	60.06
78	18	419	22.61
78	18	453	44.41
78	18	455	38.46
78	18	522	51.00
78	18	572	19.52
78	18,19	68	30.75
78	18,19	97	60.14
78	18,19	112	38.89
78	18,19	153	31.25
78	18,19	215	30.79
78	18,19	216	68.54
78	18,19	220	50.04
78	18,19	236	58.92
78	18,19	256	42.61
78	18,19	280	27.96
78	18,19	296	61.86
78	18,19	339	41.85
78	18,19	419	40.10
78	18,19	453	59.59
78	18,19	455	54.52
78	18,19	572	38.85
78	19	3	45.62
78	19	14	53.20
78	19	68	18.83
78	19	97	47.08
78	19	112	23.38
78	19	153	19.04
78	19	215	18.18
78	19	216	54.66
78	19	220	37.14
78	19	236	45.24
78	19	254	53.80
78	19	256	27.52
78	19	258	57.28
78	19	267	26.89
78	19	280	16.20
78	19	296	46.23
78	19	339	27.49
78	19	351	63.92
78	19	388	61.42
78	19	419	33.82
78	19	434	53.90
78	19	453	47.83
78	19	455	42.04
78	19	522	54.45
78	19	572	23.70
78	19	613	21.41
78	19,23	68	30.85
78	19,23	97	61.28
78	19,23	112	33.93
78	19,23	153	31.65
78	19,23	215	30.34
78	19,23	216	66.25
78	19,23	236	53.96
78	19,23	256	39.07
78	19,23	267	35.58
78	19,23	280	28.56
78	19,23	296	58.51
78	19,23	339	38.93
78	19,23	419	56.49
78	19,23	455	56.66
78	19,23	613	29.42
78	20	8	19.90
78	20	23	33.13
78	20	37	45.08
78	20	67	50.00
78	20	96	34.39
78	20	107	27.85
78	20	126	36.15
78	20	134	51.85
78	20	146	68.27
78	20	172	28.86
78	20	182	23.61
78	20	186	32.06
78	20	195	58.06
78	20	196	34.24
78	20	199	46.70
78	20	205	58.06
78	20	207	26.28
78	20	209	33.86
78	20	222	23.66
78	20	243	24.68
78	20	249	41.76
78	20	281	46.20
78	20	291	37.30
78	20	293	35.54
78	20	302	27.07
78	20	308	21.94
78	20	325	48.30
78	20	326	48.45
78	20	329	53.25
78	20	350	19.65
78	20	360	64.85
78	20	362	46.00
78	20	392	47.46
78	20	425	22.21
78	20	449	31.06
78	20	454	41.30
78	20	465	44.97
78	20	468	48.62
78	20	479	49.90
78	20	513	26.65
78	20	515	24.93
78	20	539	44.93
78	20	581	19.30
78	20	582	24.65
78	20	640	21.61
78	20	644	23.08
78	20	693	56.87
78	20	700	23.83
78	21	31	24.73
78	21	56	35.42
78	21	63	38.82
78	21	76	22.07
78	21	80	45.18
78	21	86	26.39
78	21	118	38.46
78	21	131	46.99
78	21	152	37.34
78	21	229	24.14
78	21	282	30.32
78	21	285	33.15
78	21	299	20.42
78	21	305	49.06
78	21	313	52.15
78	21	321	47.04
78	21	324	25.66
78	21	344	52.30
78	21	378	25.41
78	21	406	24.49
78	21	432	44.80
78	21	439	25.04
78	21	469	22.35
78	21	490	61.13
78	21	544	48.15
78	21	580	48.90
78	21	653	39.27
78	21	655	20.04
78	21	656	49.92
78	21	665	36.11
78	21	682	26.17
78	21,26	63	48.01
78	21,26	76	30.65
78	21,26	86	37.28
78	21,26	131	57.04
78	21,26	152	52.13
78	21,26	282	44.49
78	21,26	285	43.49
78	21,26	299	36.48
78	21,26	321	60.44
78	21,26	344	68.32
78	21,26	378	36.11
78	21,26	469	38.52
78	21,26	490	72.32
78	21,26	580	61.94
78	21,26	655	36.80
78	21,26	656	65.79
78	21,26	682	42.01
78	21,39	63	47.96
78	21,39	76	36.41
78	21,39	86	42.93
78	21,39	131	61.90
78	21,39	152	57.34
78	21,39	282	49.92
78	21,39	285	47.87
78	21,39	299	41.97
78	21,39	321	66.04
78	21,39	344	63.20
78	21,39	378	41.79
78	21,39	469	43.82
78	21,39	490	77.51
78	21,39	580	68.89
78	21,39	655	42.38
78	21,39	656	60.54
78	21,39	682	47.37
78	22	20	51.63
78	22	179	71.68
78	22	227	59.17
78	22	260	56.73
78	22	337	51.62
78	22	505	63.56
78	22	698	45.80
78	22,46	20	69.03
78	22,46	227	67.92
78	22,46	260	47.37
78	22,46	337	60.44
78	22,46	505	72.45
78	22,46	698	54.66
78	23	3	45.93
78	23	14	49.93
78	23	28	30.44
78	23	41	38.90
78	23	48	19.44
78	23	68	17.62
78	23	70	38.52
78	23	81	18.30
78	23	95	19.80
78	23	97	42.87
78	23	109	16.85
78	23	112	18.61
78	23	135	36.30
78	23	144	16.04
78	23	153	18.85
78	23	158	53.56
78	23	160	22.37
78	23	165	18.65
78	23	178	41.24
78	23	184	19.61
78	23	190	16.54
78	23	197	25.49
78	23	200	41.35
78	23	201	18.49
78	23	215	16.44
78	23	216	52.31
78	23	218	45.68
78	23	230	16.48
78	23	236	40.31
78	23	241	21.35
78	23	242	20.97
78	23	254	51.46
78	23	256	24.24
78	23	257	55.66
78	23	258	55.45
78	23	264	17.46
78	23	267	19.89
78	23	271	51.21
78	23	278	36.42
78	23	280	16.37
78	23	287	54.13
78	23	289	17.93
78	23	294	18.72
78	23	296	43.17
78	23	311	51.04
78	23	317	62.80
78	23	327	45.27
78	23	339	24.68
78	23	345	21.69
78	23	348	15.93
78	23	351	60.11
78	23	366	21.31
78	23	369	20.21
78	23	373	26.89
78	23	375	42.51
78	23	376	22.11
78	23	383	21.94
78	23	384	15.92
78	23	388	58.23
78	23	396	24.92
78	23	401	73.24
78	23	403	26.04
78	23	404	41.32
78	23	414	22.62
78	23	419	43.92
78	23	429	15.42
78	23	434	50.48
78	23	437	18.73
78	23	455	39.03
78	23	459	46.80
78	23	478	37.13
78	23	482	27.20
78	23	495	46.75
78	23	500	52.20
78	23	504	42.90
78	23	511	59.76
78	23	521	22.58
78	23	526	18.06
78	23	532	19.17
78	23	536	38.63
78	23	538	18.10
78	23	541	21.86
78	23	552	21.85
78	23	555	19.82
78	23	561	36.45
78	23	562	26.11
78	23	585	17.39
78	23	589	18.11
78	23	595	49.56
78	23	612	20.44
78	23	613	16.03
78	23	617	17.75
78	23	633	16.83
78	23	652	20.03
78	23	694	17.31
78	24	8	16.35
78	24	23	25.87
78	24	54	53.90
78	24	62	40.27
78	24	106	46.28
78	24	111	41.15
78	24	126	31.80
78	24	134	45.85
78	24	146	62.48
78	24	166	14.61
78	24	186	27.30
78	24	193	34.80
78	24	195	48.54
78	24	199	41.46
78	24	204	27.59
78	24	207	14.45
78	24	209	27.68
78	24	222	11.23
78	24	243	18.15
78	24	249	33.23
78	24	291	31.25
78	24	304	33.44
78	24	308	17.31
78	24	326	45.28
78	24	333	15.75
78	24	334	13.37
78	24	338	50.80
78	24	360	54.99
78	24	362	36.32
78	24	372	15.55
78	24	392	34.44
78	24	411	15.24
78	24	416	18.07
78	24	444	14.51
78	24	449	22.80
78	24	450	12.94
78	24	452	38.08
78	24	465	39.06
78	24	468	37.80
78	24	489	17.39
78	24	494	39.58
78	24	501	38.35
78	24	513	14.52
78	24	515	14.24
78	24	539	32.41
78	24	546	13.77
78	24	577	13.30
78	24	581	16.72
78	24	582	15.68
78	24	583	16.08
78	24	587	16.03
78	24	592	44.93
78	24	599	16.37
78	24	610	13.28
78	24	639	40.85
78	24	651	12.99
78	24	659	20.69
78	24	661	13.23
78	24	662	40.97
78	24	676	15.21
78	24	677	16.32
78	24	678	14.23
78	24	680	14.27
78	24	689	14.01
78	24	690	45.10
78	24	691	31.51
78	24	693	46.07
78	24	695	29.37
78	24	697	13.10
78	24	699	19.08
78	24	700	15.41
78	24	702	13.18
78	24	704	17.79
78	24	705	14.61
78	24	707	19.01
78	24	708	27.10
78	24	710	33.56
78	24,41	8	26.69
78	24,41	23	44.75
78	24,41	62	57.90
78	24,41	106	57.86
78	24,41	126	47.90
78	24,41	146	74.62
78	24,41	186	44.94
78	24,41	199	59.00
78	24,41	204	45.51
78	24,41	207	26.38
78	24,41	209	47.18
78	24,41	222	21.89
78	24,41	243	29.59
78	24,41	249	48.94
78	24,41	291	48.35
78	24,41	308	28.39
78	24,41	326	63.07
78	24,41	362	55.01
78	24,41	392	53.56
78	24,41	449	37.87
78	24,41	465	56.39
78	24,41	468	57.01
78	24,41	513	25.21
78	24,41	515	25.15
78	24,41	539	51.06
78	24,41	581	27.65
78	24,41	582	27.20
78	24,41	693	63.77
78	24,41	700	25.04
78	25	8	16.41
78	25	23	26.52
78	25	62	40.96
78	25	106	48.20
78	25	107	23.25
78	25	126	34.38
78	25	134	46.49
78	25	146	62.73
78	25	166	17.13
78	25	186	28.01
78	25	193	40.66
78	25	195	50.45
78	25	199	42.17
78	25	204	27.75
78	25	207	16.45
78	25	209	28.31
78	25	222	13.97
78	25	243	18.77
78	25	249	38.62
78	25	281	41.82
78	25	291	31.97
78	25	308	17.13
78	25	326	45.46
78	25	333	16.41
78	25	334	15.66
78	25	338	51.11
78	25	350	17.34
78	25	360	55.96
78	25	362	36.99
78	25	372	16.72
78	25	392	39.28
78	25	411	17.46
78	25	416	18.65
78	25	444	16.80
78	25	449	24.15
78	25	450	13.72
78	25	465	40.82
78	25	468	39.97
78	25	472	18.93
78	25	494	39.65
78	25	513	14.45
78	25	515	14.49
78	25	539	35.15
78	25	546	15.11
78	25	577	13.62
78	25	581	17.15
78	25	582	16.13
78	25	583	17.63
78	25	587	18.39
78	25	592	49.97
78	25	599	18.13
78	25	610	14.46
78	25	639	40.54
78	25	651	13.82
78	25	659	21.42
78	25	661	13.56
78	25	662	41.70
78	25	676	15.10
78	25	677	17.66
78	25	678	16.31
78	25	680	16.34
78	25	689	16.13
78	25	690	47.27
78	25	691	33.70
78	25	693	47.86
78	25	695	31.65
78	25	697	13.68
78	25	699	26.27
78	25	700	15.58
78	25	702	13.72
78	25	705	14.62
78	25	707	22.79
78	25	710	33.54
78	26	63	29.76
78	26	68	18.27
78	26	76	12.14
78	26	86	17.65
78	26	97	45.73
78	26	109	17.79
78	26	113	21.21
78	26	119	27.00
78	26	131	38.63
78	26	139	36.11
78	26	142	31.90
78	26	152	33.07
78	26	153	18.48
78	26	216	38.70
78	26	250	21.21
78	26	256	26.49
78	26	275	16.96
78	26	282	24.99
78	26	285	22.70
78	26	299	17.00
78	26	313	44.01
78	26	321	40.69
78	26	344	48.49
78	26	355	50.25
78	26	371	17.20
78	26	374	18.73
78	26	378	16.68
78	26	385	17.59
78	26	388	60.24
78	26	453	49.25
78	26	455	43.66
78	26	458	28.28
78	26	459	40.20
78	26	462	20.01
78	26	469	18.65
78	26	488	21.86
78	26	490	53.58
78	26	492	22.69
78	26	499	30.11
78	26	508	41.65
78	26	517	19.07
78	26	519	19.89
78	26	521	26.55
78	26	526	19.14
78	26	542	17.59
78	26	544	41.80
78	26	560	32.48
78	26	561	32.41
78	26	562	24.93
78	26	564	18.87
78	26	580	43.31
78	26	626	18.55
78	26	653	37.04
78	26	655	17.34
78	26	656	46.07
78	26	682	22.32
78	26,29	63	40.44
78	26,29	68	31.34
78	26,29	76	29.04
78	26,29	86	31.83
78	26,29	97	58.77
78	26,29	139	48.45
78	26,29	153	31.66
78	26,29	216	63.63
78	26,29	256	41.58
78	26,29	282	40.03
78	26,29	285	34.37
78	26,29	321	55.15
78	26,29	378	30.66
78	26,29	453	61.87
78	26,29	455	57.58
78	26,29	469	35.49
78	26,29	580	57.38
78	26,29	655	33.96
78	27	17	32.61
78	27	59	22.25
78	27	60	40.11
78	27	66	25.70
78	27	89	23.04
78	27	93	53.39
78	27	115	24.96
78	27	125	22.30
78	27	128	26.07
78	27	137	25.46
78	27	149	21.06
78	27	167	54.68
78	27	168	31.44
78	27	175	49.55
78	27	192	23.38
78	27	219	31.66
78	27	226	57.46
78	27	233	43.15
78	27	234	23.06
78	27	246	24.44
78	27	261	22.87
78	27	322	40.68
78	27	323	22.54
78	27	349	35.87
78	27	358	57.06
78	27	365	42.99
78	27	368	61.39
78	27	387	45.10
78	27	394	60.13
78	27	441	22.92
78	27	442	25.00
78	27	476	40.87
78	27	525	23.48
78	27	566	34.03
78	27	573	21.35
78	27	614	25.51
78	27	685	23.18
78	27	692	36.51
78	27,36	17	42.34
78	27,36	66	33.66
78	27,36	128	34.23
78	27,36	167	67.31
78	27,36	192	31.59
78	27,36	219	51.85
78	27,36	234	31.18
78	27,36	246	32.86
78	27,36	261	31.23
78	27,36	322	48.82
78	27,36	365	52.11
78	27,36	441	30.75
78	27,36	442	33.90
78	27,36	566	41.89
78	27,36	614	33.54
78	27,36	685	31.00
78	27,36	692	44.48
78	27,37	17	38.89
78	27,37	59	29.04
78	27,37	66	32.48
78	27,37	89	30.34
78	27,37	128	33.14
78	27,37	167	59.77
78	27,37	175	54.35
78	27,37	192	30.34
78	27,37	219	38.59
78	27,37	234	29.94
78	27,37	246	31.66
78	27,37	261	29.94
78	27,37	322	45.82
78	27,37	323	29.31
78	27,37	365	55.32
78	27,37	441	29.51
78	27,37	442	32.72
78	27,37	525	30.21
78	27,37	566	38.87
78	27,37	573	27.90
78	27,37	614	32.32
78	27,37	685	29.73
78	27,37	692	41.46
78	27,43	17	42.24
78	27,43	66	45.39
78	27,43	128	36.65
78	27,43	167	69.49
78	27,43	175	57.83
78	27,43	192	33.89
78	27,43	219	52.90
78	27,43	234	33.49
78	27,43	246	35.20
78	27,43	261	33.49
78	27,43	322	49.31
78	27,43	365	53.61
78	27,43	441	33.04
78	27,43	442	36.24
78	27,43	566	42.37
78	27,43	614	35.86
78	27,43	685	33.30
78	27,43	692	44.97
78	28	61	13.54
78	28	122	55.55
78	28	132	30.20
78	28	169	16.51
78	28	194	9.90
78	28	221	26.17
78	28	231	9.08
78	28	248	30.86
78	28	277	9.85
78	28	301	12.21
78	28	309	34.18
78	28	315	28.89
78	28	318	45.28
78	28	331	35.49
78	28	336	11.25
78	28	361	11.17
78	28	395	9.10
78	28	410	31.86
78	28	481	34.56
78	28	484	48.13
78	28	518	9.34
78	28	520	10.39
78	28	534	13.69
78	28	588	7.66
78	28	634	14.06
78	28	647	30.27
78	28	654	27.76
78	28	660	45.49
78	28	686	53.38
78	28,51	248	51.62
78	28,51	318	59.06
78	28,51	331	74.86
78	29	63	31.87
78	29	68	23.10
78	29	76	21.39
78	29	86	23.41
78	29	97	50.42
78	29	112	27.38
78	29	139	39.89
78	29	153	23.52
78	29	216	55.15
78	29	220	42.39
78	29	256	33.14
78	29	258	61.97
78	29	282	31.92
78	29	285	27.75
78	29	313	49.79
78	29	321	46.70
78	29	378	22.48
78	29	388	64.38
78	29	453	53.93
78	29	455	49.48
78	29	469	26.73
78	29	544	46.93
78	29	580	49.17
78	29	617	23.52
78	29	653	44.55
78	29	655	25.69
78	29,39	63	43.27
78	29,39	68	36.51
78	29,39	76	30.00
78	29,39	86	36.14
78	29,39	97	63.66
78	29,39	139	51.58
78	29,39	153	37.18
78	29,39	216	65.85
78	29,39	256	47.00
78	29,39	282	43.04
78	29,39	285	52.76
78	29,39	321	59.21
78	29,39	378	34.99
78	29,39	453	65.24
78	29,39	455	60.89
78	29,39	469	37.06
78	29,39	580	62.48
78	29,39	655	35.56
78	30	1	18.46
78	30	2	18.48
78	30	4	13.27
78	30	5	18.15
78	30	6	14.92
78	30	11	46.68
78	30	15	19.75
78	30	27	34.76
78	30	51	15.45
78	30	57	19.30
78	30	78	28.15
78	30	90	12.44
78	30	98	19.61
78	30	100	17.49
78	30	103	16.99
78	30	104	39.69
78	30	117	20.34
78	30	137	17.77
78	30	140	50.18
78	30	143	56.24
78	30	154	30.28
78	30	159	23.89
78	30	163	23.20
78	30	185	26.73
78	30	237	18.04
78	30	238	14.04
78	30	269	16.69
78	30	279	33.97
78	30	288	61.06
78	30	307	17.92
78	30	352	39.75
78	30	358	44.15
78	30	359	36.82
78	30	368	39.92
78	30	393	46.55
78	30	405	17.24
78	30	409	15.99
78	30	413	17.92
78	30	418	16.97
78	30	430	48.20
78	30	435	36.24
78	30	457	14.68
78	30	510	14.24
78	30	514	15.13
78	30	535	35.54
78	30	574	16.55
78	30	590	16.32
78	30	622	15.13
78	30	637	33.55
78	30	642	30.37
78	30	679	17.75
78	30	688	17.14
78	30	703	18.63
78	31	14	57.31
78	31	68	19.42
78	31	69	43.61
78	31	76	21.41
78	31	139	51.70
78	31	148	46.11
78	31	153	18.28
78	31	215	21.73
78	31	220	35.17
78	31	256	29.14
78	31	297	40.58
78	31	313	48.59
78	31	335	18.38
78	31	388	63.48
78	31	453	51.31
78	31	455	45.83
78	31	480	44.58
78	31	486	17.25
78	31	522	51.28
78	31	544	44.55
78	31	643	64.75
78	31,47	68	30.68
78	31,47	139	63.90
78	31,47	153	29.73
78	31,47	220	44.85
78	31,47	256	41.59
78	31,47	297	51.97
78	31,47	335	29.56
78	31,47	453	61.69
78	31,47	480	62.44
78	31,47	486	28.30
78	32	21	52.68
78	32	26	48.75
78	32	54	57.13
78	32	62	51.32
78	32	106	50.20
78	32	111	46.45
78	32	114	42.99
78	32	133	24.32
78	32	164	30.51
78	32	188	22.96
78	32	272	56.30
78	32	298	22.10
78	32	338	58.31
78	32	346	50.46
78	32	417	24.51
78	32	452	58.39
78	32	467	41.79
78	32	489	24.93
78	32	501	50.04
78	32	523	24.23
78	32	540	24.97
78	32,38	26	73.66
78	32,38	62	70.56
78	32,38	106	65.21
78	32,38	111	71.06
78	32,38	114	61.38
78	32,38	133	52.96
78	32,38	164	57.83
78	32,38	188	50.20
78	32,38	298	51.25
78	32,38	346	68.79
78	32,38	417	49.15
78	32,38	452	83.35
78	32,38	467	68.99
78	32,38	489	45.24
78	32,38	501	71.37
78	32,38	523	51.41
78	32,38	540	54.92
78	32,45	26	53.92
78	32,45	114	48.54
78	32,45	188	29.07
78	32,45	467	56.94
78	32,45	523	29.99
78	32,45	540	30.93
78	33	3	50.44
78	33	14	48.83
78	33	68	24.90
78	33	97	51.55
78	33	112	30.39
78	33	153	25.28
78	33	206	45.42
78	33	215	24.32
78	33	216	60.82
78	33	220	41.49
78	33	236	50.03
78	33	254	58.31
78	33	256	34.83
78	33	280	20.30
78	33	296	51.39
78	33	314	47.77
78	33	339	32.41
78	33	351	68.77
78	33	419	45.83
78	33	453	51.58
78	33	455	46.11
78	33	522	59.14
78	33	572	28.70
78	33,34	68	36.25
78	33,34	97	74.46
78	33,34	112	43.56
78	33,34	153	36.80
78	33,34	215	36.21
78	33,34	216	72.92
78	33,34	236	61.66
78	33,34	256	47.39
78	33,34	280	31.58
78	33,34	296	64.39
78	33,34	339	44.58
78	33,34	419	56.35
78	33,34	455	57.01
78	33,49	68	39.94
78	33,49	97	66.20
78	33,49	112	47.61
78	33,49	153	40.72
78	33,49	215	40.48
78	33,49	216	76.32
78	33,49	220	55.97
78	33,49	236	65.28
78	33,49	256	51.54
78	33,49	280	35.94
78	33,49	296	68.59
78	33,49	314	62.24
78	33,49	339	48.34
78	33,49	419	64.10
78	33,49	453	65.30
78	33,49	455	60.44
78	33,49	572	45.55
78	34	3	48.69
78	34	41	38.63
78	34	68	19.15
78	34	86	20.34
78	34	97	44.63
78	34	112	19.38
78	34	153	20.58
78	34	178	42.86
78	34	201	20.46
78	34	215	20.55
78	34	216	54.89
78	34	236	31.75
78	34	254	55.68
78	34	256	26.52
78	34	258	57.11
78	34	267	20.51
78	34	280	20.25
78	34	287	41.28
78	34	296	48.52
78	34	311	54.73
78	34	313	43.44
78	34	339	29.32
78	34	351	63.83
78	34	378	20.51
78	34	388	61.28
78	34	407	21.93
78	34	419	46.61
78	34	434	51.73
78	34	455	42.35
78	34	478	38.79
78	34	544	39.44
78	34	613	17.55
78	34	617	17.51
78	34,35	68	29.82
78	34,35	86	31.45
78	34,35	97	58.72
78	34,35	112	34.23
78	34,35	153	30.96
78	34,35	178	53.39
78	34,35	215	33.32
78	34,35	216	64.32
78	34,35	236	56.82
78	34,35	256	36.35
78	34,35	267	35.28
78	34,35	378	30.66
78	34,35	455	55.37
78	34,35	478	52.25
78	34,35	613	32.03
78	34,35	617	29.48
78	35	28	30.54
78	35	41	34.46
78	35	63	26.55
78	35	68	13.96
78	35	70	34.87
78	35	72	21.52
78	35	76	14.85
78	35	86	15.31
78	35	97	43.13
78	35	109	13.31
78	35	112	15.87
78	35	119	24.99
78	35	127	19.63
78	35	139	43.01
78	35	153	14.68
78	35	165	16.96
78	35	178	37.70
78	35	180	15.66
78	35	215	16.61
78	35	216	47.87
78	35	218	45.80
78	35	220	35.77
78	35	236	40.52
78	35	254	53.08
78	35	256	20.90
78	35	258	53.35
78	35	267	19.14
78	35	271	44.51
78	35	283	24.32
78	35	285	30.61
78	35	287	54.24
78	35	311	52.62
78	35	313	40.32
78	35	321	39.11
78	35	366	16.96
78	35	371	14.77
78	35	378	14.73
78	35	384	15.31
78	35	388	57.13
78	35	389	19.25
78	35	396	28.82
78	35	403	24.39
78	35	453	45.61
78	35	455	40.39
78	35	458	29.28
78	35	459	39.56
78	35	478	37.38
78	35	482	25.00
78	35	499	32.58
78	35	504	43.62
78	35	521	21.69
78	35	526	14.38
78	35	544	37.92
78	35	560	29.99
78	35	561	29.79
78	35	562	19.92
78	35	612	16.03
78	35	613	15.96
78	35	617	14.37
78	35	635	20.87
78	35	653	37.62
78	35	671	12.75
78	36	17	18.25
78	36	30	12.11
78	36	43	34.34
78	36	55	23.68
78	36	66	12.79
78	36	84	35.14
78	36	91	20.44
78	36	94	47.07
78	36	120	14.48
78	36	128	15.32
78	36	129	8.28
78	36	167	36.55
78	36	176	9.34
78	36	181	14.06
78	36	189	10.80
78	36	192	14.52
78	36	203	28.38
78	36	212	48.11
78	36	219	24.06
78	36	224	11.87
78	36	226	48.93
78	36	234	14.27
78	36	235	17.63
78	36	246	15.07
78	36	247	8.86
78	36	261	14.38
78	36	265	8.73
78	36	268	21.24
78	36	300	8.25
78	36	322	36.46
78	36	356	36.28
78	36	365	26.39
78	36	412	8.62
78	36	421	14.13
78	36	426	23.42
78	36	428	11.23
78	36	441	13.54
78	36	442	15.48
78	36	446	13.39
78	36	461	14.52
78	36	466	21.86
78	36	473	9.52
78	36	474	9.06
78	36	477	33.17
78	36	487	26.24
78	36	493	15.31
78	36	497	18.11
78	36	528	14.25
78	36	531	20.15
78	36	566	30.14
78	36	584	26.46
78	36	591	29.35
78	36	593	8.68
78	36	601	9.38
78	36	607	18.39
78	36	614	14.01
78	36	615	10.77
78	36	616	20.37
78	36	619	11.31
78	36	620	8.99
78	36	623	10.25
78	36	624	14.31
78	36	625	12.52
78	36	627	13.34
78	36	629	10.90
78	36	636	11.52
78	36	657	8.55
78	36	658	13.65
78	36	664	10.72
78	36	667	19.80
78	36	668	11.30
78	36	674	12.76
78	36	675	8.73
78	36	684	21.62
78	36	685	13.80
78	36	692	34.14
78	36	701	15.21
78	36	706	9.06
78	36,37	17	25.06
78	36,37	30	22.32
78	36,37	43	39.17
78	36,37	55	35.94
78	36,37	66	19.69
78	36,37	84	47.44
78	36,37	91	28.65
78	36,37	120	23.34
78	36,37	128	20.66
78	36,37	129	19.07
78	36,37	167	50.65
78	36,37	176	19.97
78	36,37	189	21.45
78	36,37	192	20.14
78	36,37	212	54.06
78	36,37	219	30.01
78	36,37	224	22.45
78	36,37	234	19.80
78	36,37	235	25.61
78	36,37	246	20.85
78	36,37	247	20.96
78	36,37	261	20.18
78	36,37	265	21.62
78	36,37	268	28.13
78	36,37	300	20.31
78	36,37	322	42.04
78	36,37	356	51.11
78	36,37	365	38.54
78	36,37	412	18.54
78	36,37	421	23.37
78	36,37	426	32.90
78	36,37	428	21.46
78	36,37	441	18.80
78	36,37	442	21.70
78	36,37	446	22.80
78	36,37	461	24.15
78	36,37	466	31.11
78	36,37	473	23.34
78	36,37	474	22.44
78	36,37	477	52.01
78	36,37	487	41.18
78	36,37	493	21.00
78	36,37	528	19.32
78	36,37	531	24.86
78	36,37	566	36.17
78	36,37	584	32.32
78	36,37	593	20.21
78	36,37	601	21.20
78	36,37	607	24.77
78	36,37	614	19.52
78	36,37	615	19.59
78	36,37	616	28.68
78	36,37	619	19.03
78	36,37	620	21.75
78	36,37	623	22.83
78	36,37	625	17.37
78	36,37	627	21.87
78	36,37	629	21.35
78	36,37	636	22.03
78	36,37	657	19.48
78	36,37	658	21.93
78	36,37	664	25.14
78	36,37	667	28.27
78	36,37	674	20.46
78	36,37	675	21.62
78	36,37	684	30.79
78	36,37	685	19.21
78	36,37	692	39.54
78	36,37	701	20.76
78	36,37	706	21.80
78	36,43	17	29.39
78	36,43	30	23.41
78	36,43	43	45.04
78	36,43	55	37.52
78	36,43	66	23.39
78	36,43	84	46.20
78	36,43	91	31.96
78	36,43	120	24.77
78	36,43	128	25.04
78	36,43	129	17.18
78	36,43	167	48.51
78	36,43	176	18.56
78	36,43	181	24.04
78	36,43	189	21.20
78	36,43	192	24.39
78	36,43	212	59.58
78	36,43	219	37.86
78	36,43	224	22.79
78	36,43	234	24.85
78	36,43	235	29.93
78	36,43	246	25.15
78	36,43	247	19.83
78	36,43	261	24.39
78	36,43	265	20.07
78	36,43	268	34.20
78	36,43	300	18.32
78	36,43	322	48.28
78	36,43	356	49.38
78	36,43	365	37.46
78	36,43	412	17.28
78	36,43	421	24.54
78	36,43	426	35.61
78	36,43	428	21.93
78	36,43	441	23.73
78	36,43	442	26.00
78	36,43	446	24.45
78	36,43	461	24.72
78	36,43	466	33.25
78	36,43	473	21.31
78	36,43	474	20.79
78	36,43	477	49.18
78	36,43	487	38.59
78	36,43	493	25.32
78	36,43	497	29.01
78	36,43	528	24.23
78	36,43	531	29.15
78	36,43	566	41.65
78	36,43	584	38.80
78	36,43	591	41.69
78	36,43	593	19.38
78	36,43	601	19.68
78	36,43	607	29.23
78	36,43	614	24.49
78	36,43	615	20.69
78	36,43	616	30.14
78	36,43	619	21.23
78	36,43	620	20.27
78	36,43	623	20.61
78	36,43	624	24.30
78	36,43	625	22.44
78	36,43	627	24.27
78	36,43	629	21.07
78	36,43	636	22.13
78	36,43	657	17.70
78	36,43	658	23.75
78	36,43	664	22.83
78	36,43	667	28.99
78	36,43	668	22.07
78	36,43	674	23.03
78	36,43	675	20.07
78	36,43	684	31.10
78	36,43	685	24.06
78	36,43	692	45.76
78	36,43	701	24.93
78	36,43	706	20.32
78	37	17	17.21
78	37	30	14.17
78	37	36	38.48
78	37	43	32.69
78	37	44	26.70
78	37	55	26.23
78	37	59	14.10
78	37	66	12.86
78	37	84	37.14
78	37	89	14.73
78	37	91	21.28
78	37	93	54.69
78	37	94	48.08
78	37	120	15.82
78	37	128	13.89
78	37	129	12.61
78	37	167	39.94
78	37	175	42.08
78	37	176	13.17
78	37	189	14.21
78	37	192	12.99
78	37	203	31.76
78	37	212	47.27
78	37	214	27.11
78	37	219	21.37
78	37	224	14.90
78	37	226	49.25
78	37	234	12.73
78	37	235	16.15
78	37	246	13.55
78	37	247	14.13
78	37	261	12.82
78	37	265	14.79
78	37	268	20.56
78	37	270	26.07
78	37	300	13.82
78	37	322	34.92
78	37	323	14.31
78	37	356	38.83
78	37	365	29.48
78	37	412	12.14
78	37	421	16.00
78	37	426	26.37
78	37	428	14.00
78	37	441	12.00
78	37	442	13.99
78	37	446	15.48
78	37	456	55.92
78	37	461	17.61
78	37	466	24.27
78	37	473	16.45
78	37	474	15.30
78	37	477	41.11
78	37	487	30.92
78	37	493	13.82
78	37	525	13.66
78	37	528	12.44
78	37	531	18.52
78	37	566	29.32
78	37	573	13.62
78	37	584	23.24
78	37	593	13.41
78	37	601	14.37
78	37	607	17.55
78	37	614	12.69
78	37	615	12.76
78	37	616	21.70
78	37	619	12.20
78	37	620	14.92
78	37	623	15.94
78	37	625	10.56
78	37	627	15.04
78	37	628	17.58
78	37	629	14.55
78	37	636	15.20
78	37	657	12.68
78	37	658	15.10
78	37	664	18.11
78	37	667	21.27
78	37	674	13.63
78	37	675	14.79
78	37	684	23.75
78	37	685	12.41
78	37	692	32.58
78	37	701	13.93
78	37	706	14.97
78	38	21	51.73
78	38	26	46.41
78	38	54	56.14
78	38	62	48.58
78	38	106	41.41
78	38	111	45.66
78	38	114	39.42
78	38	133	21.85
78	38	164	28.01
78	38	188	21.42
78	38	195	40.76
78	38	222	20.61
78	38	272	51.61
78	38	298	19.70
78	38	338	56.08
78	38	346	44.79
78	38	417	22.25
78	38	452	55.80
78	38	467	55.76
78	38	489	20.89
78	38	501	47.18
78	38	523	22.70
78	38	540	23.13
78	39	63	22.45
78	39	68	18.69
78	39	76	13.07
78	39	86	18.04
78	39	97	46.17
78	39	109	18.20
78	39	113	21.49
78	39	119	27.37
78	39	131	39.14
78	39	139	40.37
78	39	142	30.56
78	39	152	33.28
78	39	153	18.85
78	39	171	22.93
78	39	216	47.49
78	39	250	21.18
78	39	256	26.76
78	39	275	17.06
78	39	282	25.17
78	39	285	27.06
78	39	299	17.18
78	39	313	44.42
78	39	321	41.10
78	39	344	48.70
78	39	355	50.30
78	39	371	17.59
78	39	374	18.83
78	39	378	17.07
78	39	385	17.70
78	39	388	60.77
78	39	453	49.35
78	39	455	44.11
78	39	458	28.49
78	39	459	40.31
78	39	462	20.07
78	39	469	18.83
78	39	488	21.69
78	39	490	54.03
78	39	492	22.54
78	39	499	29.30
78	39	508	41.85
78	39	517	19.01
78	39	519	19.97
78	39	521	26.87
78	39	542	17.72
78	39	544	42.27
78	39	560	32.83
78	39	562	24.96
78	39	564	18.82
78	39	580	35.76
78	39	626	18.65
78	39	653	37.30
78	39	655	17.51
78	39	656	46.24
78	39	682	22.49
78	40	10	71.07
78	40	12	55.73
78	40	32	64.45
78	40	34	29.76
78	40	38	37.27
78	40	53	60.69
78	40	101	44.01
78	40	145	37.87
78	40	156	24.96
78	40	170	58.70
78	40	252	42.61
78	40	310	52.13
78	40	316	46.61
78	40	422	28.38
78	40	554	36.34
78	40	575	37.20
78	40,42	10	85.41
78	40,42	12	69.38
78	40,42	32	78.73
78	40,42	34	43.08
78	40,42	53	74.30
78	40,42	156	37.69
78	40,42	170	73.56
78	40,42	316	64.46
78	40,42	554	48.55
78	40,50	10	85.42
78	40,50	12	71.56
78	40,50	32	80.94
78	40,50	34	46.63
78	40,50	53	74.45
78	40,50	101	58.62
78	40,50	156	40.99
78	40,50	170	75.17
78	40,50	316	66.38
78	40,50	422	46.24
78	40,50	554	57.14
78	40,50	575	48.54
78	41	8	19.11
78	41	23	29.99
78	41	62	43.72
78	41	106	51.56
78	41	107	26.14
78	41	126	27.34
78	41	134	50.34
78	41	146	67.06
78	41	186	31.07
78	41	195	54.08
78	41	199	45.72
78	41	204	30.69
78	41	207	18.94
78	41	209	32.30
78	41	222	16.28
78	41	243	22.66
78	41	249	37.70
78	41	281	45.17
78	41	291	34.82
78	41	308	20.56
78	41	326	48.59
78	41	338	53.89
78	41	350	20.42
78	41	360	59.21
78	41	362	39.63
78	41	392	36.51
78	41	449	25.61
78	41	465	43.99
78	41	468	43.99
78	41	513	17.18
78	41	515	16.56
78	41	539	37.63
78	41	581	20.07
78	41	582	19.55
78	41	693	51.08
78	41	700	17.66
78	42	10	69.42
78	42	12	55.44
78	42	32	64.07
78	42	34	35.14
78	42	38	40.15
78	42	53	59.07
78	42	156	30.10
78	42	170	64.04
78	42	252	48.11
78	42	310	48.32
78	42	316	52.87
78	42	553	61.06
78	42	554	41.01
78	42,50	10	95.63
78	42,50	12	81.20
78	42,50	32	90.87
78	42,50	34	54.11
78	42,50	53	83.87
78	42,50	156	48.08
78	42,50	170	86.11
78	42,50	316	76.06
78	42,50	554	61.90
78	43	17	20.72
78	43	30	13.75
78	43	36	40.20
78	43	43	36.45
78	43	55	30.00
78	43	66	15.21
78	43	84	37.15
78	43	91	22.87
78	43	93	54.65
78	43	94	49.59
78	43	120	16.66
78	43	128	17.65
78	43	129	10.21
78	43	167	39.25
78	43	175	43.90
78	43	176	11.31
78	43	181	16.79
78	43	189	12.65
78	43	192	16.75
78	43	203	31.06
78	43	212	50.32
78	43	219	25.11
78	43	224	13.89
78	43	226	51.38
78	43	234	16.49
78	43	235	19.92
78	43	246	17.32
78	43	247	11.65
78	43	261	16.58
78	43	265	11.85
78	43	268	23.44
78	43	300	11.28
78	43	322	38.66
78	43	356	38.68
78	43	365	28.38
78	43	412	10.46
78	43	421	16.34
78	43	426	26.21
78	43	428	12.87
78	43	441	15.66
78	43	442	17.75
78	43	446	15.39
78	43	461	17.44
78	43	466	24.25
78	43	473	12.65
78	43	474	12.20
78	43	477	39.68
78	43	487	28.89
78	43	493	17.58
78	43	497	20.85
78	43	528	16.61
78	43	531	22.20
78	43	566	32.69
78	43	584	28.54
78	43	591	31.69
78	43	593	11.34
78	43	601	11.35
78	43	607	21.01
78	43	614	16.28
78	43	615	12.37
78	43	616	22.56
78	43	619	12.90
78	43	620	11.94
78	43	623	11.94
78	43	624	16.87
78	43	625	14.39
78	43	627	15.94
78	43	629	13.03
78	43	636	13.80
78	43	657	10.42
78	43	658	16.32
78	43	664	14.03
78	43	667	21.39
78	43	668	13.41
78	43	674	14.70
78	43	675	11.83
78	43	684	23.34
78	43	685	16.01
78	43	692	36.34
78	43	701	17.51
78	43	706	12.00
78	44	42	11.30
78	44	45	34.42
78	44	46	37.62
78	44	74	60.90
78	44	79	36.42
78	44	102	26.41
78	44	121	34.82
78	44	136	49.24
78	44	157	56.35
78	44	173	51.49
78	44	183	16.86
78	44	187	36.41
78	44	198	26.59
78	44	210	36.03
78	44	232	62.49
78	44	245	46.61
78	44	251	52.66
78	44	309	34.72
78	44	315	32.66
78	44	353	14.07
78	44	367	15.13
78	44	379	58.96
78	44	386	16.21
78	44	390	30.49
78	44	460	16.79
78	44	475	28.61
78	44	483	35.69
78	44	484	54.75
78	44	506	15.79
78	44	507	20.27
78	44	527	51.38
78	44	568	15.35
78	44	594	67.31
78	44	646	17.25
78	44	654	34.17
78	44	673	19.13
78	44	709	48.72
78	45	21	40.01
78	45	26	45.32
78	45	50	44.32
78	45	114	38.38
78	45	147	26.66
78	45	188	14.76
78	45	191	15.94
78	45	228	46.17
78	45	262	19.99
78	45	266	51.21
78	45	286	33.46
78	45	290	39.55
78	45	319	49.17
78	45	347	34.04
78	45	382	24.30
78	45	400	16.04
78	45	420	13.87
78	45	436	19.39
78	45	443	48.21
78	45	451	46.11
78	45	463	36.80
78	45	464	26.97
78	45	467	40.10
78	45	471	20.08
78	45	485	17.66
78	45	509	18.87
78	45	512	50.46
78	45	523	16.58
78	45	524	19.70
78	45	537	36.31
78	45	540	16.34
78	45	543	39.97
78	45	549	52.83
78	45	557	20.37
78	45	559	55.99
78	45	565	15.37
78	45	586	13.90
78	45	597	21.62
78	45	598	59.79
78	45	608	13.90
78	45	611	59.52
78	45	621	41.06
78	45	648	31.52
78	46	20	49.06
78	46	179	66.45
78	46	227	42.63
78	46	244	23.70
78	46	260	46.62
78	46	330	34.37
78	46	337	46.23
78	46	505	58.15
78	46	567	34.04
78	46	645	22.10
78	46	670	24.82
78	46	698	38.61
78	47	14	56.04
78	47	22	19.97
78	47	33	48.04
78	47	68	18.45
78	47	69	42.11
78	47	113	18.52
78	47	139	52.06
78	47	148	44.97
78	47	151	36.41
78	47	153	17.58
78	47	180	14.46
78	47	220	31.80
78	47	225	18.03
78	47	239	44.07
78	47	256	27.82
78	47	271	45.24
78	47	283	22.48
78	47	297	39.07
78	47	335	17.35
78	47	366	19.28
78	47	369	18.92
78	47	370	63.28
78	47	371	18.89
78	47	389	16.32
78	47	453	49.90
78	47	480	44.42
78	47	486	16.11
78	47	521	25.75
78	47	522	47.48
78	47	550	22.39
78	47	560	29.04
78	47	561	30.49
78	47	562	23.17
78	47	571	19.72
78	47	606	19.14
78	47	643	63.48
78	48	7	10.69
78	48	16	15.59
78	48	18	18.59
78	48	39	15.31
78	48	40	14.00
78	48	47	32.54
78	48	58	11.37
78	48	65	12.68
78	48	73	31.01
78	48	82	33.24
78	48	87	44.63
78	48	88	44.49
78	48	105	39.79
78	48	130	28.62
78	48	155	14.27
78	48	161	13.85
78	48	177	25.79
78	48	213	45.85
78	48	259	14.93
78	48	284	15.10
78	48	292	14.77
78	48	343	14.75
78	48	354	41.18
78	48	357	15.17
78	48	380	33.08
78	48	431	13.56
78	48	491	44.63
78	48	496	27.87
78	48	498	15.62
78	48	502	47.79
78	48	516	16.77
78	48	529	48.01
78	48	530	47.46
78	48	547	45.04
78	48	558	12.10
78	48	569	12.27
78	48	579	40.27
78	48	602	16.70
78	48	605	50.83
78	48	641	37.31
78	48	663	14.85
78	48	696	49.14
78	49	3	42.39
78	49	14	49.06
78	49	68	16.15
78	49	70	31.99
78	49	81	12.58
78	49	95	15.52
78	49	97	42.93
78	49	109	17.99
78	49	112	20.04
78	49	153	16.04
78	49	180	16.56
78	49	197	26.44
78	49	200	37.75
78	49	206	37.42
78	49	211	16.76
78	49	215	15.20
78	49	216	52.11
78	49	218	45.00
78	49	220	32.90
78	49	230	15.58
78	49	236	40.51
78	49	254	49.23
78	49	256	23.94
78	49	264	18.76
78	49	271	48.42
78	49	280	12.73
78	49	283	22.38
78	49	296	40.30
78	49	314	39.23
78	49	339	22.52
78	49	348	17.55
78	49	351	59.07
78	49	366	17.59
78	49	369	14.97
78	49	373	23.75
78	49	375	40.45
78	49	376	16.42
78	49	384	16.65
78	49	389	20.23
78	49	398	41.42
78	49	403	27.99
78	49	419	35.58
78	49	429	17.54
78	49	453	44.38
78	49	455	38.15
78	49	459	44.93
78	49	504	44.32
78	49	521	20.69
78	49	522	49.55
78	49	526	19.75
78	49	532	12.93
78	49	536	30.86
78	49	551	19.54
78	49	555	17.14
78	49	556	18.49
78	49	561	33.11
78	49	562	21.21
78	49	572	18.14
78	49	595	46.59
78	49	596	18.00
78	49	618	25.73
78	49	649	18.00
78	49	694	16.93
78	50	10	66.15
78	50	12	53.38
78	50	32	61.96
78	50	34	28.82
78	50	38	36.55
78	50	53	56.39
78	50	101	33.56
78	50	145	53.31
78	50	156	24.08
78	50	170	54.97
78	50	252	41.69
78	50	310	48.93
78	50	316	43.86
78	50	408	56.08
78	50	422	26.73
78	50	554	41.82
78	50	575	30.14
78	50	669	43.37
78	51	9	28.99
78	51	13	44.42
78	51	122	64.24
78	51	132	53.07
78	51	174	23.11
78	51	217	39.37
78	51	248	41.15
78	51	274	55.08
78	51	312	32.01
78	51	318	52.41
78	51	331	63.31
78	51	364	62.01
78	51	423	26.13
78	51	424	22.10
78	51	433	70.04
78	51	440	58.76
78	51	448	35.94
78	51	470	56.17
78	51	666	22.00
78	51	686	62.90
78	52	7	9.94
78	52	16	14.34
78	52	18	18.30
78	52	39	14.15
78	52	40	12.52
78	52	47	31.38
78	52	58	10.54
78	52	65	11.52
78	52	73	28.92
78	52	75	49.79
78	52	82	32.25
78	52	87	43.38
78	52	88	42.15
78	52	105	39.76
78	52	130	22.35
78	52	155	13.32
78	52	161	12.68
78	52	177	24.45
78	52	213	42.34
78	52	259	13.77
78	52	284	13.94
78	52	292	13.20
78	52	343	12.72
78	52	354	39.17
78	52	357	13.94
78	52	380	32.41
78	52	431	12.63
78	52	491	42.38
78	52	496	35.80
78	52	498	14.08
78	52	502	46.24
78	52	516	15.15
78	52	529	46.51
78	52	530	46.18
78	52	547	43.54
78	52	558	11.13
78	52	569	11.51
78	52	579	38.48
78	52	602	15.11
78	52	603	35.85
78	52	605	49.32
78	52	632	41.56
78	52	641	36.28
78	52	663	13.62
78	52	696	47.54
