Task=52 Orders=32 Vehicles=529 Scores=2253
52	1	1	31.15
52	1	8	18.62
52	1	15	19.08
52	1	18	37.24
52	1	22	19.35
52	1	31	33.56
52	1	44	50.72
52	1	46	23.08
52	1	72	39.99
52	1	96	52.01
52	1	114	22.96
52	1	157	19.58
52	1	198	44.79
52	1	200	61.13
52	1	213	35.46
52	1	219	43.79
52	1	220	38.54
52	1	242	22.00
52	1	243	44.37
52	1	269	25.04
52	1	296	56.20
52	1	323	43.30
52	1	327	59.28
52	1	385	30.28
52	1	462	20.15
52	1,10	1	48.01
52	1,10	15	38.77
52	1,10	22	38.52
52	1,10	31	56.90
52	1,10	72	52.72
52	1,10	157	39.87
52	1,10	213	57.41
52	1,10	219	55.86
52	1,10	220	51.85
52	1,10	296	71.34
52	1,10	462	34.85
52	2	58	48.08
52	2	66	52.17
52	2	67	53.04
52	2	78	44.51
52	2	132	54.51
52	2	163	45.39
52	2	234	54.41
52	2	262	45.69
52	2	457	56.03
52	2,8	58	61.25
52	2,8	66	66.27
52	2,8	78	51.72
52	2,8	234	69.79
52	2,8	262	61.51
52	2,24	58	62.87
52	2,24	66	60.07
52	2,24	78	55.27
52	2,24	234	70.87
52	2,24	262	55.56
52	3	4	19.58
52	3	11	19.70
52	3	29	25.20
52	3	34	19.08
52	3	42	47.07
52	3	50	29.93
52	3	62	18.92
52	3	70	16.75
52	3	97	17.66
52	3	100	43.06
52	3	106	41.80
52	3	110	18.70
52	3	115	37.55
52	3	119	43.18
52	3	121	41.90
52	3	126	40.23
52	3	127	49.62
52	3	145	41.15
52	3	151	16.39
52	3	159	36.93
52	3	167	41.89
52	3	168	33.10
52	3	175	36.11
52	3	178	24.11
52	3	181	15.31
52	3	192	17.03
52	3	197	23.59
52	3	206	35.01
52	3	210	37.49
52	3	223	34.23
52	3	251	23.32
52	3	263	20.66
52	3	265	51.90
52	3	266	22.48
52	3	290	21.49
52	3	295	21.61
52	3	310	18.54
52	3	320	18.28
52	3	329	49.79
52	3	345	29.37
52	3	347	32.65
52	3	353	38.32
52	3	360	19.15
52	3	361	18.21
52	3	365	28.06
52	3	377	57.52
52	3	381	41.66
52	3	382	15.66
52	3	384	20.65
52	3	393	21.76
52	3	399	31.70
52	3	429	13.85
52	3	432	56.35
52	3	438	26.65
52	3	451	46.94
52	3	460	56.07
52	3	478	19.25
52	3	481	33.21
52	3	487	15.42
52	3	496	31.96
52	3	517	17.18
52	3	525	16.85
52	3,20	11	40.38
52	3,20	50	49.97
52	3,20	62	38.63
52	3,20	97	37.58
52	3,20	110	38.00
52	3,20	119	62.82
52	3,20	127	65.96
52	3,20	197	44.63
52	3,20	210	59.17
52	3,20	223	56.06
52	3,20	265	75.35
52	3,20	266	40.77
52	3,20	290	41.96
52	3,20	310	40.44
52	3,20	320	38.07
52	3,20	329	70.00
52	3,20	377	81.55
52	3,20	429	32.68
52	3,20	451	67.52
52	3,20	481	53.70
52	3,20	496	53.76
52	3,20	517	36.90
52	4	5	27.25
52	4	16	42.80
52	4	29	24.77
52	4	40	15.70
52	4	52	20.90
52	4	77	27.37
52	4	81	50.56
52	4	88	18.82
52	4	95	30.87
52	4	101	36.73
52	4	103	20.45
52	4	113	20.77
52	4	116	22.38
52	4	122	51.17
52	4	130	27.92
52	4	131	58.86
52	4	144	21.15
52	4	146	32.72
52	4	156	18.07
52	4	162	22.34
52	4	170	31.65
52	4	179	23.24
52	4	203	51.10
52	4	214	17.34
52	4	216	25.06
52	4	218	47.01
52	4	226	66.76
52	4	229	60.17
52	4	233	50.18
52	4	234	52.80
52	4	235	75.23
52	4	265	46.25
52	4	267	20.86
52	4	270	53.99
52	4	274	64.68
52	4	279	24.00
52	4	280	21.10
52	4	281	19.28
52	4	282	18.77
52	4	283	40.97
52	4	285	47.39
52	4	286	58.72
52	4	287	19.07
52	4	289	55.85
52	4	330	17.54
52	4	333	28.77
52	4	349	54.89
52	4	352	21.07
52	4	355	20.68
52	4	358	20.65
52	4	362	47.70
52	4	365	33.69
52	4	367	17.48
52	4	369	52.17
52	4	373	34.89
52	4	377	52.24
52	4	387	17.87
52	4	396	19.23
52	4	400	18.04
52	4	408	31.10
52	4	413	29.45
52	4	414	25.32
52	4	420	44.08
52	4	425	18.82
52	4	431	52.08
52	4	432	62.69
52	4	436	21.34
52	4	453	15.20
52	4	457	53.93
52	4	466	58.44
52	4	469	56.90
52	4	493	66.18
52	4	512	36.11
52	4,6	81	68.93
52	4,6	285	69.82
52	4,6	289	79.96
52	4,6	362	67.18
52	4,6	431	73.20
52	4,6	512	57.10
52	4,15	5	36.35
52	4,15	16	52.00
52	4,15	40	25.79
52	4,15	52	31.10
52	4,15	77	36.80
52	4,15	81	59.79
52	4,15	88	29.04
52	4,15	95	38.32
52	4,15	101	46.21
52	4,15	103	30.80
52	4,15	113	30.92
52	4,15	116	38.63
52	4,15	144	30.48
52	4,15	146	42.83
52	4,15	156	27.80
52	4,15	162	32.69
52	4,15	170	45.94
52	4,15	179	33.30
52	4,15	203	60.49
52	4,15	214	27.27
52	4,15	216	37.08
52	4,15	234	62.00
52	4,15	265	56.54
52	4,15	267	30.34
52	4,15	281	28.35
52	4,15	282	28.13
52	4,15	283	50.32
52	4,15	285	57.70
52	4,15	287	29.55
52	4,15	289	65.37
52	4,15	330	26.59
52	4,15	333	37.93
52	4,15	352	30.55
52	4,15	355	30.13
52	4,15	358	31.18
52	4,15	362	56.54
52	4,15	365	45.08
52	4,15	367	26.59
52	4,15	373	43.48
52	4,15	377	61.76
52	4,15	387	27.72
52	4,15	396	28.79
52	4,15	400	27.55
52	4,15	408	48.56
52	4,15	413	38.68
52	4,15	414	35.52
52	4,15	425	28.32
52	4,15	431	62.28
52	4,15	453	25.51
52	4,15	469	66.25
52	4,15	512	45.13
52	5	2	17.93
52	5	6	15.32
52	5	19	16.54
52	5	24	48.21
52	5	35	16.90
52	5	36	17.38
52	5	49	58.41
52	5	61	36.77
52	5	75	38.46
52	5	76	32.97
52	5	79	33.61
52	5	94	37.85
52	5	99	18.69
52	5	133	30.85
52	5	138	29.52
52	5	169	18.65
52	5	172	39.35
52	5	208	35.38
52	5	217	37.31
52	5	221	36.37
52	5	230	19.27
52	5	232	18.90
52	5	236	47.03
52	5	238	18.72
52	5	245	18.31
52	5	258	39.10
52	5	261	36.13
52	5	277	19.62
52	5	297	21.35
52	5	328	23.42
52	5	337	37.66
52	5	340	15.86
52	5	343	20.42
52	5	344	15.07
52	5	346	18.34
52	5	378	22.75
52	5	379	20.72
52	5	389	24.04
52	5	406	19.30
52	5	410	18.99
52	5	415	34.27
52	5	422	40.94
52	5	424	17.62
52	5	426	18.72
52	5	433	18.31
52	5	434	29.39
52	5	443	31.99
52	5	444	17.72
52	5	445	45.75
52	5	448	17.68
52	5	473	19.92
52	5	482	16.48
52	5	491	16.86
52	5	492	16.76
52	5	495	18.92
52	5	499	18.18
52	5	500	19.56
52	5	501	44.46
52	5	507	18.83
52	5	511	16.90
52	5	516	17.99
52	5	518	41.49
52	5	520	18.37
52	5	529	18.06
52	5,14	2	32.06
52	5,14	6	29.83
52	5,14	19	30.10
52	5,14	24	64.92
52	5,14	35	30.54
52	5,14	36	31.94
52	5,14	61	64.11
52	5,14	75	55.79
52	5,14	76	49.59
52	5,14	79	52.18
52	5,14	94	54.11
52	5,14	99	33.21
52	5,14	133	48.54
52	5,14	138	46.82
52	5,14	169	33.54
52	5,14	172	56.54
52	5,14	208	52.66
52	5,14	217	55.03
52	5,14	221	53.65
52	5,14	230	34.32
52	5,14	232	32.99
52	5,14	238	33.25
52	5,14	245	33.37
52	5,14	277	34.42
52	5,14	297	37.25
52	5,14	328	39.70
52	5,14	337	54.08
52	5,14	340	29.93
52	5,14	343	36.94
52	5,14	344	28.58
52	5,14	346	33.86
52	5,14	378	38.08
52	5,14	379	36.13
52	5,14	389	39.69
52	5,14	410	34.66
52	5,14	415	52.44
52	5,14	422	60.04
52	5,14	424	32.18
52	5,14	426	33.28
52	5,14	434	47.90
52	5,14	443	50.52
52	5,14	444	32.28
52	5,14	445	63.04
52	5,14	448	32.24
52	5,14	473	35.44
52	5,14	482	31.04
52	5,14	491	30.63
52	5,14	492	31.32
52	5,14	495	33.48
52	5,14	499	32.75
52	5,14	500	34.13
52	5,14	507	33.39
52	5,14	511	31.46
52	5,14	516	32.55
52	5,14	518	60.03
52	5,14	520	32.93
52	6	81	55.32
52	6	122	52.58
52	6	131	61.17
52	6	204	42.35
52	6	226	71.18
52	6	229	66.68
52	6	233	52.85
52	6	235	81.23
52	6	285	57.70
52	6	286	60.85
52	6	289	48.93
52	6	305	52.54
52	6	349	57.10
52	6	362	51.90
52	6	369	56.63
52	6	431	61.66
52	6	457	55.68
52	6	466	63.04
52	6	493	72.17
52	6	512	43.23
52	7	38	45.49
52	7	45	22.32
52	7	47	20.11
52	7	48	51.35
52	7	53	18.01
52	7	57	41.03
52	7	60	48.72
52	7	84	19.82
52	7	87	43.46
52	7	96	45.23
52	7	165	39.06
52	7	201	27.44
52	7	212	42.11
52	7	220	28.01
52	7	249	35.41
52	7	272	22.90
52	7	364	41.23
52	7,13	47	31.93
52	7,13	48	63.66
52	7,13	53	30.08
52	7,13	57	53.38
52	7,13	84	31.99
52	7,13	165	50.93
52	7,13	201	38.82
52	7,13	212	54.34
52	7,13	220	39.28
52	7,13	249	46.94
52	7,13	272	35.85
52	7,13	364	50.59
52	8	53	14.79
52	8	58	36.59
52	8	60	41.38
52	8	66	40.07
52	8	67	44.38
52	8	78	34.39
52	8	132	47.01
52	8	135	29.44
52	8	149	13.48
52	8	165	34.80
52	8	176	26.65
52	8	201	24.92
52	8	234	42.59
52	8	249	33.70
52	8	262	30.66
52	8	271	33.66
52	8	298	16.70
52	8	331	17.92
52	8	401	19.99
52	8	409	21.48
52	8	419	14.85
52	8	502	17.76
52	8	503	26.07
52	8,24	58	54.55
52	8,24	66	55.38
52	8,24	78	49.80
52	8,24	149	34.35
52	8,24	176	39.55
52	8,24	234	61.85
52	8,24	262	51.75
52	8,24	298	28.11
52	8,24	331	31.20
52	8,24	419	25.79
52	8,24	502	30.83
52	8,24	503	38.87
52	9	38	41.72
52	9	47	17.49
52	9	48	42.90
52	9	57	38.35
52	9	65	34.55
52	9	69	45.83
52	9	71	17.04
52	9	73	36.01
52	9	84	17.24
52	9	86	18.76
52	9	87	39.76
52	9	96	45.96
52	9	105	38.08
52	9	112	17.03
52	9	118	44.23
52	9	123	60.85
52	9	125	41.27
52	9	129	29.37
52	9	135	32.39
52	9	160	13.17
52	9	165	32.58
52	9	173	18.90
52	9	186	49.38
52	9	195	30.31
52	9	201	27.75
52	9	205	17.55
52	9	212	38.10
52	9	220	21.63
52	9	224	45.06
52	9	244	30.68
52	9	249	29.54
52	9	254	38.46
52	9	264	36.63
52	9	272	19.28
52	9	296	45.58
52	9	314	18.14
52	9	317	30.70
52	9	356	22.73
52	9	364	40.14
52	9	368	41.27
52	9	390	30.13
52	9	394	46.25
52	9	395	23.13
52	9	409	23.41
52	9	439	18.38
52	9	442	15.30
52	9	449	16.75
52	9	452	51.20
52	9	489	20.83
52	9	508	17.61
52	9	521	19.35
52	9,13	47	30.54
52	9,13	48	57.54
52	9,13	57	51.54
52	9,13	65	51.85
52	9,13	84	30.52
52	9,13	105	52.42
52	9,13	165	46.76
52	9,13	201	40.99
52	9,13	212	51.24
52	9,13	220	34.80
52	9,13	249	43.24
52	9,13	272	34.14
52	9,13	296	61.56
52	9,13	364	52.41
52	9,13	390	44.41
52	10	1	36.49
52	10	15	21.77
52	10	22	21.54
52	10	31	37.72
52	10	44	48.31
52	10	48	49.41
52	10	57	40.63
52	10	63	44.97
52	10	65	44.55
52	10	72	37.20
52	10	96	50.63
52	10	105	41.79
52	10	123	67.25
52	10	157	22.35
52	10	186	53.63
52	10	200	64.72
52	10	212	38.18
52	10	213	39.38
52	10	219	41.70
52	10	220	33.15
52	10	227	36.94
52	10	243	39.01
52	10	296	51.18
52	10	390	34.56
52	10	462	18.86
52	11	12	50.66
52	11	20	41.69
52	11	30	13.54
52	11	43	12.38
52	11	51	38.77
52	11	68	18.46
52	11	91	16.58
52	11	92	23.15
52	11	98	14.24
52	11	107	16.10
52	11	109	51.18
52	11	134	21.18
52	11	153	15.79
52	11	164	27.75
52	11	182	16.38
52	11	188	21.01
52	11	190	29.15
52	11	202	16.83
52	11	209	53.45
52	11	228	43.32
52	11	231	20.87
52	11	241	13.42
52	11	257	15.14
52	11	259	37.28
52	11	278	13.72
52	11	299	44.31
52	11	300	20.18
52	11	302	14.00
52	11	307	45.75
52	11	308	18.89
52	11	336	32.77
52	11	350	14.49
52	11	371	16.11
52	11	374	27.01
52	11	376	17.99
52	11	383	26.68
52	11	391	21.59
52	11	392	22.34
52	11	397	23.80
52	11	404	14.10
52	11	405	16.25
52	11	416	45.86
52	11	418	34.45
52	11	428	16.86
52	11	430	12.82
52	11	435	16.14
52	11	455	39.30
52	11	456	12.92
52	11	479	19.20
52	11	506	42.44
52	11	519	34.72
52	11,12	30	31.21
52	11,12	43	33.27
52	11,12	68	36.80
52	11,12	91	25.96
52	11,12	98	24.15
52	11,12	107	28.93
52	11,12	134	40.54
52	11,12	153	25.18
52	11,12	164	45.46
52	11,12	182	25.96
52	11,12	188	40.54
52	11,12	190	46.54
52	11,12	231	40.34
52	11,12	241	32.97
52	11,12	259	44.94
52	11,12	300	41.37
52	11,12	302	32.21
52	11,12	308	29.21
52	11,12	336	52.99
52	11,12	371	36.70
52	11,12	374	47.99
52	11,12	383	43.96
52	11,12	391	42.79
52	11,12	392	41.56
52	11,12	397	42.34
52	11,12	404	27.31
52	11,12	405	35.35
52	11,12	416	58.94
52	11,12	428	27.75
52	11,12	430	32.37
52	11,12	435	26.30
52	11,12	455	49.20
52	11,12	456	32.46
52	11,12	479	41.17
52	11,12	506	54.04
52	11,12	519	57.04
52	11,18	30	27.07
52	11,18	43	28.35
52	11,18	68	32.52
52	11,18	91	30.54
52	11,18	92	38.15
52	11,18	98	28.46
52	11,18	107	33.97
52	11,18	134	35.90
52	11,18	153	30.13
52	11,18	164	41.45
52	11,18	182	30.97
52	11,18	188	36.21
52	11,18	190	40.61
52	11,18	202	32.69
52	11,18	231	36.04
52	11,18	241	28.39
52	11,18	257	32.55
52	11,18	259	49.48
52	11,18	278	29.24
52	11,18	300	36.37
52	11,18	302	27.93
52	11,18	308	34.89
52	11,18	336	48.30
52	11,18	350	31.14
52	11,18	371	31.69
52	11,18	374	43.03
52	11,18	383	39.93
52	11,18	391	37.76
52	11,18	392	36.97
52	11,18	397	38.06
52	11,18	404	29.72
52	11,18	405	30.69
52	11,18	428	34.15
52	11,18	430	27.79
52	11,18	455	54.41
52	11,18	456	27.89
52	11,18	479	35.89
52	11,18	506	56.89
52	11,18	519	58.99
52	11,19	30	25.48
52	11,19	43	26.30
52	11,19	68	30.86
52	11,19	91	28.93
52	11,19	92	36.39
52	11,19	98	26.83
52	11,19	107	31.25
52	11,19	134	34.01
52	11,19	153	28.38
52	11,19	164	39.96
52	11,19	182	29.20
52	11,19	188	34.52
52	11,19	190	43.24
52	11,19	202	30.62
52	11,19	231	34.35
52	11,19	241	26.52
52	11,19	259	44.44
52	11,19	278	27.24
52	11,19	300	34.23
52	11,19	302	26.27
52	11,19	308	32.86
52	11,19	336	46.37
52	11,19	350	28.85
52	11,19	371	29.56
52	11,19	374	40.93
52	11,19	376	32.73
52	11,19	383	38.42
52	11,19	391	35.62
52	11,19	392	35.10
52	11,19	397	36.38
52	11,19	404	27.62
52	11,19	405	28.80
52	11,19	416	60.93
52	11,19	428	31.85
52	11,19	430	25.92
52	11,19	435	30.49
52	11,19	455	52.54
52	11,19	456	26.01
52	11,19	479	33.58
52	11,19	506	55.17
52	11,19	519	53.35
52	12	3	19.68
52	12	9	33.54
52	12	12	50.61
52	12	20	45.51
52	12	30	19.31
52	12	43	21.30
52	12	51	39.87
52	12	68	26.56
52	12	91	15.96
52	12	98	13.96
52	12	107	18.00
52	12	109	51.01
52	12	134	29.27
52	12	153	15.20
52	12	155	44.06
52	12	164	32.72
52	12	182	15.79
52	12	187	34.21
52	12	188	25.63
52	12	190	35.86
52	12	209	57.35
52	12	228	51.11
52	12	231	27.68
52	12	241	21.30
52	12	248	39.82
52	12	259	36.62
52	12	299	45.56
52	12	300	27.61
52	12	302	18.70
52	12	307	45.56
52	12	308	18.31
52	12	315	24.59
52	12	336	40.14
52	12	371	25.01
52	12	372	21.06
52	12	374	34.44
52	12	383	32.10
52	12	391	30.45
52	12	392	27.25
52	12	397	28.97
52	12	404	16.94
52	12	405	24.59
52	12	412	20.27
52	12	416	47.27
52	12	418	41.58
52	12	428	16.31
52	12	430	20.76
52	12	435	15.48
52	12	455	38.72
52	12	456	18.14
52	12	479	29.07
52	12	506	43.70
52	12	519	33.44
52	12,19	30	28.23
52	12,19	43	31.62
52	12,19	68	35.41
52	12,19	91	25.27
52	12,19	98	23.45
52	12,19	107	28.86
52	12,19	134	38.83
52	12,19	153	24.58
52	12,19	164	46.17
52	12,19	182	25.34
52	12,19	188	36.11
52	12,19	190	49.94
52	12,19	231	38.15
52	12,19	241	31.06
52	12,19	259	44.66
52	12,19	300	38.11
52	12,19	302	27.85
52	12,19	308	28.73
52	12,19	315	36.48
52	12,19	336	50.45
52	12,19	371	34.93
52	12,19	374	44.83
52	12,19	383	41.03
52	12,19	391	40.92
52	12,19	392	36.79
52	12,19	397	38.56
52	12,19	404	26.85
52	12,19	405	33.83
52	12,19	416	58.59
52	12,19	428	27.42
52	12,19	430	30.52
52	12,19	435	25.97
52	12,19	455	48.69
52	12,19	456	27.90
52	12,19	479	39.70
52	12,19	506	53.39
52	12,19	519	52.37
52	12,25	3	34.04
52	12,25	43	35.42
52	12,25	68	39.04
52	12,25	98	25.55
52	12,25	107	33.61
52	12,25	134	42.27
52	12,25	153	26.82
52	12,25	164	44.96
52	12,25	182	28.73
52	12,25	188	39.24
52	12,25	190	46.28
52	12,25	231	41.25
52	12,25	241	34.56
52	12,25	259	47.56
52	12,25	300	41.90
52	12,25	302	31.06
52	12,25	315	41.21
52	12,25	336	53.90
52	12,25	371	38.70
52	12,25	374	48.58
52	12,25	383	43.87
52	12,25	391	44.73
52	12,25	392	40.18
52	12,25	397	41.65
52	12,25	404	30.70
52	12,25	405	37.30
52	12,25	412	34.92
52	12,25	416	62.63
52	12,25	428	31.62
52	12,25	430	34.03
52	12,25	455	52.13
52	12,25	456	31.41
52	12,25	479	43.76
52	12,25	519	55.06
52	13	1	33.31
52	13	31	39.68
52	13	38	46.03
52	13	47	20.55
52	13	48	47.37
52	13	53	20.76
52	13	57	41.39
52	13	65	35.45
52	13	72	34.86
52	13	84	20.27
52	13	87	43.97
52	13	96	48.59
52	13	105	42.30
52	13	123	65.10
52	13	165	36.94
52	13	186	53.07
52	13	201	30.80
52	13	212	41.20
52	13	219	30.93
52	13	220	26.59
52	13	249	33.59
52	13	264	40.90
52	13	272	23.55
52	13	296	50.56
52	13	364	42.58
52	13	368	45.59
52	13	390	34.32
52	13	462	21.11
52	14	2	20.35
52	14	6	16.46
52	14	19	17.44
52	14	24	52.77
52	14	35	19.73
52	14	36	18.07
52	14	49	62.92
52	14	61	45.99
52	14	75	41.01
52	14	76	36.04
52	14	79	38.54
52	14	82	41.52
52	14	90	58.83
52	14	94	40.92
52	14	99	19.63
52	14	133	37.20
52	14	138	35.70
52	14	141	22.34
52	14	150	46.44
52	14	154	26.86
52	14	161	49.38
52	14	169	18.61
52	14	172	44.82
52	14	199	35.49
52	14	208	36.69
52	14	217	40.69
52	14	221	41.68
52	14	225	18.55
52	14	230	19.96
52	14	232	22.25
52	14	236	49.63
52	14	238	19.65
52	14	245	19.13
52	14	256	47.17
52	14	258	41.14
52	14	277	20.45
52	14	297	22.27
52	14	304	22.48
52	14	322	23.34
52	14	328	24.00
52	14	337	40.68
52	14	340	16.59
52	14	343	23.39
52	14	344	15.70
52	14	346	20.52
52	14	378	23.38
52	14	379	21.70
52	14	389	25.79
52	14	398	26.65
52	14	410	19.65
52	14	415	36.94
52	14	422	44.13
52	14	424	18.18
52	14	426	19.20
52	14	434	35.39
52	14	440	30.93
52	14	443	32.99
52	14	444	17.96
52	14	445	51.97
52	14	448	18.25
52	14	463	50.15
52	14	473	20.21
52	14	482	22.54
52	14	485	34.80
52	14	486	22.68
52	14	491	17.86
52	14	492	18.69
52	14	494	21.34
52	14	495	19.56
52	14	497	21.01
52	14	499	18.54
52	14	500	20.61
52	14	501	45.54
52	14	507	19.63
52	14	510	21.87
52	14	511	23.06
52	14	516	18.65
52	14	518	44.13
52	14	520	19.11
52	14	522	32.07
52	14,28	2	35.46
52	14,28	6	32.34
52	14,28	19	32.10
52	14,28	24	67.28
52	14,28	36	34.44
52	14,28	75	56.27
52	14,28	79	54.11
52	14,28	82	53.80
52	14,28	99	35.58
52	14,28	141	38.25
52	14,28	150	62.15
52	14,28	154	45.63
52	14,28	169	35.59
52	14,28	217	56.41
52	14,28	225	33.61
52	14,28	230	36.49
52	14,28	238	35.28
52	14,28	245	35.49
52	14,28	256	56.37
52	14,28	277	36.68
52	14,28	297	40.08
52	14,28	304	39.06
52	14,28	322	41.24
52	14,28	328	43.20
52	14,28	340	31.73
52	14,28	344	30.21
52	14,28	378	41.54
52	14,28	379	38.85
52	14,28	398	45.00
52	14,28	410	36.87
52	14,28	415	53.14
52	14,28	422	61.32
52	14,28	424	34.34
52	14,28	426	35.35
52	14,28	440	51.10
52	14,28	443	49.55
52	14,28	444	34.11
52	14,28	445	67.13
52	14,28	448	34.41
52	14,28	473	38.11
52	14,28	485	53.97
52	14,28	486	38.83
52	14,28	491	32.62
52	14,28	492	34.85
52	14,28	494	39.24
52	14,28	495	35.72
52	14,28	497	38.92
52	14,28	499	34.69
52	14,28	500	36.76
52	14,28	507	35.79
52	14,28	510	38.03
52	14,28	516	34.80
52	14,28	518	60.69
52	14,28	520	35.27
52	14,28	522	50.49
52	15	5	21.14
52	15	16	36.52
52	15	26	45.80
52	15	40	9.82
52	15	52	14.87
52	15	67	44.75
52	15	77	22.80
52	15	81	46.94
52	15	88	14.41
52	15	95	22.20
52	15	101	32.86
52	15	103	14.42
52	15	113	14.49
52	15	116	20.28
52	15	122	46.08
52	15	131	52.72
52	15	144	13.63
52	15	146	26.68
52	15	156	12.39
52	15	162	17.75
52	15	170	31.72
52	15	179	16.93
52	15	196	39.55
52	15	203	45.65
52	15	214	13.46
52	15	216	19.79
52	15	218	47.90
52	15	226	61.59
52	15	229	57.13
52	15	233	45.17
52	15	234	47.70
52	15	235	70.76
52	15	265	41.54
52	15	267	14.49
52	15	270	48.48
52	15	274	58.30
52	15	281	14.21
52	15	282	13.23
52	15	283	37.34
52	15	285	42.83
52	15	286	54.77
52	15	287	13.37
52	15	289	49.65
52	15	305	44.58
52	15	326	14.28
52	15	330	11.45
52	15	333	23.17
52	15	349	49.75
52	15	352	16.30
52	15	355	14.24
52	15	358	14.35
52	15	362	42.94
52	15	365	28.49
52	15	367	11.83
52	15	369	47.21
52	15	373	33.97
52	15	377	46.27
52	15	387	12.48
52	15	396	12.56
52	15	400	12.80
52	15	408	28.61
52	15	413	23.70
52	15	414	17.10
52	15	420	38.55
52	15	425	13.58
52	15	431	47.90
52	15	432	58.72
52	15	453	10.08
52	15	457	49.61
52	15	466	53.20
52	15	469	52.58
52	15	493	61.99
52	15	512	30.87
52	16	7	39.44
52	16	25	18.20
52	16	27	25.63
52	16	37	60.46
52	16	41	36.59
52	16	83	17.38
52	16	89	20.01
52	16	117	45.23
52	16	118	45.66
52	16	120	23.63
52	16	125	40.80
52	16	137	27.32
52	16	139	32.37
52	16	148	40.03
52	16	152	19.58
52	16	189	51.13
52	16	215	34.24
52	16	222	54.97
52	16	224	52.25
52	16	239	21.01
52	16	246	30.03
52	16	264	38.80
52	16	268	22.06
52	16	276	29.25
52	16	284	19.92
52	16	293	34.17
52	16	301	49.56
52	16	306	30.65
52	16	309	47.28
52	16	311	18.94
52	16	312	35.35
52	16	316	39.20
52	16	318	47.31
52	16	339	18.34
52	16	341	34.28
52	16	370	24.07
52	16	394	40.66
52	16	441	21.20
52	16	450	41.89
52	16	465	32.39
52	16	467	48.62
52	16	474	54.68
52	16	475	18.48
52	16	513	47.46
52	16,32	25	34.99
52	16,32	27	39.93
52	16,32	117	62.83
52	16,32	120	43.80
52	16,32	137	44.11
52	16,32	139	48.65
52	16,32	239	37.49
52	16,32	246	45.94
52	16,32	276	47.01
52	16,32	284	37.34
52	16,32	293	51.63
52	16,32	301	67.23
52	16,32	311	34.86
52	16,32	312	52.73
52	16,32	341	50.62
52	16,32	370	42.99
52	16,32	441	38.79
52	16,32	450	58.87
52	16,32	474	72.49
52	17	36	22.76
52	17	39	40.82
52	17	75	41.85
52	17	79	37.97
52	17	80	41.94
52	17	82	38.14
52	17	142	34.54
52	17	161	43.11
52	17	177	50.01
52	17	180	17.85
52	17	199	38.63
52	17	208	35.66
52	17	217	41.66
52	17	230	20.77
52	17	238	18.94
52	17	247	52.66
52	17	250	32.62
52	17	256	42.92
52	17	273	19.44
52	17	275	27.76
52	17	291	43.20
52	17	294	44.86
52	17	297	23.39
52	17	304	21.06
52	17	335	20.32
52	17	337	35.04
52	17	340	19.70
52	17	344	18.72
52	17	379	23.14
52	17	411	21.55
52	17	422	35.93
52	17	445	47.73
52	17	464	21.96
52	17	491	18.07
52	17,21	39	49.46
52	17,21	75	50.28
52	17,21	79	46.58
52	17,21	80	55.41
52	17,21	82	46.90
52	17,21	142	42.72
52	17,21	161	52.01
52	17,21	180	26.80
52	17,21	199	47.03
52	17,21	230	30.25
52	17,21	238	28.18
52	17,21	247	63.51
52	17,21	250	41.45
52	17,21	256	56.39
52	17,21	275	36.54
52	17,21	291	56.72
52	17,21	304	30.34
52	17,21	335	29.15
52	17,21	344	27.01
52	17,21	422	45.07
52	17,21	464	30.80
52	17,21	491	26.66
52	18	12	52.25
52	18	20	44.44
52	18	30	13.56
52	18	43	13.76
52	18	68	21.23
52	18	91	18.96
52	18	92	23.72
52	18	98	17.30
52	18	107	21.23
52	18	109	52.58
52	18	134	22.44
52	18	153	18.72
52	18	164	29.52
52	18	182	19.72
52	18	188	23.27
52	18	190	32.56
52	18	202	19.52
52	18	209	55.46
52	18	228	43.41
52	18	231	21.08
52	18	241	13.35
52	18	257	17.39
52	18	259	31.76
52	18	278	15.86
52	18	299	45.65
52	18	300	22.97
52	18	302	16.10
52	18	307	47.11
52	18	308	22.32
52	18	336	33.30
52	18	350	17.27
52	18	371	17.07
52	18	374	27.86
52	18	383	26.82
52	18	391	25.25
52	18	392	24.96
52	18	397	25.83
52	18	404	18.04
52	18	405	17.82
52	18	418	34.45
52	18	428	21.23
52	18	430	12.62
52	18	455	42.44
52	18	456	16.21
52	18	479	21.24
52	18	506	45.63
52	18	519	34.72
52	18,19	30	22.66
52	18,19	43	24.24
52	18,19	68	30.69
52	18,19	91	28.42
52	18,19	92	34.00
52	18,19	98	26.97
52	18,19	107	32.20
52	18,19	134	32.17
52	18,19	153	28.27
52	18,19	164	39.10
52	18,19	182	29.42
52	18,19	188	33.90
52	18,19	190	39.11
52	18,19	202	29.87
52	18,19	231	31.72
52	18,19	241	23.30
52	18,19	259	48.04
52	18,19	278	26.03
52	18,19	300	33.66
52	18,19	302	25.41
52	18,19	308	32.92
52	18,19	336	43.76
52	18,19	350	27.93
52	18,19	371	27.14
52	18,19	374	38.41
52	18,19	383	35.92
52	18,19	391	35.89
52	18,19	392	34.66
52	18,19	397	35.59
52	18,19	404	28.11
52	18,19	405	27.25
52	18,19	428	32.49
52	18,19	430	22.56
52	18,19	455	52.58
52	18,19	456	26.15
52	18,19	479	32.04
52	18,19	506	55.49
52	18,19	519	53.39
52	18,26	30	21.56
52	18,26	43	22.93
52	18,26	68	29.86
52	18,26	91	27.31
52	18,26	92	32.85
52	18,26	98	25.86
52	18,26	107	30.58
52	18,26	134	30.92
52	18,26	153	27.08
52	18,26	164	38.04
52	18,26	182	28.25
52	18,26	188	32.76
52	18,26	190	37.85
52	18,26	202	28.56
52	18,26	231	30.58
52	18,26	241	22.06
52	18,26	257	26.86
52	18,26	259	47.63
52	18,26	278	24.75
52	18,26	300	32.30
52	18,26	302	24.28
52	18,26	308	31.62
52	18,26	336	42.51
52	18,26	350	26.51
52	18,26	371	25.79
52	18,26	374	37.10
52	18,26	383	34.86
52	18,26	391	34.52
52	18,26	392	33.44
52	18,26	397	34.46
52	18,26	404	26.77
52	18,26	405	25.96
52	18,26	428	31.06
52	18,26	430	21.32
52	18,26	455	51.37
52	18,26	456	24.92
52	18,26	479	30.61
52	18,26	506	54.34
52	18,26	519	51.59
52	19	12	52.89
52	19	20	42.96
52	19	30	15.56
52	19	43	14.58
52	19	51	40.37
52	19	68	20.11
52	19	91	18.21
52	19	92	25.76
52	19	98	15.45
52	19	107	18.61
52	19	109	53.18
52	19	134	23.15
52	19	153	17.52
52	19	164	28.01
52	19	182	18.20
52	19	188	21.55
52	19	190	32.63
52	19	202	17.80
52	19	209	54.11
52	19	228	45.52
52	19	231	23.17
52	19	241	15.59
52	19	259	29.37
52	19	278	14.01
52	19	288	24.66
52	19	299	46.89
52	19	300	20.93
52	19	302	14.27
52	19	307	47.72
52	19	308	20.94
52	19	315	24.03
52	19	336	35.48
52	19	350	14.97
52	19	371	19.37
52	19	374	30.08
52	19	376	19.79
52	19	383	28.75
52	19	391	24.23
52	19	392	23.41
52	19	397	24.01
52	19	404	15.68
52	19	405	18.39
52	19	416	48.17
52	19	418	36.21
52	19	428	19.04
52	19	430	14.87
52	19	435	18.28
52	19	455	41.20
52	19	456	14.06
52	19	479	22.41
52	19	506	44.20
52	19	519	32.17
52	19,26	30	26.97
52	19,26	43	28.14
52	19,26	68	33.03
52	19,26	91	31.07
52	19,26	92	38.63
52	19,26	98	28.42
52	19,26	107	34.49
52	19,26	134	35.76
52	19,26	153	30.52
52	19,26	164	43.46
52	19,26	182	31.48
52	19,26	188	36.32
52	19,26	190	44.66
52	19,26	202	32.99
52	19,26	231	35.96
52	19,26	241	28.15
52	19,26	259	45.24
52	19,26	278	28.87
52	19,26	300	36.51
52	19,26	302	27.66
52	19,26	308	35.92
52	19,26	336	48.77
52	19,26	350	30.85
52	19,26	371	31.76
52	19,26	374	43.69
52	19,26	376	36.11
52	19,26	383	40.06
52	19,26	391	37.69
52	19,26	392	37.55
52	19,26	397	37.83
52	19,26	404	29.72
52	19,26	405	29.62
52	19,26	416	67.93
52	19,26	428	34.63
52	19,26	430	27.51
52	19,26	435	33.21
52	19,26	455	58.35
52	19,26	456	27.61
52	19,26	479	35.85
52	19,26	506	60.58
52	19,26	519	50.76
52	20	11	21.96
52	20	42	49.03
52	20	50	31.92
52	20	62	21.01
52	20	97	20.04
52	20	110	20.66
52	20	119	46.52
52	20	127	48.65
52	20	197	25.55
52	20	210	40.10
52	20	223	35.93
52	20	265	53.89
52	20	266	24.79
52	20	290	23.45
52	20	310	21.44
52	20	320	20.49
52	20	329	51.24
52	20	377	59.54
52	20	429	16.59
52	20	432	58.86
52	20	451	48.49
52	20	460	57.79
52	20	481	35.13
52	20	496	33.66
52	20	517	19.62
52	20,23	11	30.69
52	20,23	62	29.66
52	20,23	97	28.58
52	20,23	110	28.93
52	20,23	119	54.37
52	20,23	127	56.30
52	20,23	210	48.63
52	20,23	223	44.72
52	20,23	266	33.49
52	20,23	290	32.70
52	20,23	310	30.28
52	20,23	320	28.83
52	20,23	329	59.59
52	20,23	429	24.87
52	20,23	451	56.97
52	20,23	481	43.58
52	20,23	496	42.44
52	20,23	517	28.27
52	21	39	36.99
52	21	55	18.41
52	21	56	32.15
52	21	64	17.20
52	21	75	38.34
52	21	79	36.07
52	21	80	37.66
52	21	82	35.85
52	21	104	18.00
52	21	111	39.08
52	21	136	13.76
52	21	141	12.69
52	21	142	30.90
52	21	150	43.46
52	21	161	40.66
52	21	177	48.85
52	21	180	13.18
52	21	183	13.20
52	21	199	34.49
52	21	225	14.73
52	21	230	17.11
52	21	238	15.87
52	21	245	17.06
52	21	247	46.75
52	21	250	29.13
52	21	256	43.56
52	21	275	22.70
52	21	277	16.51
52	21	291	39.14
52	21	294	46.18
52	21	304	17.13
52	21	313	16.72
52	21	324	35.13
52	21	332	25.00
52	21	335	15.69
52	21	342	41.55
52	21	344	15.59
52	21	402	50.61
52	21	403	17.58
52	21	410	18.08
52	21	415	34.61
52	21	422	30.85
52	21	424	17.34
52	21	426	16.14
52	21	427	14.06
52	21	443	29.82
52	21	444	16.45
52	21	447	44.72
52	21	463	39.25
52	21	464	17.35
52	21	477	15.86
52	21	483	15.90
52	21	491	15.18
52	21	492	15.10
52	21	495	16.69
52	21	499	16.04
52	21	501	43.17
52	21	507	15.20
52	21	509	14.65
52	21	510	17.10
52	21	514	20.75
52	21	516	17.03
52	21	518	41.07
52	21	520	17.25
52	21	523	16.68
52	21	524	29.41
52	21	528	45.70
52	22	10	24.61
52	22	25	22.54
52	22	27	37.46
52	22	74	41.56
52	22	93	50.62
52	22	117	46.69
52	22	120	22.35
52	22	139	34.06
52	22	147	56.34
52	22	184	29.27
52	22	185	23.13
52	22	239	21.15
52	22	246	32.46
52	22	255	21.45
52	22	276	32.06
52	22	293	41.34
52	22	301	55.32
52	22	309	52.65
52	22	311	17.11
52	22	312	42.44
52	22	325	39.07
52	22	334	23.86
52	22	341	36.14
52	22	354	23.80
52	22	380	19.46
52	22	441	19.62
52	22	450	38.69
52	22	474	61.79
52	22	475	22.44
52	22,29	25	37.03
52	22,29	27	53.28
52	22,29	93	67.85
52	22,29	117	62.00
52	22,29	120	40.23
52	22,29	139	48.04
52	22,29	185	38.69
52	22,29	246	41.48
52	22,29	293	60.32
52	22,29	301	63.42
52	22,29	311	30.75
52	22,29	441	34.92
52	22,29	450	53.39
52	22,29	475	37.85
52	23	4	18.97
52	23	11	19.13
52	23	29	25.37
52	23	33	37.82
52	23	34	18.27
52	23	42	43.08
52	23	62	18.25
52	23	70	14.48
52	23	97	18.73
52	23	100	43.04
52	23	106	37.77
52	23	108	21.77
52	23	110	18.01
52	23	115	35.61
52	23	119	43.72
52	23	121	38.54
52	23	126	41.39
52	23	127	45.55
52	23	145	40.45
52	23	151	17.89
52	23	159	36.08
52	23	167	42.59
52	23	168	33.46
52	23	175	35.10
52	23	178	22.54
52	23	181	17.15
52	23	192	18.41
52	23	206	36.35
52	23	210	38.32
52	23	223	33.35
52	23	251	23.44
52	23	263	23.72
52	23	266	21.76
52	23	290	20.75
52	23	310	17.39
52	23	320	17.63
52	23	329	50.27
52	23	345	29.59
52	23	347	31.92
52	23	353	36.58
52	23	360	18.46
52	23	361	19.46
52	23	381	40.49
52	23	382	17.04
52	23	384	21.62
52	23	393	21.31
52	23	399	30.90
52	23	429	14.94
52	23	438	27.56
52	23	451	45.14
52	23	460	55.20
52	23	478	21.45
52	23	481	32.46
52	23	487	16.34
52	23	496	30.66
52	23	517	16.54
52	23	525	18.76
52	24	16	39.25
52	24	26	43.96
52	24	58	40.79
52	24	66	40.72
52	24	67	47.10
52	24	78	36.21
52	24	128	34.46
52	24	131	60.62
52	24	132	48.82
52	24	149	17.89
52	24	158	34.39
52	24	163	49.73
52	24	171	43.55
52	24	176	27.10
52	24	203	55.27
52	24	211	20.28
52	24	234	46.66
52	24	262	35.96
52	24	267	20.97
52	24	271	34.24
52	24	274	69.93
52	24	281	18.73
52	24	295	21.76
52	24	298	17.17
52	24	331	18.27
52	24	362	45.31
52	24	365	34.51
52	24	377	49.58
52	24	413	33.94
52	24	414	24.54
52	24	419	14.54
52	24	432	61.89
52	24	457	51.00
52	24	458	19.44
52	24	502	19.58
52	24	503	26.46
52	25	3	19.32
52	25	12	54.90
52	25	20	41.96
52	25	21	17.30
52	25	43	17.83
52	25	51	40.79
52	25	68	22.04
52	25	98	17.45
52	25	107	22.01
52	25	109	55.00
52	25	134	26.13
52	25	153	19.68
52	25	164	27.20
52	25	182	20.35
52	25	188	20.07
52	25	190	27.35
52	25	202	16.30
52	25	209	52.62
52	25	228	48.31
52	25	231	25.79
52	25	241	18.51
52	25	259	34.97
52	25	278	17.04
52	25	288	23.42
52	25	299	46.25
52	25	300	21.18
52	25	302	12.66
52	25	307	49.52
52	25	315	24.90
52	25	336	38.23
52	25	350	17.51
52	25	371	22.90
52	25	374	33.15
52	25	376	18.37
52	25	383	31.10
52	25	391	28.07
52	25	392	21.72
52	25	397	22.82
52	25	404	18.25
52	25	405	21.52
52	25	412	19.99
52	25	416	49.96
52	25	418	38.76
52	25	428	21.97
52	25	430	17.79
52	25	454	19.07
52	25	455	43.42
52	25	456	15.13
52	25	479	26.37
52	25	519	41.11
52	25,27	3	28.06
52	25,27	21	28.75
52	25,27	68	37.80
52	25,27	98	28.46
52	25,27	134	41.15
52	25,27	188	34.68
52	25,27	202	32.77
52	25,27	259	48.77
52	25,27	288	36.45
52	25,27	300	38.18
52	25,27	302	26.97
52	25,27	315	35.24
52	25,27	374	48.79
52	25,27	376	33.55
52	25,27	383	43.92
52	25,27	392	35.61
52	25,27	404	30.59
52	25,27	405	36.18
52	25,27	412	28.63
52	25,27	428	35.14
52	25,27	454	32.31
52	25,27	455	54.41
52	25,27	456	29.46
52	25,27	519	49.80
52	26	12	52.63
52	26	20	43.63
52	26	30	14.21
52	26	43	13.23
52	26	51	40.63
52	26	68	20.30
52	26	91	17.92
52	26	92	24.39
52	26	98	15.00
52	26	107	18.04
52	26	109	53.01
52	26	134	21.89
52	26	153	17.06
52	26	164	28.46
52	26	182	17.79
52	26	188	22.11
52	26	190	29.90
52	26	202	18.46
52	26	209	54.48
52	26	228	44.20
52	26	231	21.52
52	26	241	14.14
52	26	257	16.63
52	26	259	29.90
52	26	278	14.58
52	26	299	46.10
52	26	300	21.61
52	26	302	14.82
52	26	307	47.56
52	26	308	20.93
52	26	336	34.10
52	26	350	15.72
52	26	371	17.15
52	26	374	28.63
52	26	376	20.20
52	26	383	27.42
52	26	391	22.49
52	26	392	23.90
52	26	397	24.55
52	26	404	15.18
52	26	405	16.85
52	26	416	48.04
52	26	418	35.07
52	26	428	18.54
52	26	430	13.49
52	26	435	17.76
52	26	455	41.38
52	26	456	13.59
52	26	479	20.24
52	26	506	44.44
52	26	519	32.08
52	27	3	13.31
52	27	12	51.52
52	27	17	47.35
52	27	20	40.90
52	27	21	16.03
52	27	28	34.37
52	27	51	36.63
52	27	68	25.00
52	27	98	15.48
52	27	109	51.45
52	27	124	48.51
52	27	134	27.80
52	27	140	29.75
52	27	188	20.75
52	27	202	18.38
52	27	209	52.97
52	27	228	49.66
52	27	240	20.66
52	27	259	37.59
52	27	288	22.52
52	27	299	45.86
52	27	300	24.20
52	27	302	14.35
52	27	307	46.13
52	27	315	18.14
52	27	374	34.25
52	27	376	18.00
52	27	383	31.85
52	27	392	22.32
52	27	404	16.45
52	27	405	23.13
52	27	412	13.56
52	27	418	40.20
52	27	428	19.42
52	27	454	17.24
52	27	455	40.65
52	27	456	15.86
52	27	488	19.08
52	27	504	22.80
52	27	515	17.34
52	27	519	32.42
52	27,30	3	22.85
52	27,30	21	24.14
52	27,30	28	43.54
52	27,30	68	33.90
52	27,30	98	23.89
52	27,30	134	36.99
52	27,30	188	30.14
52	27,30	202	27.63
52	27,30	259	45.51
52	27,30	288	31.92
52	27,30	300	33.77
52	27,30	302	22.39
52	27,30	315	29.31
52	27,30	374	44.34
52	27,30	376	27.87
52	27,30	383	40.23
52	27,30	392	30.82
52	27,30	404	25.41
52	27,30	405	32.00
52	27,30	412	23.20
52	27,30	428	29.68
52	27,30	454	26.87
52	27,30	455	50.27
52	27,30	456	24.58
52	27,30	504	31.66
52	27,30	515	26.06
52	27,30	519	45.86
52	28	2	18.17
52	28	6	19.90
52	28	19	16.90
52	28	24	51.38
52	28	36	20.44
52	28	75	43.39
52	28	79	31.17
52	28	82	28.86
52	28	90	54.37
52	28	99	17.85
52	28	111	48.07
52	28	136	19.92
52	28	141	19.10
52	28	150	43.30
52	28	154	23.83
52	28	169	19.61
52	28	180	21.45
52	28	217	37.86
52	28	225	17.04
52	28	230	18.18
52	28	238	16.25
52	28	245	18.10
52	28	247	49.69
52	28	250	32.08
52	28	256	32.70
52	28	258	43.35
52	28	277	17.01
52	28	297	18.70
52	28	303	18.62
52	28	304	17.04
52	28	313	21.68
52	28	322	17.69
52	28	324	42.25
52	28	328	20.24
52	28	340	18.20
52	28	342	46.00
52	28	344	17.75
52	28	366	39.34
52	28	378	21.70
52	28	379	18.92
52	28	398	24.35
52	28	402	50.55
52	28	403	22.23
52	28	410	19.17
52	28	415	34.45
52	28	422	40.66
52	28	424	18.44
52	28	426	17.82
52	28	427	20.37
52	28	437	18.68
52	28	440	29.31
52	28	443	29.45
52	28	444	18.58
52	28	445	48.42
52	28	448	18.25
52	28	463	48.76
52	28	473	20.11
52	28	477	19.75
52	28	485	26.18
52	28	486	19.80
52	28	491	15.97
52	28	492	20.27
52	28	494	19.80
52	28	495	17.83
52	28	497	19.55
52	28	498	31.99
52	28	499	18.41
52	28	500	17.76
52	28	501	42.89
52	28	507	18.80
52	28	510	16.68
52	28	516	18.13
52	28	518	40.93
52	28	520	18.31
52	28	522	33.48
52	28	523	20.66
52	28	528	50.66
52	29	7	38.63
52	29	14	22.72
52	29	23	31.31
52	29	25	17.37
52	29	27	32.69
52	29	32	18.14
52	29	37	58.25
52	29	41	36.30
52	29	54	16.68
52	29	83	13.76
52	29	85	32.70
52	29	89	15.72
52	29	93	41.17
52	29	117	44.49
52	29	120	22.41
52	29	137	22.85
52	29	139	30.13
52	29	143	17.07
52	29	147	64.07
52	29	148	46.86
52	29	152	15.45
52	29	166	15.48
52	29	174	16.86
52	29	185	18.39
52	29	189	50.75
52	29	191	13.93
52	29	193	46.27
52	29	194	49.87
52	29	207	16.63
52	29	215	32.79
52	29	222	53.97
52	29	237	21.70
52	29	246	26.38
52	29	252	15.65
52	29	253	20.72
52	29	260	19.54
52	29	284	19.18
52	29	292	19.18
52	29	293	34.01
52	29	301	38.68
52	29	309	48.75
52	29	311	17.94
52	29	316	33.27
52	29	318	46.41
52	29	319	17.30
52	29	321	20.85
52	29	338	23.65
52	29	339	14.25
52	29	348	61.56
52	29	351	19.23
52	29	357	25.24
52	29	359	21.44
52	29	363	20.85
52	29	375	41.04
52	29	386	32.08
52	29	388	26.38
52	29	407	26.72
52	29	417	16.27
52	29	421	33.34
52	29	423	16.00
52	29	441	19.69
52	29	446	27.83
52	29	450	40.70
52	29	459	27.83
52	29	461	41.06
52	29	465	40.15
52	29	468	17.86
52	29	470	21.03
52	29	471	22.18
52	29	472	39.08
52	29	475	16.11
52	29	476	18.01
52	29	480	21.30
52	29	484	16.68
52	29	490	23.93
52	29	505	20.06
52	29	513	44.99
52	29	526	30.15
52	29	527	25.66
52	29,31	14	38.89
52	29,31	23	47.89
52	29,31	25	32.32
52	29,31	27	50.63
52	29,31	32	32.65
52	29,31	54	31.18
52	29,31	83	28.66
52	29,31	85	49.70
52	29,31	89	31.79
52	29,31	93	58.68
52	29,31	117	61.76
52	29,31	120	37.76
52	29,31	137	34.48
52	29,31	139	45.79
52	29,31	143	32.20
52	29,31	148	63.52
52	29,31	152	31.04
52	29,31	166	30.83
52	29,31	174	32.32
52	29,31	185	34.18
52	29,31	191	28.92
52	29,31	207	32.37
52	29,31	215	47.73
52	29,31	237	37.86
52	29,31	246	35.46
52	29,31	252	31.42
52	29,31	253	36.41
52	29,31	260	33.93
52	29,31	284	34.54
52	29,31	292	34.15
52	29,31	293	51.38
52	29,31	301	54.77
52	29,31	311	32.49
52	29,31	316	52.27
52	29,31	318	63.68
52	29,31	319	33.89
52	29,31	321	36.65
52	29,31	338	40.37
52	29,31	339	29.68
52	29,31	351	35.04
52	29,31	357	42.59
52	29,31	359	36.38
52	29,31	363	36.68
52	29,31	375	57.96
52	29,31	386	49.03
52	29,31	388	39.90
52	29,31	407	44.61
52	29,31	417	32.97
52	29,31	421	49.80
52	29,31	423	30.66
52	29,31	441	35.14
52	29,31	446	43.77
52	29,31	450	57.25
52	29,31	459	46.27
52	29,31	461	59.25
52	29,31	465	53.00
52	29,31	468	33.62
52	29,31	470	36.79
52	29,31	471	37.94
52	29,31	472	57.76
52	29,31	475	31.10
52	29,31	476	33.77
52	29,31	480	37.06
52	29,31	484	32.44
52	29,31	490	39.69
52	29,31	505	35.82
52	29,31	513	61.54
52	29,31	526	48.65
52	29,31	527	41.42
52	30	3	15.75
52	30	12	50.20
52	30	20	38.21
52	30	21	13.42
52	30	28	35.68
52	30	51	38.48
52	30	68	17.17
52	30	98	14.44
52	30	107	18.11
52	30	109	53.04
52	30	134	23.80
52	30	153	16.58
52	30	182	17.31
52	30	188	16.87
52	30	190	30.49
52	30	202	13.31
52	30	209	49.59
52	30	228	46.08
52	30	231	23.54
52	30	241	16.21
52	30	259	30.44
52	30	278	14.75
52	30	288	19.59
52	30	299	44.51
52	30	300	18.90
52	30	302	10.01
52	30	307	44.77
52	30	315	21.21
52	30	336	36.15
52	30	350	15.08
52	30	371	20.01
52	30	374	31.20
52	30	376	13.48
52	30	383	28.94
52	30	391	24.75
52	30	392	18.34
52	30	404	14.89
52	30	405	19.07
52	30	412	16.23
52	30	416	44.80
52	30	418	36.58
52	30	428	18.37
52	30	430	15.48
52	30	454	14.39
52	30	455	40.94
52	30	456	11.94
52	30	479	23.42
52	30	504	20.15
52	30	515	16.28
52	30	519	35.93
52	31	7	36.87
52	31	14	20.56
52	31	23	29.54
52	31	25	15.76
52	31	27	31.20
52	31	32	16.54
52	31	37	56.68
52	31	41	34.63
52	31	54	15.35
52	31	83	12.82
52	31	85	31.15
52	31	89	14.46
52	31	93	39.52
52	31	117	42.66
52	31	120	20.58
52	31	137	21.76
52	31	139	28.52
52	31	143	15.65
52	31	147	62.18
52	31	148	45.10
52	31	152	14.14
52	31	166	14.42
52	31	174	15.48
52	31	185	16.72
52	31	189	49.38
52	31	191	13.00
52	31	193	44.27
52	31	194	48.03
52	31	207	15.25
52	31	215	31.28
52	31	222	52.30
52	31	237	19.63
52	31	246	24.18
52	31	252	14.42
52	31	253	19.00
52	31	260	18.07
52	31	284	17.35
52	31	292	17.51
52	31	293	32.59
52	31	301	41.83
52	31	309	47.15
52	31	311	16.31
52	31	316	34.85
52	31	318	44.58
52	31	319	15.72
52	31	321	18.86
52	31	338	21.34
52	31	339	13.15
52	31	348	59.90
52	31	351	17.32
52	31	357	22.76
52	31	359	19.73
52	31	363	18.82
52	31	375	39.49
52	31	386	30.25
52	31	388	25.14
52	31	407	23.72
52	31	417	14.66
52	31	421	31.63
52	31	423	14.72
52	31	441	17.82
52	31	446	26.14
52	31	450	38.99
52	31	459	24.85
52	31	461	39.06
52	31	465	39.63
52	31	468	16.17
52	31	470	19.61
52	31	471	20.18
52	31	472	37.56
52	31	475	14.80
52	31	476	16.28
52	31	480	19.30
52	31	484	15.21
52	31	490	21.97
52	31	505	18.06
52	31	513	43.27
52	31	526	28.48
52	31	527	23.66
52	32	7	39.55
52	32	13	27.63
52	32	25	23.83
52	32	27	36.15
52	32	41	39.44
52	32	59	50.49
52	32	74	32.52
52	32	86	24.63
52	32	93	54.20
52	32	102	26.08
52	32	117	46.21
52	32	120	27.59
52	32	137	37.42
52	32	139	38.73
52	32	147	72.77
52	32	239	20.97
52	32	246	38.97
52	32	272	26.73
52	32	276	33.39
52	32	284	24.45
52	32	293	44.35
52	32	301	60.18
52	32	309	54.04
52	32	311	22.30
52	32	312	45.00
52	32	334	26.61
52	32	341	36.15
52	32	370	25.85
52	32	380	25.85
52	32	441	25.15
52	32	450	44.35
52	32	467	48.62
52	32	474	65.37
