Task=48 Orders=43 Vehicles=605 Scores=2988
48	1	1	31.06
48	1	9	18.93
48	1	18	19.39
48	1	23	35.11
48	1	30	19.59
48	1	45	32.38
48	1	57	49.59
48	1	59	23.17
48	1	110	52.18
48	1	133	23.27
48	1	184	20.27
48	1	224	38.13
48	1	228	45.15
48	1	231	59.61
48	1	243	35.13
48	1	252	63.86
48	1	254	47.63
48	1	281	22.31
48	1	282	41.35
48	1	314	24.11
48	1	352	41.72
48	1	370	53.10
48	1	446	28.32
48	1	530	20.46
48	1,12	1	47.93
48	1,12	18	38.92
48	1,12	30	37.90
48	1,12	45	55.72
48	1,12	57	63.87
48	1,12	184	39.69
48	1,12	243	57.07
48	1,12	254	62.14
48	1,12	352	55.06
48	1,12	530	35.11
48	2	4	23.80
48	2	14	36.56
48	2	20	39.56
48	2	34	36.86
48	2	38	9.73
48	2	40	12.90
48	2	53	15.35
48	2	64	13.27
48	2	78	39.20
48	2	90	36.62
48	2	93	10.79
48	2	94	43.62
48	2	109	28.27
48	2	121	34.48
48	2	132	11.01
48	2	135	28.06
48	2	141	44.23
48	2	142	37.75
48	2	152	11.92
48	2	162	50.75
48	2	166	15.65
48	2	170	23.68
48	2	175	16.97
48	2	183	12.73
48	2	200	22.82
48	2	203	14.10
48	2	205	12.23
48	2	211	39.44
48	2	214	11.86
48	2	216	38.24
48	2	244	12.07
48	2	247	24.15
48	2	259	55.69
48	2	269	30.13
48	2	270	42.63
48	2	272	70.17
48	2	287	10.30
48	2	296	65.58
48	2	300	31.90
48	2	325	11.85
48	2	327	12.41
48	2	329	12.25
48	2	330	35.72
48	2	331	37.61
48	2	333	16.85
48	2	335	36.11
48	2	345	39.25
48	2	358	14.86
48	2	362	14.65
48	2	369	13.99
48	2	373	11.61
48	2	375	30.72
48	2	378	23.24
48	2	390	49.49
48	2	392	11.30
48	2	395	35.96
48	2	400	14.13
48	2	402	49.65
48	2	406	12.90
48	2	407	15.80
48	2	413	9.56
48	2	415	12.80
48	2	417	11.56
48	2	426	14.07
48	2	427	48.00
48	2	434	11.82
48	2	449	15.35
48	2	450	15.20
48	2	457	13.24
48	2	485	50.35
48	2	491	12.62
48	2	492	10.07
48	2	495	12.13
48	2	499	18.51
48	2	504	10.52
48	2	521	14.90
48	2	533	47.46
48	2	536	47.77
48	2	547	11.25
48	2	554	12.61
48	2	567	60.04
48	2	580	12.68
48	2	582	39.21
48	2	587	29.97
48	2	597	10.99
48	2,8	142	61.21
48	2,8	244	34.82
48	2,8	300	67.27
48	2,8	331	63.44
48	2,8	335	71.55
48	2,8	392	36.39
48	2,8	536	70.20
48	2,8	587	54.11
48	3	69	47.94
48	3	77	51.89
48	3	79	52.96
48	3	86	57.49
48	3	91	42.52
48	3	92	45.08
48	3	115	53.62
48	3	153	68.39
48	3	154	52.34
48	3	271	52.18
48	3	525	54.24
48	3,10	69	61.10
48	3,10	91	49.73
48	3,10	92	64.72
48	3,10	271	67.55
48	3,32	69	62.73
48	3,32	77	65.69
48	3,32	91	53.49
48	3,32	92	63.15
48	3,32	115	64.07
48	3,32	271	68.63
48	3,32	525	63.38
48	4	8	26.94
48	4	32	52.46
48	4	49	68.55
48	4	51	23.52
48	4	61	31.79
48	4	70	50.28
48	4	89	40.87
48	4	108	39.37
48	4	155	35.66
48	4	197	34.39
48	4	221	22.76
48	4	248	41.70
48	4	250	21.68
48	4	255	39.76
48	4	263	24.90
48	4	268	24.97
48	4	274	50.59
48	4	308	38.24
48	4	317	21.51
48	4	342	27.58
48	4	384	32.72
48	4	387	41.92
48	4	394	43.96
48	4	421	23.45
48	4	439	25.85
48	4	475	20.97
48	4	487	46.52
48	4	510	50.63
48	4	565	21.82
48	4,31	8	50.70
48	4,31	32	81.55
48	4,31	51	58.61
48	4,31	61	60.79
48	4,31	89	72.38
48	4,31	108	67.56
48	4,31	155	67.32
48	4,31	197	64.89
48	4,31	221	49.54
48	4,31	248	65.00
48	4,31	250	51.68
48	4,31	255	70.35
48	4,31	263	58.93
48	4,31	268	48.89
48	4,31	274	83.15
48	4,31	317	52.66
48	4,31	342	57.97
48	4,31	387	73.08
48	4,31	394	74.37
48	4,31	421	57.68
48	4,31	439	61.42
48	4,31	475	52.30
48	4,31	487	81.99
48	4,31	510	81.24
48	4,31	565	52.28
48	5	7	35.70
48	5	12	18.90
48	5	42	23.46
48	5	48	16.79
48	5	55	45.11
48	5	62	29.66
48	5	73	16.72
48	5	81	15.34
48	5	82	46.07
48	5	112	19.06
48	5	113	17.08
48	5	119	42.39
48	5	125	48.30
48	5	129	16.37
48	5	134	34.86
48	5	140	40.34
48	5	148	37.93
48	5	149	53.21
48	5	168	40.20
48	5	178	28.32
48	5	186	32.70
48	5	191	32.01
48	5	193	16.20
48	5	201	34.85
48	5	204	23.15
48	5	206	14.72
48	5	222	16.45
48	5	227	44.41
48	5	240	34.00
48	5	257	31.76
48	5	273	16.06
48	5	276	13.92
48	5	293	36.11
48	5	310	52.80
48	5	311	21.21
48	5	339	19.90
48	5	356	17.94
48	5	365	14.63
48	5	372	48.25
48	5	396	26.62
48	5	399	32.28
48	5	409	37.66
48	5	419	18.39
48	5	420	17.63
48	5	424	27.42
48	5	438	56.82
48	5	442	40.83
48	5	443	15.08
48	5	445	17.73
48	5	456	21.34
48	5	459	29.73
48	5	497	15.75
48	5	500	55.99
48	5	505	25.38
48	5	520	42.93
48	5	528	56.21
48	5	552	18.68
48	5	556	32.24
48	5	562	14.85
48	5	593	16.62
48	5	601	16.27
48	5,27	7	56.85
48	5,27	12	39.58
48	5,27	55	65.31
48	5,27	62	49.70
48	5,27	73	36.44
48	5,27	112	38.27
48	5,27	113	37.00
48	5,27	129	35.66
48	5,27	193	35.03
48	5,27	227	68.56
48	5,27	240	55.68
48	5,27	257	53.59
48	5,27	273	34.39
48	5,27	276	31.75
48	5,27	310	76.25
48	5,27	311	39.51
48	5,27	356	39.85
48	5,27	365	34.42
48	5,27	372	68.46
48	5,27	438	80.85
48	5,27	497	34.58
48	5,27	520	63.42
48	5,27	556	52.73
48	5,27	593	36.34
48	6	4	35.90
48	6	19	52.90
48	6	40	17.06
48	6	42	23.61
48	6	53	16.01
48	6	64	19.31
48	6	77	36.56
48	6	79	49.08
48	6	90	40.00
48	6	96	50.56
48	6	101	18.65
48	6	109	30.48
48	6	121	35.59
48	6	123	20.51
48	6	132	20.77
48	6	135	31.24
48	6	142	49.25
48	6	146	23.03
48	6	153	57.24
48	6	154	48.39
48	6	166	21.15
48	6	169	30.86
48	6	183	18.11
48	6	187	22.31
48	6	205	21.55
48	6	234	49.72
48	6	244	17.25
48	6	247	24.76
48	6	259	65.38
48	6	262	59.31
48	6	270	46.45
48	6	272	74.73
48	6	310	47.15
48	6	312	20.86
48	6	319	64.90
48	6	325	24.00
48	6	327	21.11
48	6	328	19.28
48	6	329	18.77
48	6	330	36.93
48	6	331	43.51
48	6	332	56.69
48	6	333	17.82
48	6	335	55.37
48	6	362	20.87
48	6	373	18.27
48	6	375	31.80
48	6	378	28.38
48	6	392	19.11
48	6	402	54.80
48	6	406	19.38
48	6	407	19.38
48	6	411	33.99
48	6	413	21.27
48	6	415	20.63
48	6	422	47.32
48	6	424	33.63
48	6	426	17.48
48	6	427	50.77
48	6	438	51.54
48	6	449	15.90
48	6	457	19.23
48	6	468	31.32
48	6	474	28.62
48	6	476	25.32
48	6	485	60.70
48	6	492	18.73
48	6	499	23.65
48	6	500	62.90
48	6	504	21.39
48	6	521	15.49
48	6	533	57.32
48	6	536	56.75
48	6	547	18.18
48	6	567	65.65
48	6	587	35.14
48	6,8	77	58.31
48	6,8	96	69.24
48	6,8	142	64.58
48	6,8	244	32.82
48	6,8	331	66.21
48	6,8	335	79.79
48	6,8	392	36.14
48	6,8	422	67.11
48	6,8	536	76.62
48	6,8	587	56.44
48	6,21	40	26.87
48	6,21	42	33.83
48	6,21	53	26.10
48	6,21	64	29.59
48	6,21	77	50.32
48	6,21	90	49.76
48	6,21	96	60.08
48	6,21	101	29.18
48	6,21	109	38.24
48	6,21	121	45.38
48	6,21	123	31.17
48	6,21	132	31.23
48	6,21	135	42.06
48	6,21	142	58.41
48	6,21	146	33.41
48	6,21	166	30.79
48	6,21	169	41.28
48	6,21	183	28.17
48	6,21	187	32.97
48	6,21	205	32.23
48	6,21	234	59.34
48	6,21	244	26.99
48	6,21	247	35.20
48	6,21	310	57.75
48	6,21	312	30.65
48	6,21	328	28.66
48	6,21	329	28.42
48	6,21	330	46.61
48	6,21	331	54.11
48	6,21	333	29.27
48	6,21	335	65.18
48	6,21	362	31.72
48	6,21	373	28.01
48	6,21	375	41.13
48	6,21	378	37.85
48	6,21	392	28.63
48	6,21	407	29.17
48	6,21	411	45.23
48	6,21	413	31.13
48	6,21	415	31.49
48	6,21	422	56.46
48	6,21	424	45.34
48	6,21	426	26.90
48	6,21	438	61.37
48	6,21	449	26.18
48	6,21	457	29.10
48	6,21	468	48.48
48	6,21	474	38.15
48	6,21	476	35.83
48	6,21	492	28.55
48	6,21	499	33.10
48	6,21	504	30.94
48	6,21	521	25.82
48	6,21	536	66.41
48	6,21	547	28.00
48	6,21	587	44.45
48	7	5	17.51
48	7	8	21.59
48	7	24	36.35
48	7	32	47.83
48	7	49	63.37
48	7	51	17.42
48	7	61	27.11
48	7	70	53.03
48	7	89	35.56
48	7	108	37.76
48	7	117	18.69
48	7	155	30.45
48	7	194	18.63
48	7	197	38.96
48	7	221	17.31
48	7	248	36.08
48	7	250	16.68
48	7	255	34.77
48	7	263	19.27
48	7	268	19.55
48	7	274	45.10
48	7	284	18.31
48	7	302	38.54
48	7	308	33.99
48	7	323	19.62
48	7	342	21.34
48	7	371	23.39
48	7	384	27.96
48	7	387	33.18
48	7	393	20.24
48	7	394	38.97
48	7	398	18.34
48	7	421	17.54
48	7	439	19.86
48	7	452	19.83
48	7	465	19.30
48	7	470	18.89
48	7	475	15.69
48	7	477	33.92
48	7	487	40.45
48	7	490	17.94
48	7	493	18.72
48	7	501	18.31
48	7	502	29.32
48	7	508	31.59
48	7	509	17.70
48	7	510	45.66
48	7	517	17.68
48	7	542	28.11
48	7	557	16.48
48	7	565	16.86
48	7	566	18.55
48	7	569	18.92
48	7	572	19.30
48	7	581	18.83
48	7	586	16.77
48	7	591	17.94
48	7	592	17.99
48	7	596	18.54
48	7	604	18.30
48	7	605	18.06
48	7,20	5	32.32
48	7,20	8	36.17
48	7,20	24	53.83
48	7,20	32	64.85
48	7,20	51	32.28
48	7,20	61	43.94
48	7,20	70	71.52
48	7,20	89	53.11
48	7,20	108	54.34
48	7,20	117	33.52
48	7,20	155	48.45
48	7,20	194	33.83
48	7,20	197	56.45
48	7,20	221	31.17
48	7,20	248	54.11
48	7,20	250	30.20
48	7,20	263	34.63
48	7,20	268	33.94
48	7,20	274	63.23
48	7,20	284	33.68
48	7,20	323	34.73
48	7,20	342	37.55
48	7,20	371	39.99
48	7,20	384	44.66
48	7,20	387	56.34
48	7,20	393	37.07
48	7,20	394	56.31
48	7,20	398	34.17
48	7,20	421	32.13
48	7,20	439	35.58
48	7,20	452	35.79
48	7,20	470	34.87
48	7,20	475	29.72
48	7,20	477	52.38
48	7,20	487	59.86
48	7,20	490	32.82
48	7,20	493	33.59
48	7,20	502	48.14
48	7,20	508	50.44
48	7,20	509	32.58
48	7,20	510	63.27
48	7,20	517	32.55
48	7,20	542	48.55
48	7,20	557	31.35
48	7,20	565	30.94
48	7,20	566	33.42
48	7,20	569	33.79
48	7,20	572	34.17
48	7,20	581	33.70
48	7,20	586	31.65
48	7,20	591	32.82
48	7,20	592	32.86
48	7,20	596	33.41
48	7,20	604	33.17
48	8	72	39.25
48	8	77	44.97
48	8	96	55.63
48	8	142	50.97
48	8	153	59.85
48	8	230	59.87
48	8	235	42.31
48	8	244	22.45
48	8	259	70.11
48	8	262	66.13
48	8	270	49.42
48	8	272	81.03
48	8	300	50.24
48	8	331	53.80
48	8	332	59.13
48	8	335	48.62
48	8	392	22.37
48	8	402	57.32
48	8	422	51.83
48	8	427	55.55
48	8	525	53.92
48	8	533	62.24
48	8	536	60.82
48	8	567	71.94
48	8	587	42.46
48	8,16	142	76.76
48	8,16	244	47.06
48	8,16	300	64.11
48	8,16	335	73.61
48	8,16	392	48.21
48	8,23	142	61.00
48	8,23	300	73.73
48	8,23	335	69.10
48	8,23	392	32.89
48	9	27	38.10
48	9	111	16.92
48	9	116	39.70
48	9	118	21.86
48	9	124	23.49
48	9	130	32.89
48	9	145	54.03
48	9	223	46.54
48	9	251	58.56
48	9	253	39.25
48	9	264	55.10
48	9	277	44.66
48	9	292	49.07
48	9	322	16.92
48	9	383	50.52
48	9	447	55.21
48	9	467	24.25
48	9,19	111	32.20
48	9,19	116	54.87
48	9,19	118	34.31
48	9,19	223	60.96
48	9,19	277	60.59
48	9,19	292	64.25
48	9,19	322	32.00
48	9,19	467	35.41
48	10	3	17.14
48	10	22	16.51
48	10	69	36.14
48	10	79	44.00
48	10	86	53.18
48	10	91	32.08
48	10	92	34.61
48	10	151	31.70
48	10	154	44.54
48	10	157	27.62
48	10	232	23.92
48	10	271	40.04
48	10	290	32.30
48	10	343	16.70
48	10	374	17.92
48	10	460	18.80
48	10	469	21.48
48	10	484	14.85
48	10	575	25.68
48	10,32	3	37.08
48	10,32	22	28.70
48	10,32	69	54.10
48	10,32	91	47.49
48	10,32	92	57.49
48	10,32	271	59.30
48	10,32	343	28.10
48	10,32	374	31.20
48	10,32	460	38.11
48	10,32	484	26.10
48	10,32	575	38.48
48	11	35	24.30
48	11	37	51.13
48	11	111	20.79
48	11	124	21.28
48	11	128	19.85
48	11	130	28.42
48	11	145	50.86
48	11	167	20.34
48	11	195	36.82
48	11	220	53.54
48	11	223	54.34
48	11	249	21.62
48	11	251	56.34
48	11	253	43.70
48	11	264	46.45
48	11	277	44.62
48	11	292	38.75
48	11	318	24.93
48	11	322	16.70
48	11	341	31.66
48	11	347	28.27
48	11	379	21.69
48	11	380	40.49
48	11	383	50.31
48	11	408	25.86
48	11	410	44.42
48	11	472	35.56
48	11	478	17.75
48	11	480	46.08
48	11	488	46.51
48	11	506	17.89
48	11	512	39.00
48	11	515	20.20
48	11	516	39.89
48	11	531	25.08
48	11	537	33.37
48	11	541	18.18
48	11	558	21.31
48	11	595	16.59
48	11,33	37	67.25
48	11,33	111	37.15
48	11,33	124	39.32
48	11,33	130	54.48
48	11,33	145	68.49
48	11,33	223	70.34
48	11,33	251	73.08
48	11,33	253	61.52
48	11,33	264	65.86
48	11,33	277	61.61
48	11,33	292	68.92
48	11,33	322	32.87
48	11,33	410	61.04
48	11,33	488	63.23
48	11,33	541	34.73
48	12	1	31.01
48	12	18	21.77
48	12	30	20.77
48	12	45	36.23
48	12	57	47.01
48	12	60	48.32
48	12	68	40.25
48	12	74	43.58
48	12	76	44.23
48	12	83	35.59
48	12	107	32.11
48	12	110	50.80
48	12	184	22.10
48	12	231	62.89
48	12	242	36.17
48	12	243	38.73
48	12	252	58.65
48	12	254	43.10
48	12	260	36.46
48	12	282	36.00
48	12	301	43.38
48	12	340	50.42
48	12	352	36.08
48	12	453	34.93
48	12	530	18.86
48	13	2	14.48
48	13	10	30.73
48	13	13	48.94
48	13	26	40.72
48	13	43	12.42
48	13	44	38.90
48	13	56	12.65
48	13	63	36.68
48	13	80	18.07
48	13	104	28.27
48	13	105	22.21
48	13	114	25.45
48	13	126	16.10
48	13	139	41.86
48	13	156	16.90
48	13	180	32.63
48	13	189	27.94
48	13	207	16.38
48	13	213	18.52
48	13	217	32.30
48	13	233	16.83
48	13	239	53.68
48	13	261	42.93
48	13	265	18.48
48	13	280	13.42
48	13	288	37.77
48	13	299	13.49
48	13	303	36.30
48	13	324	13.72
48	13	344	39.72
48	13	346	18.35
48	13	349	12.52
48	13	353	44.69
48	13	354	17.45
48	13	361	17.93
48	13	381	27.35
48	13	403	41.27
48	13	412	26.21
48	13	428	14.70
48	13	430	28.62
48	13	431	25.90
48	13	435	17.99
48	13	436	17.56
48	13	444	23.31
48	13	454	21.52
48	13	455	19.82
48	13	458	22.20
48	13	463	15.06
48	13	464	15.44
48	13	481	45.79
48	13	483	33.11
48	13	496	16.86
48	13	498	12.90
48	13	503	16.13
48	13	523	37.93
48	13	524	13.10
48	13	553	17.07
48	13	579	42.32
48	13,17	10	41.70
48	13,17	43	30.10
48	13,17	44	48.68
48	13,17	56	33.54
48	13,17	80	36.41
48	13,17	104	37.59
48	13,17	114	33.27
48	13,17	126	28.93
48	13,17	139	51.56
48	13,17	156	36.23
48	13,17	180	42.20
48	13,17	189	45.66
48	13,17	207	25.96
48	13,17	213	38.04
48	13,17	265	37.94
48	13,17	280	32.97
48	13,17	299	36.51
48	13,17	303	43.94
48	13,17	346	39.54
48	13,17	349	30.73
48	13,17	354	27.79
48	13,17	361	29.35
48	13,17	381	47.52
48	13,17	412	45.13
48	13,17	428	35.30
48	13,17	430	38.93
48	13,17	431	46.87
48	13,17	436	29.00
48	13,17	444	40.59
48	13,17	454	42.72
48	13,17	455	39.04
48	13,17	458	40.73
48	13,17	463	25.68
48	13,17	464	34.51
48	13,17	481	58.87
48	13,17	496	27.75
48	13,17	498	32.45
48	13,17	503	26.32
48	13,17	523	47.86
48	13,17	524	32.65
48	13,17	553	39.01
48	13,17	579	53.93
48	13,25	2	31.01
48	13,25	43	26.27
48	13,25	44	53.48
48	13,25	56	28.93
48	13,25	80	32.42
48	13,25	104	42.56
48	13,25	105	37.52
48	13,25	114	40.27
48	13,25	126	34.18
48	13,25	139	56.45
48	13,25	156	31.90
48	13,25	180	47.32
48	13,25	189	41.96
48	13,25	207	31.28
48	13,25	213	34.03
48	13,25	233	33.00
48	13,25	265	33.96
48	13,25	280	28.70
48	13,25	299	31.18
48	13,25	303	48.72
48	13,25	324	29.55
48	13,25	346	34.85
48	13,25	349	26.76
48	13,25	354	33.76
48	13,25	361	37.01
48	13,25	381	43.15
48	13,25	403	58.39
48	13,25	412	40.90
48	13,25	428	30.59
48	13,25	431	42.23
48	13,25	436	36.06
48	13,25	444	36.87
48	13,25	454	37.99
48	13,25	458	36.76
48	13,25	463	30.97
48	13,25	464	30.15
48	13,25	496	34.48
48	13,25	498	28.18
48	13,25	523	53.27
48	13,25	524	28.38
48	13,25	553	34.06
48	13,25	579	57.08
48	13,26	2	28.90
48	13,26	43	24.68
48	13,26	44	51.85
48	13,26	56	26.87
48	13,26	80	30.77
48	13,26	104	40.97
48	13,26	105	35.76
48	13,26	114	37.14
48	13,26	126	31.56
48	13,26	139	54.79
48	13,26	156	30.01
48	13,26	180	45.56
48	13,26	189	40.46
48	13,26	207	29.51
48	13,26	213	32.32
48	13,26	233	30.93
48	13,26	265	32.27
48	13,26	280	26.83
48	13,26	299	28.72
48	13,26	303	47.54
48	13,26	324	27.55
48	13,26	346	32.70
48	13,26	349	25.10
48	13,26	354	31.73
48	13,26	361	34.42
48	13,26	381	41.23
48	13,26	403	56.07
48	13,26	412	39.08
48	13,26	428	28.46
48	13,26	431	40.11
48	13,26	435	33.04
48	13,26	436	33.66
48	13,26	444	35.37
48	13,26	454	35.86
48	13,26	455	32.89
48	13,26	458	35.08
48	13,26	463	28.89
48	13,26	464	28.25
48	13,26	481	61.17
48	13,26	496	32.15
48	13,26	498	26.31
48	13,26	503	30.79
48	13,26	523	51.39
48	13,26	524	26.51
48	13,26	553	31.73
48	13,26	579	55.37
48	14	6	34.13
48	14	11	22.73
48	14	33	20.23
48	14	36	35.63
48	14	50	21.68
48	14	54	48.14
48	14	71	19.94
48	14	87	34.27
48	14	98	21.30
48	14	102	24.45
48	14	106	46.90
48	14	136	43.18
48	14	138	19.77
48	14	159	56.46
48	14	160	28.68
48	14	172	55.18
48	14	173	48.34
48	14	179	67.42
48	14	198	31.07
48	14	199	21.52
48	14	210	21.30
48	14	215	44.44
48	14	218	21.46
48	14	245	36.10
48	14	256	54.32
48	14	278	19.52
48	14	285	30.01
48	14	297	19.41
48	14	306	38.92
48	14	321	29.20
48	14	348	52.65
48	14	355	50.04
48	14	357	32.56
48	14	359	36.90
48	14	363	43.00
48	14	368	34.94
48	14	386	22.66
48	14	389	33.31
48	14	405	45.66
48	14	440	19.38
48	14	479	40.87
48	14	519	37.83
48	14	546	32.14
48	14	548	19.70
48	14,29	11	31.77
48	14,29	33	29.55
48	14,29	50	29.03
48	14,29	71	28.72
48	14,29	87	42.56
48	14,29	106	57.55
48	14,29	136	52.59
48	14,29	138	32.31
48	14,29	160	38.21
48	14,29	198	39.06
48	14,29	210	31.79
48	14,29	278	28.52
48	14,29	285	41.66
48	14,29	297	28.15
48	14,29	321	39.13
48	14,29	348	62.73
48	14,29	357	47.41
48	14,29	359	47.21
48	14,29	363	52.06
48	14,29	368	44.99
48	14,29	389	42.86
48	14,29	440	26.94
48	14,29	519	45.83
48	14,29	546	45.39
48	14,29	548	29.46
48	14,38	33	35.97
48	14,38	36	47.31
48	14,38	87	52.42
48	14,38	98	32.58
48	14,38	102	37.03
48	14,38	106	64.61
48	14,38	136	64.52
48	14,38	138	39.49
48	14,38	160	43.14
48	14,38	173	68.89
48	14,38	199	33.37
48	14,38	210	36.14
48	14,38	218	32.92
48	14,38	245	49.90
48	14,38	285	40.28
48	14,38	321	45.20
48	14,38	348	60.87
48	14,38	357	57.23
48	14,38	359	50.85
48	14,38	363	64.34
48	14,38	386	34.14
48	14,38	519	58.15
48	14,38	548	34.73
48	14,42	11	39.82
48	14,42	33	35.85
48	14,42	36	48.75
48	14,42	50	36.48
48	14,42	71	35.18
48	14,42	87	48.79
48	14,42	98	37.20
48	14,42	102	42.04
48	14,42	106	63.55
48	14,42	136	59.58
48	14,42	138	38.52
48	14,42	160	43.87
48	14,42	173	64.27
48	14,42	198	47.44
48	14,42	199	37.59
48	14,42	210	37.96
48	14,42	218	37.52
48	14,42	245	50.80
48	14,42	278	34.92
48	14,42	285	47.15
48	14,42	297	34.62
48	14,42	321	45.73
48	14,42	348	69.11
48	14,42	357	53.07
48	14,42	359	53.13
48	14,42	363	59.39
48	14,42	368	53.21
48	14,42	386	39.15
48	14,42	389	48.61
48	14,42	440	35.37
48	14,42	519	53.70
48	14,42	546	51.90
48	14,42	548	35.34
48	15	11	13.23
48	15	33	12.76
48	15	50	12.77
48	15	54	40.28
48	15	71	12.45
48	15	87	27.10
48	15	88	36.23
48	15	106	39.96
48	15	136	34.93
48	15	138	11.65
48	15	160	21.97
48	15	172	54.06
48	15	198	21.37
48	15	209	15.32
48	15	210	14.14
48	15	275	10.72
48	15	278	12.07
48	15	285	26.04
48	15	297	11.92
48	15	321	21.31
48	15	326	11.72
48	15	348	45.01
48	15	355	43.35
48	15	357	31.52
48	15	359	30.01
48	15	363	34.39
48	15	366	11.46
48	15	368	25.21
48	15	376	20.32
48	15	385	12.83
48	15	389	26.55
48	15	404	14.14
48	15	414	12.96
48	15	423	11.18
48	15	432	21.06
48	15	440	9.28
48	15	466	16.68
48	15	473	14.46
48	15	479	31.34
48	15	519	28.83
48	15	529	34.59
48	15	535	12.58
48	15	543	9.90
48	15	545	12.21
48	15	546	29.25
48	15	548	12.96
48	15	549	11.08
48	15	555	9.24
48	15	577	13.06
48	15	578	14.21
48	15	584	8.56
48	15	602	16.28
48	15,41	33	23.51
48	15,41	71	27.06
48	15,41	87	43.42
48	15,41	106	49.87
48	15,41	136	53.72
48	15,41	138	33.14
48	15,41	160	33.62
48	15,41	198	40.13
48	15,41	210	22.69
48	15,41	275	27.94
48	15,41	285	34.20
48	15,41	321	34.31
48	15,41	348	55.73
48	15,41	357	41.25
48	15,41	359	40.23
48	15,41	363	53.18
48	15,41	366	26.00
48	15,41	368	40.73
48	15,41	385	28.75
48	15,41	404	24.76
48	15,41	414	32.58
48	15,41	423	27.17
48	15,41	432	34.68
48	15,41	466	32.14
48	15,41	519	46.89
48	15,41	529	47.48
48	15,41	535	23.11
48	15,41	548	20.89
48	15,41	555	28.96
48	15,41	577	25.90
48	15,41	578	27.99
48	15,41	584	28.28
48	15,41	602	29.21
48	16	14	44.24
48	16	20	46.51
48	16	34	42.99
48	16	78	44.63
48	16	94	51.86
48	16	141	48.70
48	16	142	48.38
48	16	162	54.17
48	16	170	33.13
48	16	211	44.61
48	16	214	19.69
48	16	216	52.72
48	16	244	19.70
48	16	259	61.34
48	16	269	35.18
48	16	270	48.38
48	16	272	77.94
48	16	296	73.01
48	16	300	36.52
48	16	335	51.44
48	16	392	17.85
48	16	402	54.77
48	16	567	66.66
48	16	597	18.24
48	16,23	14	69.58
48	16,23	20	69.30
48	16,23	78	67.94
48	16,23	142	63.72
48	16,23	162	75.63
48	16,23	170	51.13
48	16,23	211	62.90
48	16,23	216	75.30
48	16,23	269	59.34
48	16,23	300	50.66
48	16,23	335	79.17
48	16,23	392	42.93
48	17	10	31.34
48	17	13	48.89
48	17	25	17.85
48	17	26	44.54
48	17	41	27.94
48	17	43	19.20
48	17	44	38.31
48	17	56	21.30
48	17	63	37.77
48	17	80	26.17
48	17	104	28.08
48	17	114	22.90
48	17	126	18.00
48	17	139	41.79
48	17	156	24.89
48	17	180	32.04
48	17	182	42.32
48	17	189	33.30
48	17	207	15.79
48	17	212	39.90
48	17	213	23.14
48	17	217	39.06
48	17	239	57.58
48	17	261	50.72
48	17	265	25.28
48	17	280	21.30
48	17	288	37.20
48	17	299	23.85
48	17	303	35.63
48	17	344	40.97
48	17	346	25.77
48	17	349	18.23
48	17	353	44.51
48	17	354	16.89
48	17	361	17.31
48	17	381	34.75
48	17	412	33.93
48	17	428	23.61
48	17	429	22.30
48	17	430	29.00
48	17	431	33.32
48	17	436	16.92
48	17	444	29.79
48	17	454	30.07
48	17	455	24.73
48	17	458	27.37
48	17	463	15.31
48	17	464	23.45
48	17	481	47.20
48	17	483	40.24
48	17	496	16.31
48	17	498	20.76
48	17	503	15.51
48	17	523	37.35
48	17	524	18.65
48	17	553	26.65
48	17	579	43.59
48	17,26	43	28.42
48	17,26	44	52.58
48	17,26	56	31.90
48	17,26	80	35.32
48	17,26	104	37.35
48	17,26	114	34.83
48	17,26	126	28.86
48	17,26	139	51.66
48	17,26	156	34.75
48	17,26	180	41.89
48	17,26	189	47.06
48	17,26	207	25.65
48	17,26	213	33.93
48	17,26	265	36.07
48	17,26	280	31.37
48	17,26	299	34.77
48	17,26	303	43.65
48	17,26	346	36.55
48	17,26	349	27.68
48	17,26	354	27.61
48	17,26	361	29.24
48	17,26	381	45.32
48	17,26	412	43.62
48	17,26	428	33.77
48	17,26	431	43.99
48	17,26	436	28.86
48	17,26	444	39.01
48	17,26	454	40.79
48	17,26	455	34.58
48	17,26	458	37.27
48	17,26	463	25.49
48	17,26	464	33.00
48	17,26	481	58.73
48	17,26	496	27.61
48	17,26	498	30.83
48	17,26	503	26.20
48	17,26	523	47.61
48	17,26	524	28.72
48	17,26	553	37.45
48	17,26	579	53.59
48	17,34	41	41.04
48	17,34	43	31.51
48	17,34	44	51.32
48	17,34	56	35.73
48	17,34	80	38.96
48	17,34	104	40.85
48	17,34	114	37.37
48	17,34	126	33.92
48	17,34	139	54.82
48	17,34	156	38.17
48	17,34	180	45.10
48	17,34	189	45.85
48	17,34	207	29.03
48	17,34	213	37.06
48	17,34	265	39.17
48	17,34	280	34.87
48	17,34	303	46.80
48	17,34	346	40.38
48	17,34	349	30.89
48	17,34	354	31.38
48	17,34	361	34.23
48	17,34	381	48.79
48	17,34	412	46.94
48	17,34	428	37.61
48	17,34	431	47.77
48	17,34	436	33.35
48	17,34	444	41.87
48	17,34	454	44.66
48	17,34	455	37.97
48	17,34	458	40.35
48	17,34	463	29.38
48	17,34	464	36.44
48	17,34	481	62.87
48	17,34	496	31.92
48	17,34	498	34.34
48	17,34	523	50.99
48	17,34	524	32.23
48	17,34	553	41.62
48	18	52	41.83
48	18	85	19.73
48	18	95	43.00
48	18	97	50.44
48	18	131	42.18
48	18	145	39.86
48	18	176	43.77
48	18	219	17.86
48	18	246	26.76
48	18	283	52.23
48	18	286	48.94
48	18	291	26.41
48	18	298	44.80
48	18	305	45.03
48	18	307	44.38
48	18	320	28.23
48	18	336	40.63
48	18	338	50.63
48	18	342	23.89
48	18	379	21.20
48	18	391	45.62
48	18	437	43.66
48	18	461	54.38
48	18	513	23.45
48	18	516	47.03
48	18	565	18.92
48	18,24	52	59.42
48	18,24	95	62.82
48	18,24	97	68.77
48	18,24	286	63.38
48	18,24	291	47.39
48	18,24	298	66.14
48	18,24	320	49.20
48	18,24	336	55.82
48	18,24	342	47.56
48	18,24	437	60.00
48	18,24	565	37.79
48	19	17	48.63
48	19	39	43.82
48	19	84	25.18
48	19	111	24.39
48	19	116	47.41
48	19	118	23.37
48	19	171	54.55
48	19	223	51.21
48	19	267	41.37
48	19	277	50.20
48	19	292	53.93
48	19	322	24.70
48	19	433	54.38
48	19	447	58.86
48	19	467	25.18
48	20	5	18.52
48	20	8	24.41
48	20	24	40.01
48	20	32	52.39
48	20	49	64.89
48	20	51	18.42
48	20	61	31.30
48	20	70	58.27
48	20	89	38.42
48	20	97	52.30
48	20	103	55.11
48	20	108	41.14
48	20	117	19.94
48	20	155	36.80
48	20	163	22.65
48	20	176	53.66
48	20	177	44.61
48	20	181	26.86
48	20	194	18.92
48	20	197	44.42
48	20	221	18.55
48	20	229	35.49
48	20	248	39.77
48	20	250	18.08
48	20	263	20.25
48	20	268	22.58
48	20	274	48.01
48	20	284	19.44
48	20	286	49.23
48	20	298	45.18
48	20	302	40.86
48	20	323	20.76
48	20	342	22.55
48	20	367	22.37
48	20	371	24.28
48	20	384	31.28
48	20	387	34.77
48	20	388	43.32
48	20	393	23.92
48	20	394	42.25
48	20	398	20.83
48	20	421	18.38
48	20	437	42.07
48	20	439	20.94
48	20	441	24.35
48	20	452	21.89
48	20	470	19.82
48	20	475	21.28
48	20	477	36.90
48	20	487	43.63
48	20	490	18.90
48	20	493	19.51
48	20	494	23.15
48	20	502	35.31
48	20	507	28.68
48	20	508	32.90
48	20	509	18.24
48	20	510	51.89
48	20	517	18.56
48	20	542	29.83
48	20	550	21.28
48	20	557	22.85
48	20	559	47.27
48	20	561	22.99
48	20	565	18.17
48	20	566	20.97
48	20	568	21.65
48	20	569	19.86
48	20	570	21.32
48	20	572	20.28
48	20	573	43.20
48	20	574	21.97
48	20	581	19.94
48	20	585	22.17
48	20	586	23.21
48	20	591	18.90
48	20	592	18.94
48	20	596	19.63
48	20	604	19.34
48	20,37	5	34.39
48	20,37	8	40.39
48	20,37	24	55.39
48	20,37	32	67.21
48	20,37	51	34.79
48	20,37	89	53.90
48	20,37	97	67.79
48	20,37	117	35.89
48	20,37	163	39.17
48	20,37	177	60.52
48	20,37	181	45.82
48	20,37	194	35.90
48	20,37	221	33.42
48	20,37	250	32.30
48	20,37	263	36.79
48	20,37	268	37.97
48	20,37	284	35.80
48	20,37	286	65.03
48	20,37	298	54.52
48	20,37	323	36.99
48	20,37	342	40.99
48	20,37	367	40.27
48	20,37	371	44.14
48	20,37	387	56.01
48	20,37	394	57.48
48	20,37	421	34.34
48	20,37	437	57.51
48	20,37	439	38.08
48	20,37	441	41.18
48	20,37	470	37.04
48	20,37	477	53.35
48	20,37	487	61.07
48	20,37	490	35.06
48	20,37	493	35.66
48	20,37	494	39.93
48	20,37	507	48.94
48	20,37	508	49.73
48	20,37	509	34.39
48	20,37	510	67.37
48	20,37	517	34.72
48	20,37	542	48.41
48	20,37	550	39.18
48	20,37	559	69.52
48	20,37	561	39.76
48	20,37	565	32.93
48	20,37	566	37.13
48	20,37	568	39.55
48	20,37	569	36.01
48	20,37	570	39.23
48	20,37	572	36.44
48	20,37	574	38.13
48	20,37	581	36.10
48	20,37	585	38.32
48	20,37	591	35.06
48	20,37	592	35.10
48	20,37	596	35.79
48	20,37	604	35.49
48	21	4	29.77
48	21	19	46.62
48	21	40	11.80
48	21	42	19.46
48	21	53	9.82
48	21	64	13.06
48	21	77	34.37
48	21	79	44.37
48	21	90	35.42
48	21	96	46.94
48	21	101	14.24
48	21	109	21.80
48	21	121	31.72
48	21	123	14.48
48	21	132	14.49
48	21	135	27.06
48	21	142	44.17
48	21	146	15.99
48	21	153	51.10
48	21	154	43.59
48	21	166	13.63
48	21	169	24.82
48	21	183	12.45
48	21	187	17.72
48	21	205	15.55
48	21	230	50.82
48	21	234	44.27
48	21	244	12.87
48	21	247	20.24
48	21	259	60.21
48	21	262	56.27
48	21	270	41.42
48	21	272	70.27
48	21	310	42.44
48	21	312	14.49
48	21	319	58.52
48	21	328	14.21
48	21	329	13.21
48	21	330	33.39
48	21	331	38.96
48	21	332	52.75
48	21	333	12.77
48	21	335	49.17
48	21	362	14.42
48	21	369	14.28
48	21	373	12.56
48	21	375	27.35
48	21	378	22.77
48	21	392	13.65
48	21	402	49.66
48	21	407	14.61
48	21	411	28.69
48	21	413	14.93
48	21	415	14.35
48	21	422	42.56
48	21	424	28.44
48	21	426	11.83
48	21	427	45.82
48	21	438	45.56
48	21	449	10.63
48	21	457	12.56
48	21	468	27.01
48	21	474	22.87
48	21	476	17.10
48	21	485	55.20
48	21	492	13.49
48	21	499	18.04
48	21	500	58.93
48	21	504	15.89
48	21	521	10.08
48	21	525	47.52
48	21	533	52.08
48	21	536	52.42
48	21	547	12.94
48	21	567	61.45
48	21	587	29.90
48	22	6	36.77
48	22	33	18.18
48	22	36	24.08
48	22	54	40.62
48	22	98	17.38
48	22	100	24.62
48	22	102	20.01
48	22	106	43.10
48	22	136	43.62
48	22	137	40.68
48	22	138	24.13
48	22	143	50.51
48	22	147	40.41
48	22	159	53.49
48	22	172	66.54
48	22	173	39.72
48	22	179	71.24
48	22	199	17.92
48	22	210	19.38
48	22	215	31.76
48	22	245	34.49
48	22	256	52.93
48	22	258	49.11
48	22	266	45.94
48	22	278	21.01
48	22	285	29.34
48	22	306	39.63
48	22	309	38.63
48	22	313	22.06
48	22	321	28.85
48	22	348	49.48
48	22	351	29.45
48	22	355	46.89
48	22	357	37.35
48	22	359	32.55
48	22	363	45.70
48	22	386	18.34
48	22	389	33.46
48	22	405	44.80
48	22	479	44.42
48	22	519	41.51
48	22	534	48.24
48	22	546	41.24
48	22	548	18.48
48	22,43	33	34.97
48	22,43	36	38.38
48	22,43	100	42.28
48	22,43	106	60.90
48	22,43	136	61.23
48	22,43	138	44.30
48	22,43	278	37.49
48	22,43	285	45.25
48	22,43	321	46.61
48	22,43	348	67.14
48	22,43	357	53.51
48	22,43	359	49.93
48	22,43	389	49.80
48	22,43	519	58.49
48	22,43	546	59.00
48	23	14	50.58
48	23	20	52.27
48	23	34	44.35
48	23	78	46.66
48	23	94	57.37
48	23	141	51.70
48	23	142	48.11
48	23	162	48.24
48	23	170	32.96
48	23	211	48.62
48	23	216	50.75
48	23	230	58.08
48	23	259	65.45
48	23	269	39.00
48	23	270	51.68
48	23	272	83.30
48	23	296	77.21
48	23	300	42.87
48	23	335	53.07
48	23	392	20.24
48	23	402	56.93
48	23	567	69.59
48	24	51	22.80
48	24	52	38.28
48	24	89	38.94
48	24	95	41.25
48	24	97	48.90
48	24	122	29.63
48	24	164	33.45
48	24	176	47.27
48	24	221	19.96
48	24	229	38.32
48	24	237	37.82
48	24	250	18.93
48	24	263	20.77
48	24	286	50.38
48	24	289	18.82
48	24	291	27.68
48	24	298	45.00
48	24	317	18.94
48	24	320	26.48
48	24	336	43.20
48	24	338	44.04
48	24	342	23.41
48	24	384	25.34
48	24	387	35.20
48	24	394	34.76
48	24	418	17.61
48	24	421	21.24
48	24	437	40.37
48	24	439	23.03
48	24	487	35.44
48	24	510	47.65
48	24	565	18.07
48	24,28	52	46.93
48	24,28	89	47.35
48	24,28	95	54.72
48	24,28	97	57.77
48	24,28	164	41.63
48	24,28	229	46.72
48	24,28	263	30.25
48	24,28	286	61.23
48	24,28	289	27.72
48	24,28	291	36.52
48	24,28	298	54.08
48	24,28	320	35.25
48	24,28	336	56.72
48	24,28	384	33.61
48	24,28	387	44.76
48	24,28	394	45.58
48	24,28	418	26.18
48	24,28	421	29.73
48	24,28	487	44.69
48	24,28	565	26.72
48	25	2	17.38
48	25	13	50.54
48	25	26	43.46
48	25	43	12.42
48	25	44	41.15
48	25	56	14.06
48	25	80	21.04
48	25	104	31.25
48	25	105	22.94
48	25	114	28.17
48	25	126	21.23
48	25	139	42.97
48	25	156	18.37
48	25	180	34.62
48	25	189	29.82
48	25	207	19.72
48	25	213	20.77
48	25	217	33.80
48	25	233	19.52
48	25	239	55.69
48	25	261	43.32
48	25	265	19.00
48	25	280	13.66
48	25	288	39.90
48	25	299	15.90
48	25	303	38.31
48	25	324	16.15
48	25	344	41.06
48	25	346	21.14
48	25	349	14.83
48	25	353	46.06
48	25	354	20.89
48	25	361	22.99
48	25	381	28.14
48	25	403	41.13
48	25	412	26.32
48	25	428	15.97
48	25	431	26.87
48	25	436	22.13
48	25	444	23.45
48	25	454	25.18
48	25	458	24.41
48	25	463	18.99
48	25	464	16.97
48	25	483	33.42
48	25	496	21.23
48	25	498	12.93
48	25	523	41.07
48	25	524	16.56
48	25	553	19.13
48	25	579	45.52
48	25,26	2	28.32
48	25,26	43	21.82
48	25,26	44	51.32
48	25,26	56	24.85
48	25,26	80	30.86
48	25,26	104	41.18
48	25,26	105	33.54
48	25,26	114	38.56
48	25,26	126	32.51
48	25,26	139	52.99
48	25,26	156	28.38
48	25,26	180	44.63
48	25,26	189	39.70
48	25,26	207	29.73
48	25,26	213	31.72
48	25,26	233	30.18
48	25,26	265	29.94
48	25,26	280	23.90
48	25,26	299	27.18
48	25,26	303	47.32
48	25,26	324	26.63
48	25,26	346	32.14
48	25,26	349	24.45
48	25,26	354	31.79
48	25,26	361	35.34
48	25,26	381	38.87
48	25,26	403	58.41
48	25,26	412	36.20
48	25,26	428	26.34
48	25,26	431	37.73
48	25,26	436	34.38
48	25,26	444	32.86
48	25,26	454	36.13
48	25,26	458	34.46
48	25,26	463	29.37
48	25,26	464	26.69
48	25,26	496	32.80
48	25,26	498	23.17
48	25,26	523	51.48
48	25,26	524	26.80
48	25,26	553	30.21
48	25,26	579	55.69
48	25,35	2	26.97
48	25,35	43	20.73
48	25,35	44	50.20
48	25,35	56	23.54
48	25,35	80	30.08
48	25,35	104	40.07
48	25,35	105	32.37
48	25,35	114	40.42
48	25,35	126	30.87
48	25,35	139	51.87
48	25,35	156	27.14
48	25,35	180	43.45
48	25,35	189	38.63
48	25,35	207	28.56
48	25,35	213	30.58
48	25,35	233	28.87
48	25,35	265	28.80
48	25,35	280	22.68
48	25,35	299	25.68
48	25,35	303	46.41
48	25,35	324	25.35
48	25,35	346	30.77
48	25,35	349	23.31
48	25,35	354	30.48
48	25,35	361	33.75
48	25,35	381	37.62
48	25,35	403	55.01
48	25,35	412	34.99
48	25,35	428	25.00
48	25,35	431	36.41
48	25,35	436	32.90
48	25,35	444	31.80
48	25,35	454	34.76
48	25,35	458	33.35
48	25,35	463	28.03
48	25,35	464	25.44
48	25,35	496	31.37
48	25,35	498	21.94
48	25,35	523	50.25
48	25,35	524	25.58
48	25,35	553	28.79
48	25,35	579	54.54
48	26	2	15.13
48	26	13	51.17
48	26	26	41.99
48	26	43	14.42
48	26	44	40.58
48	26	56	14.89
48	26	63	38.27
48	26	80	20.03
48	26	104	29.92
48	26	105	24.82
48	26	114	26.52
48	26	126	18.83
48	26	139	43.92
48	26	156	19.08
48	26	180	34.42
48	26	189	28.30
48	26	207	18.20
48	26	213	19.37
48	26	217	36.06
48	26	233	17.99
48	26	239	54.55
48	26	261	45.44
48	26	265	21.08
48	26	280	15.90
48	26	288	39.75
48	26	299	17.55
48	26	303	37.51
48	26	324	14.31
48	26	344	42.30
48	26	346	19.41
48	26	349	12.77
48	26	353	46.66
48	26	354	19.51
48	26	361	20.62
48	26	381	30.06
48	26	403	43.85
48	26	412	28.54
48	26	428	18.24
48	26	431	28.97
48	26	435	19.79
48	26	436	20.00
48	26	444	25.28
48	26	454	24.14
48	26	455	20.93
48	26	458	22.70
48	26	463	17.18
48	26	464	17.58
48	26	481	48.10
48	26	483	35.18
48	26	496	19.20
48	26	498	15.18
48	26	503	18.44
48	26	523	39.83
48	26	524	14.38
48	26	553	20.28
48	26	579	44.08
48	26,35	2	30.97
48	26,35	43	26.18
48	26,35	44	57.00
48	26,35	56	28.76
48	26,35	80	33.24
48	26,35	104	46.06
48	26,35	105	38.31
48	26,35	114	40.45
48	26,35	126	35.10
48	26,35	139	56.27
48	26,35	156	31.96
48	26,35	180	51.06
48	26,35	189	44.06
48	26,35	207	32.10
48	26,35	213	34.45
48	26,35	233	33.48
48	26,35	265	34.18
48	26,35	280	28.77
48	26,35	299	31.32
48	26,35	303	51.38
48	26,35	324	29.48
48	26,35	346	35.30
48	26,35	349	26.48
48	26,35	354	34.73
48	26,35	361	38.08
48	26,35	381	43.94
48	26,35	403	53.01
48	26,35	412	41.08
48	26,35	428	30.97
48	26,35	431	43.20
48	26,35	435	36.46
48	26,35	436	36.90
48	26,35	444	37.07
48	26,35	454	37.93
48	26,35	455	35.37
48	26,35	458	36.83
48	26,35	463	31.51
48	26,35	464	30.01
48	26,35	481	68.17
48	26,35	496	35.25
48	26,35	498	28.13
48	26,35	503	33.80
48	26,35	523	57.21
48	26,35	524	28.37
48	26,35	553	34.04
48	26,35	579	60.77
48	27	7	38.35
48	27	12	21.77
48	27	55	47.65
48	27	62	32.23
48	27	73	19.72
48	27	82	47.39
48	27	112	21.45
48	27	113	20.04
48	27	129	19.25
48	27	149	52.85
48	27	193	18.96
48	27	227	46.37
48	27	240	37.18
48	27	257	33.80
48	27	273	18.72
48	27	276	16.85
48	27	310	54.79
48	27	311	24.10
48	27	356	21.42
48	27	365	18.01
48	27	372	49.70
48	27	438	58.83
48	27	497	18.59
48	27	500	59.07
48	27	520	45.06
48	27	528	57.93
48	27	556	34.73
48	27	593	19.63
48	27,30	7	47.62
48	27,30	12	30.82
48	27,30	55	55.42
48	27,30	73	28.66
48	27,30	112	30.28
48	27,30	113	28.89
48	27,30	129	27.83
48	27,30	193	27.55
48	27,30	240	46.01
48	27,30	257	42.89
48	27,30	273	27.27
48	27,30	276	25.17
48	27,30	311	33.10
48	27,30	356	30.58
48	27,30	365	26.38
48	27,30	497	27.18
48	27,30	520	53.54
48	27,30	556	43.49
48	27,30	593	28.58
48	28	5	16.85
48	28	24	39.52
48	28	28	36.45
48	28	52	34.45
48	28	66	18.83
48	28	67	30.49
48	28	75	31.03
48	28	89	35.44
48	28	95	36.97
48	28	97	46.62
48	28	120	47.59
48	28	158	13.76
48	28	163	12.69
48	28	164	29.82
48	28	176	42.79
48	28	177	41.32
48	28	208	10.68
48	28	229	34.18
48	28	263	17.10
48	28	284	17.06
48	28	286	44.46
48	28	289	14.94
48	28	291	24.20
48	28	298	41.30
48	28	320	21.42
48	28	323	16.49
48	28	336	39.14
48	28	338	45.49
48	28	360	17.86
48	28	377	24.62
48	28	379	16.01
48	28	384	22.49
48	28	387	30.94
48	28	394	33.87
48	28	418	14.83
48	28	421	17.24
48	28	441	12.06
48	28	461	49.28
48	28	462	18.72
48	28	470	18.18
48	28	477	34.27
48	28	487	30.46
48	28	490	17.04
48	28	493	16.14
48	28	494	14.45
48	28	508	29.42
48	28	509	16.45
48	28	532	36.86
48	28	551	16.80
48	28	558	16.87
48	28	565	15.18
48	28	566	14.17
48	28	569	16.69
48	28	572	15.89
48	28	581	15.20
48	28	583	14.65
48	28	585	17.08
48	28	589	19.17
48	28	591	17.04
48	28	592	16.99
48	28	596	16.85
48	28	599	16.89
48	28	600	14.96
48	28	603	30.87
48	28	604	16.72
48	29	11	24.61
48	29	33	22.54
48	29	50	22.10
48	29	54	49.55
48	29	71	21.37
48	29	87	35.52
48	29	106	49.72
48	29	136	45.08
48	29	138	22.25
48	29	160	30.92
48	29	172	56.10
48	29	198	31.59
48	29	209	27.45
48	29	210	24.25
48	29	278	21.15
48	29	285	32.08
48	29	297	20.86
48	29	321	31.65
48	29	348	55.24
48	29	355	52.25
48	29	357	40.59
48	29	359	39.63
48	29	363	44.55
48	29	368	36.87
48	29	389	35.32
48	29	440	19.80
48	29	479	41.31
48	29	519	38.31
48	29	546	37.92
48	29	548	22.44
48	29,38	33	37.03
48	29,38	87	48.77
48	29,38	106	67.06
48	29,38	136	60.39
48	29,38	138	40.13
48	29,38	160	44.90
48	29,38	210	39.82
48	29,38	285	42.56
48	29,38	321	47.11
48	29,38	348	63.48
48	29,38	357	54.46
48	29,38	359	57.97
48	29,38	363	59.86
48	29,38	519	53.01
48	29,38	548	36.90
48	29,41	33	34.58
48	29,41	71	36.39
48	29,41	87	48.82
48	29,41	106	60.06
48	29,41	136	59.92
48	29,41	138	41.83
48	29,41	160	43.00
48	29,41	198	49.41
48	29,41	210	32.77
48	29,41	285	43.31
48	29,41	321	45.10
48	29,41	348	66.41
48	29,41	357	50.75
48	29,41	359	50.31
48	29,41	363	61.83
48	29,41	368	52.85
48	29,41	519	55.46
48	29,41	548	30.35
48	29,42	11	42.11
48	29,42	33	38.51
48	29,42	50	37.21
48	29,42	71	36.90
48	29,42	87	50.34
48	29,42	106	66.70
48	29,42	136	61.85
48	29,42	138	41.59
48	29,42	160	46.42
48	29,42	198	48.32
48	29,42	210	41.27
48	29,42	278	36.86
48	29,42	285	49.90
48	29,42	297	36.37
48	29,42	321	48.56
48	29,42	348	72.08
48	29,42	357	55.97
48	29,42	359	56.21
48	29,42	363	61.31
48	29,42	368	55.59
48	29,42	389	50.93
48	29,42	440	36.15
48	29,42	519	54.51
48	29,42	546	54.18
48	29,42	548	38.41
48	30	7	35.89
48	30	12	19.06
48	30	42	24.23
48	30	48	16.86
48	30	55	42.00
48	30	73	16.94
48	30	81	14.80
48	30	82	45.07
48	30	112	18.52
48	30	113	18.82
48	30	119	43.27
48	30	125	50.45
48	30	127	19.08
48	30	129	16.56
48	30	134	33.80
48	30	140	39.44
48	30	148	39.94
48	30	149	49.97
48	30	168	40.07
48	30	178	32.59
48	30	186	32.44
48	30	191	33.27
48	30	193	17.99
48	30	201	34.41
48	30	204	23.30
48	30	206	17.45
48	30	222	18.72
48	30	240	35.72
48	30	257	31.23
48	30	273	17.45
48	30	276	15.66
48	30	293	41.10
48	30	311	21.37
48	30	339	22.14
48	30	356	17.69
48	30	365	14.61
48	30	396	27.59
48	30	399	31.92
48	30	409	36.80
48	30	419	18.44
48	30	420	19.56
48	30	424	29.00
48	30	442	39.79
48	30	443	17.35
48	30	445	19.15
48	30	456	21.62
48	30	459	29.39
48	30	497	17.62
48	30	505	26.90
48	30	520	41.75
48	30	528	55.34
48	30	552	21.44
48	30	556	32.27
48	30	562	16.65
48	30	593	16.85
48	30	601	19.07
48	31	8	27.48
48	31	32	57.92
48	31	47	44.83
48	31	51	28.66
48	31	61	37.94
48	31	89	50.04
48	31	103	61.32
48	31	108	50.08
48	31	155	42.51
48	31	181	29.61
48	31	192	54.82
48	31	197	50.13
48	31	221	26.83
48	31	238	52.34
48	31	248	41.41
48	31	250	25.59
48	31	255	45.24
48	31	263	30.65
48	31	268	25.72
48	31	274	59.99
48	31	286	51.31
48	31	317	26.27
48	31	342	31.23
48	31	387	50.23
48	31	388	50.54
48	31	394	52.15
48	31	397	58.62
48	31	421	29.11
48	31	437	52.25
48	31	439	30.25
48	31	475	29.66
48	31	487	54.42
48	31	510	54.89
48	31	560	50.04
48	31	565	26.03
48	32	3	20.15
48	32	19	50.17
48	32	22	16.92
48	32	69	40.34
48	32	77	53.42
48	32	79	46.72
48	32	86	51.28
48	32	91	33.90
48	32	92	42.18
48	32	115	47.03
48	32	146	21.45
48	32	150	33.77
48	32	153	59.00
48	32	154	46.34
48	32	185	34.00
48	32	196	42.28
48	32	202	25.44
48	32	234	53.89
48	32	241	19.13
48	32	271	44.11
48	32	312	20.97
48	32	315	32.80
48	32	319	70.15
48	32	328	18.73
48	32	332	60.14
48	32	343	17.15
48	32	374	18.27
48	32	422	44.93
48	32	438	48.87
48	32	460	23.46
48	32	474	33.11
48	32	476	24.54
48	32	484	14.85
48	32	500	62.10
48	32	525	48.93
48	32	526	20.76
48	32	575	26.07
48	33	27	47.66
48	33	37	57.69
48	33	111	26.86
48	33	124	28.51
48	33	130	31.86
48	33	145	58.77
48	33	174	54.73
48	33	223	60.66
48	33	251	64.03
48	33	253	50.55
48	33	264	56.69
48	33	277	50.94
48	33	292	55.20
48	33	322	22.56
48	33	383	56.45
48	33	410	52.23
48	33	447	63.35
48	33	488	52.89
48	33	516	47.76
48	33	541	26.06
48	34	2	15.24
48	34	13	53.18
48	34	26	41.14
48	34	29	16.31
48	34	41	31.89
48	34	43	16.90
48	34	44	42.55
48	34	56	18.14
48	34	63	38.70
48	34	80	23.04
48	34	104	31.86
48	34	114	28.80
48	34	126	22.06
48	34	139	37.55
48	34	156	22.06
48	34	180	36.54
48	34	189	30.55
48	34	207	20.35
48	34	213	17.87
48	34	217	30.58
48	34	233	16.61
48	34	239	53.15
48	34	261	48.13
48	34	265	23.65
48	34	280	18.85
48	34	303	34.18
48	34	324	17.34
48	34	334	37.54
48	34	346	19.66
48	34	349	13.73
48	34	353	48.46
48	34	354	21.96
48	34	361	23.80
48	34	381	32.83
48	34	403	46.59
48	34	412	31.39
48	34	428	21.49
48	34	431	32.04
48	34	435	18.68
48	34	436	22.89
48	34	444	27.56
48	34	454	28.00
48	34	455	19.51
48	34	458	21.51
48	34	463	19.66
48	34	464	20.69
48	34	471	22.52
48	34	481	49.89
48	34	483	37.72
48	34	496	21.97
48	34	498	18.08
48	34	522	19.35
48	34	523	42.06
48	34	524	14.75
48	34	553	24.27
48	34	590	18.85
48	34,36	2	32.49
48	34,36	29	28.38
48	34,36	41	41.56
48	34,36	80	37.90
48	34,36	114	39.94
48	34,36	139	55.58
48	34,36	156	37.06
48	34,36	213	32.80
48	34,36	233	33.15
48	34,36	303	48.23
48	34,36	334	51.72
48	34,36	346	37.37
48	34,36	349	28.35
48	34,36	361	38.58
48	34,36	435	34.13
48	34,36	436	37.30
48	34,36	444	40.86
48	34,36	455	33.63
48	34,36	463	31.89
48	34,36	464	35.31
48	34,36	471	29.00
48	34,36	496	35.51
48	34,36	522	32.90
48	34,36	523	53.27
48	34,36	524	30.54
48	34,36	590	31.30
48	35	2	15.85
48	35	10	32.96
48	35	13	50.92
48	35	26	42.75
48	35	43	13.13
48	35	44	40.83
48	35	56	13.54
48	35	63	38.54
48	35	80	20.21
48	35	104	30.13
48	35	105	23.76
48	35	114	31.31
48	35	126	18.35
48	35	139	42.76
48	35	156	17.80
48	35	180	34.66
48	35	189	28.75
48	35	207	18.10
48	35	213	19.93
48	35	217	34.35
48	35	233	18.77
48	35	239	55.01
48	35	261	44.11
48	35	265	19.44
48	35	280	14.45
48	35	288	39.97
48	35	299	14.90
48	35	303	35.96
48	35	324	14.87
48	35	344	41.51
48	35	346	20.08
48	35	349	13.30
48	35	353	46.51
48	35	354	19.45
48	35	361	20.34
48	35	381	28.99
48	35	403	33.18
48	35	412	27.17
48	35	428	16.06
48	35	430	30.21
48	35	431	27.83
48	35	435	20.51
48	35	436	19.65
48	35	444	24.13
48	35	454	22.42
48	35	455	21.69
48	35	458	23.25
48	35	463	16.66
48	35	464	16.14
48	35	481	48.25
48	35	483	34.04
48	35	496	18.85
48	35	498	13.80
48	35	503	18.04
48	35	523	40.06
48	35	524	14.04
48	35	553	18.13
48	35	579	44.32
48	36	2	18.45
48	36	13	49.80
48	36	21	53.21
48	36	26	39.93
48	36	29	15.35
48	36	41	28.14
48	36	63	34.52
48	36	80	24.80
48	36	114	25.70
48	36	139	42.24
48	36	144	45.56
48	36	156	23.42
48	36	161	28.59
48	36	213	18.56
48	36	217	38.56
48	36	233	18.45
48	36	239	53.51
48	36	261	49.27
48	36	279	20.65
48	36	303	36.82
48	36	334	37.44
48	36	346	22.37
48	36	349	16.00
48	36	353	45.07
48	36	361	21.18
48	36	435	18.27
48	36	436	20.42
48	36	444	28.48
48	36	455	20.06
48	36	463	17.44
48	36	464	21.97
48	36	471	13.62
48	36	483	38.86
48	36	496	19.48
48	36	514	19.97
48	36	522	17.52
48	36	523	39.28
48	36	524	16.63
48	36	563	19.08
48	36	576	21.87
48	36	590	17.38
48	36,39	2	28.28
48	36,39	29	23.77
48	36,39	41	37.62
48	36,39	80	34.01
48	36,39	114	32.06
48	36,39	139	51.66
48	36,39	156	32.89
48	36,39	213	28.25
48	36,39	233	28.01
48	36,39	303	44.96
48	36,39	334	47.83
48	36,39	346	32.25
48	36,39	349	24.35
48	36,39	361	32.66
48	36,39	435	28.45
48	36,39	436	31.72
48	36,39	444	37.17
48	36,39	455	28.86
48	36,39	463	26.70
48	36,39	464	31.13
48	36,39	471	23.56
48	36,39	496	30.04
48	36,39	522	27.46
48	36,39	523	49.13
48	36,39	524	25.66
48	36,39	576	31.03
48	36,39	590	26.41
48	37	5	17.87
48	37	8	22.54
48	37	24	40.48
48	37	32	51.00
48	37	51	20.48
48	37	52	39.20
48	37	75	36.37
48	37	89	40.49
48	37	97	48.72
48	37	103	50.65
48	37	117	17.85
48	37	158	19.92
48	37	163	19.10
48	37	176	48.41
48	37	177	41.17
48	37	181	23.83
48	37	194	19.61
48	37	208	19.18
48	37	219	18.82
48	37	221	16.44
48	37	250	15.92
48	37	263	18.24
48	37	268	19.72
48	37	284	18.15
48	37	286	47.41
48	37	291	27.14
48	37	298	30.65
48	37	302	42.77
48	37	323	17.24
48	37	342	18.89
48	37	350	18.68
48	37	367	18.72
48	37	371	20.34
48	37	387	37.14
48	37	388	40.44
48	37	391	45.86
48	37	394	40.32
48	37	421	18.35
48	37	425	39.77
48	37	437	43.35
48	37	439	18.89
48	37	441	21.76
48	37	462	24.15
48	37	470	19.27
48	37	477	34.11
48	37	487	40.17
48	37	490	18.14
48	37	493	17.87
48	37	494	18.65
48	37	507	26.76
48	37	508	29.27
48	37	509	18.58
48	37	510	48.34
48	37	517	18.49
48	37	532	46.37
48	37	542	32.76
48	37	550	19.52
48	37	551	21.23
48	37	559	41.63
48	37	561	19.80
48	37	565	16.15
48	37	566	19.44
48	37	568	19.80
48	37	569	17.87
48	37	570	19.55
48	37	571	31.39
48	37	572	17.07
48	37	573	45.75
48	37	574	18.75
48	37	581	18.80
48	37	585	16.93
48	37	591	18.14
48	37	592	18.08
48	37	596	17.93
48	37	599	20.80
48	37	603	36.44
48	37	604	17.90
48	38	6	35.97
48	38	16	20.77
48	38	31	28.76
48	38	33	17.54
48	38	36	31.45
48	38	46	18.14
48	38	65	18.14
48	38	87	33.54
48	38	98	14.07
48	38	99	25.92
48	38	102	16.03
48	38	106	40.38
48	38	136	42.89
48	38	138	22.82
48	38	159	52.90
48	38	160	26.99
48	38	165	17.39
48	38	172	63.83
48	38	173	46.55
48	38	179	68.07
48	38	190	15.77
48	38	199	14.54
48	38	210	16.49
48	38	215	45.69
48	38	218	14.24
48	38	225	41.94
48	38	226	48.46
48	38	236	16.94
48	38	245	33.04
48	38	256	52.11
48	38	275	22.04
48	38	285	25.90
48	38	294	15.96
48	38	295	20.72
48	38	304	17.04
48	38	306	39.21
48	38	321	27.92
48	38	337	19.18
48	38	348	36.30
48	38	355	48.35
48	38	357	35.14
48	38	359	31.87
48	38	363	44.80
48	38	364	17.61
48	38	366	20.92
48	38	385	23.65
48	38	386	14.56
48	38	401	61.17
48	38	404	19.37
48	38	405	44.41
48	38	414	25.24
48	38	416	20.66
48	38	423	20.85
48	38	432	25.86
48	38	448	30.68
48	38	451	26.30
48	38	466	26.72
48	38	479	43.31
48	38	482	16.58
48	38	486	47.85
48	38	489	28.59
48	38	519	40.32
48	38	527	25.97
48	38	529	41.23
48	38	535	18.17
48	38	538	21.28
48	38	539	20.46
48	38	540	39.00
48	38	548	16.42
48	38	555	21.30
48	38	564	20.93
48	38	577	20.06
48	38	598	50.46
48	38	602	23.00
48	38,40	16	36.94
48	38,40	31	45.34
48	38,40	33	32.49
48	38,40	36	49.08
48	38,40	46	32.65
48	38,40	65	32.65
48	38,40	87	48.42
48	38,40	98	28.97
48	38,40	99	42.68
48	38,40	102	32.10
48	38,40	106	57.77
48	38,40	136	60.15
48	38,40	138	38.17
48	38,40	160	42.69
48	38,40	165	32.52
48	38,40	173	63.21
48	38,40	190	31.13
48	38,40	199	30.00
48	38,40	210	32.28
48	38,40	218	29.23
48	38,40	236	32.68
48	38,40	245	48.10
48	38,40	275	38.20
48	38,40	285	35.08
48	38,40	294	31.73
48	38,40	295	36.41
48	38,40	304	31.42
48	38,40	321	45.35
48	38,40	337	34.15
48	38,40	348	54.83
48	38,40	357	50.79
48	38,40	359	48.82
48	38,40	363	62.07
48	38,40	364	34.20
48	38,40	366	36.72
48	38,40	385	40.37
48	38,40	386	29.99
48	38,40	404	35.18
48	38,40	414	42.59
48	38,40	416	35.61
48	38,40	423	36.68
48	38,40	432	42.75
48	38,40	448	47.62
48	38,40	451	43.55
48	38,40	466	44.61
48	38,40	482	33.28
48	38,40	489	44.46
48	38,40	519	56.87
48	38,40	527	44.41
48	38,40	529	59.42
48	38,40	535	33.93
48	38,40	538	37.04
48	38,40	539	36.23
48	38,40	540	57.37
48	38,40	548	31.41
48	38,40	555	37.06
48	38,40	564	36.69
48	38,40	577	35.82
48	38,40	598	68.75
48	38,40	602	38.76
48	38,42	33	35.65
48	38,42	36	55.76
48	38,42	87	48.93
48	38,42	98	35.38
48	38,42	102	40.06
48	38,42	106	70.56
48	38,42	136	59.65
48	38,42	138	38.00
48	38,42	160	44.07
48	38,42	173	64.38
48	38,42	199	36.25
48	38,42	210	37.75
48	38,42	218	35.73
48	38,42	245	59.38
48	38,42	285	43.76
48	38,42	321	45.38
48	38,42	348	67.03
48	38,42	357	52.99
48	38,42	359	61.46
48	38,42	363	59.13
48	38,42	386	37.13
48	38,42	519	53.83
48	38,42	548	35.04
48	39	2	12.90
48	39	13	48.79
48	39	21	50.31
48	39	26	37.55
48	39	29	12.44
48	39	41	29.76
48	39	43	14.72
48	39	44	40.52
48	39	63	36.69
48	39	80	17.08
48	39	104	29.55
48	39	114	22.35
48	39	126	18.42
48	39	139	33.25
48	39	156	19.73
48	39	180	34.48
48	39	207	17.62
48	39	213	14.68
48	39	217	35.86
48	39	233	13.62
48	39	239	50.11
48	39	261	46.00
48	39	265	21.44
48	39	280	16.52
48	39	303	35.59
48	39	324	15.06
48	39	334	34.28
48	39	346	17.38
48	39	349	11.21
48	39	353	44.03
48	39	361	20.39
48	39	381	31.04
48	39	403	43.65
48	39	412	29.10
48	39	431	30.39
48	39	435	13.79
48	39	436	19.55
48	39	444	25.46
48	39	454	24.68
48	39	455	16.13
48	39	458	19.41
48	39	463	16.38
48	39	464	18.23
48	39	471	18.42
48	39	481	46.76
48	39	483	35.55
48	39	496	18.68
48	39	498	15.79
48	39	522	14.68
48	39	523	39.89
48	39	524	11.56
48	39	553	21.31
48	39	576	19.54
48	39	590	14.70
48	40	6	34.21
48	40	16	18.62
48	40	31	26.99
48	40	33	15.76
48	40	36	29.65
48	40	46	16.54
48	40	65	16.66
48	40	87	32.04
48	40	98	13.00
48	40	99	24.15
48	40	102	14.56
48	40	106	38.62
48	40	136	41.06
48	40	138	20.99
48	40	159	52.38
48	40	160	25.38
48	40	165	15.65
48	40	172	61.94
48	40	173	44.79
48	40	179	66.04
48	40	190	14.42
48	40	199	13.35
48	40	210	14.94
48	40	215	44.32
48	40	218	13.17
48	40	225	39.94
48	40	226	46.62
48	40	236	15.25
48	40	245	31.54
48	40	256	50.25
48	40	275	19.97
48	40	285	23.49
48	40	294	14.56
48	40	295	19.00
48	40	304	15.56
48	40	306	37.73
48	40	321	26.03
48	40	337	17.51
48	40	348	41.75
48	40	355	46.76
48	40	357	33.51
48	40	359	30.14
48	40	363	42.97
48	40	364	15.76
48	40	366	18.93
48	40	385	21.34
48	40	386	13.34
48	40	401	59.51
48	40	404	17.32
48	40	405	42.92
48	40	414	22.76
48	40	416	18.96
48	40	423	18.82
48	40	432	24.38
48	40	448	28.85
48	40	451	24.75
48	40	466	23.72
48	40	479	41.59
48	40	482	14.83
48	40	486	46.13
48	40	489	26.97
48	40	519	38.61
48	40	527	22.99
48	40	529	39.23
48	40	535	16.17
48	40	538	19.55
48	40	539	18.46
48	40	540	37.17
48	40	548	14.80
48	40	555	19.30
48	40	564	18.93
48	40	577	18.06
48	40	598	48.46
48	40	602	21.00
48	41	6	34.86
48	41	16	21.34
48	41	31	30.20
48	41	33	17.23
48	41	36	28.35
48	41	46	17.59
48	41	54	48.14
48	41	65	18.73
48	41	71	19.75
48	41	87	33.15
48	41	98	16.41
48	41	102	18.55
48	41	106	41.82
48	41	136	41.77
48	41	138	21.00
48	41	159	55.32
48	41	160	26.48
48	41	165	18.82
48	41	172	62.20
48	41	173	46.55
48	41	179	67.03
48	41	188	37.06
48	41	190	17.70
48	41	198	31.30
48	41	199	16.44
48	41	210	15.65
48	41	215	45.10
48	41	218	16.58
48	41	226	45.75
48	41	236	16.79
48	41	245	32.52
48	41	256	51.13
48	41	275	19.62
48	41	285	27.21
48	41	294	18.61
48	41	304	18.37
48	41	306	38.55
48	41	321	26.75
48	41	337	18.61
48	41	348	48.14
48	41	355	47.86
48	41	357	34.28
48	41	359	32.52
48	41	363	43.69
48	41	364	19.69
48	41	366	18.25
48	41	368	32.30
48	41	382	22.13
48	41	385	20.30
48	41	386	17.23
48	41	401	58.32
48	41	404	17.77
48	41	405	43.93
48	41	414	22.97
48	41	416	22.07
48	41	423	19.46
48	41	432	25.11
48	41	451	24.38
48	41	466	23.37
48	41	479	41.85
48	41	482	19.69
48	41	486	49.25
48	41	489	29.97
48	41	511	24.83
48	41	518	18.62
48	41	519	38.06
48	41	527	27.79
48	41	529	39.76
48	41	535	16.44
48	41	538	23.06
48	41	539	19.10
48	41	540	40.66
48	41	544	21.14
48	41	548	14.38
48	41	555	19.37
48	41	564	21.54
48	41	577	18.23
48	41	578	20.31
48	41	584	20.44
48	41	588	20.89
48	41	602	21.54
48	42	6	39.42
48	42	11	29.18
48	42	33	25.86
48	42	36	39.46
48	42	50	26.73
48	42	54	53.55
48	42	71	25.28
48	42	87	39.65
48	42	98	26.94
48	42	102	30.90
48	42	106	52.86
48	42	136	49.24
48	42	138	25.01
48	42	159	62.35
48	42	160	34.34
48	42	172	70.62
48	42	173	54.27
48	42	179	73.93
48	42	198	37.11
48	42	199	27.32
48	42	210	27.07
48	42	215	49.03
48	42	218	27.13
48	42	245	41.61
48	42	256	59.97
48	42	278	24.76
48	42	285	30.01
48	42	297	24.65
48	42	306	44.20
48	42	321	34.92
48	42	348	58.80
48	42	355	55.68
48	42	357	43.44
48	42	359	42.83
48	42	363	48.72
48	42	368	41.68
48	42	386	28.83
48	42	389	38.75
48	42	405	47.97
48	42	440	24.90
48	42	479	45.69
48	42	519	39.23
48	42	546	33.69
48	42	548	25.11
48	43	6	36.89
48	43	15	27.39
48	43	33	23.85
48	43	36	34.61
48	43	54	46.21
48	43	58	26.87
48	43	87	35.97
48	43	100	24.38
48	43	106	53.30
48	43	136	44.61
48	43	138	27.48
48	43	159	61.92
48	43	172	72.54
48	43	198	37.65
48	43	278	20.97
48	43	285	38.28
48	43	306	40.41
48	43	316	25.61
48	43	321	32.99
48	43	348	60.10
48	43	355	53.65
48	43	357	44.92
48	43	359	42.20
48	43	389	35.34
48	43	440	25.77
48	43	519	43.97
48	43	534	48.24
48	43	546	51.87
48	43	594	30.37
