Task=70 Orders=37 Vehicles=437 Scores=1316
70	1	6	47.56
70	1	19	39.31
70	1	60	46.14
70	1	162	43.79
70	1	170	32.51
70	1	180	58.25
70	1	221	18.85
70	1	231	40.72
70	1	255	44.90
70	1	321	20.73
70	1	349	52.21
70	1	386	56.01
70	1	418	49.13
70	1,9	6	56.58
70	1,9	19	48.00
70	1,9	60	55.49
70	1,9	162	52.32
70	1,9	170	43.23
70	1,9	221	27.79
70	1,9	231	49.65
70	1,9	255	54.17
70	1,9	321	29.66
70	1,9	386	64.94
70	1,9	418	61.10
70	1,10	6	57.46
70	1,10	162	52.79
70	1,10	170	45.56
70	1,10	221	31.39
70	1,10	231	49.61
70	1,10	321	31.45
70	1,10	386	65.70
70	1,10	418	60.70
70	2	4	6.87
70	2	7	9.34
70	2	11	31.73
70	2	33	38.34
70	2	45	6.66
70	2	67	10.54
70	2	71	54.21
70	2	89	9.56
70	2	91	9.17
70	2	93	41.03
70	2	94	7.73
70	2	103	33.86
70	2	105	7.10
70	2	114	7.30
70	2	124	10.77
70	2	136	11.77
70	2	141	9.73
70	2	143	11.56
70	2	149	7.79
70	2	155	14.51
70	2	156	10.79
70	2	158	7.44
70	2	163	10.87
70	2	177	11.80
70	2	179	8.72
70	2	184	35.10
70	2	185	35.61
70	2	205	34.72
70	2	222	39.76
70	2	227	39.79
70	2	230	37.79
70	2	232	38.90
70	2	234	9.89
70	2	236	7.49
70	2	244	30.51
70	2	245	17.89
70	2	247	8.63
70	2	249	11.59
70	2	250	11.68
70	2	259	43.27
70	2	275	9.46
70	2	276	8.63
70	2	290	33.42
70	2	291	10.89
70	2	293	8.44
70	2	295	11.04
70	2	300	30.27
70	2	319	15.82
70	2	327	10.58
70	2	334	6.68
70	2	337	36.00
70	2	342	12.06
70	2	408	12.61
70	2	413	21.39
70	2	420	9.11
70	2	424	26.66
70	2	435	44.97
70	2,23	93	64.96
70	2,23	222	65.14
70	2,23	230	48.27
70	2,23	337	59.10
70	3	3	15.18
70	3	28	38.38
70	3	30	18.38
70	3	69	44.39
70	3	116	32.90
70	3	118	38.48
70	3	129	39.58
70	3	137	12.70
70	3	176	41.14
70	3	182	18.18
70	3	197	47.11
70	3	201	49.20
70	3	208	22.56
70	3	225	46.14
70	3	226	33.27
70	3	228	73.44
70	3	260	22.07
70	3	288	42.68
70	3	317	34.45
70	3	340	37.11
70	3	351	46.42
70	3	367	46.85
70	3	369	21.45
70	3	410	16.41
70	3	415	17.63
70	3	416	17.82
70	3	422	42.27
70	3	423	38.51
70	3	429	19.01
70	3	432	29.30
70	3	436	19.28
70	3,4	116	51.13
70	3,4	176	50.85
70	3,4	208	38.34
70	3,4	228	96.35
70	3,4	317	49.21
70	3,4	340	59.07
70	4	22	20.55
70	4	48	39.49
70	4	116	39.61
70	4	118	38.65
70	4	138	40.66
70	4	176	31.90
70	4	197	53.27
70	4	208	25.68
70	4	213	40.99
70	4	214	57.14
70	4	228	80.54
70	4	272	62.79
70	4	317	37.06
70	4	318	63.32
70	4	333	38.83
70	4	340	45.07
70	4	363	44.61
70	4,21	208	39.62
70	4,26	116	46.86
70	4,26	176	39.51
70	4,26	208	33.20
70	4,26	213	48.87
70	4,26	228	88.35
70	4,26	317	44.73
70	4,26	333	46.25
70	4,26	340	63.73
70	4,26	363	54.82
70	5	9	16.72
70	5	50	16.68
70	5	109	40.62
70	5	130	49.37
70	5	140	40.79
70	5	190	26.55
70	5	203	26.17
70	5	263	17.72
70	5	299	19.07
70	5	313	22.01
70	5	383	13.86
70	5	403	30.21
70	5,32	9	36.94
70	5,32	50	36.10
70	5,32	109	60.28
70	5,32	140	62.17
70	5,32	190	48.94
70	5,32	203	52.44
70	5,32	263	41.30
70	5,32	299	41.00
70	5,32	313	46.18
70	6	6	46.86
70	6	162	43.34
70	6	167	43.69
70	6	170	36.21
70	6	221	21.04
70	6	231	39.51
70	6	268	40.52
70	6	321	21.07
70	6	386	55.72
70	6	418	48.30
70	6,10	6	60.03
70	6,10	162	55.17
70	6,10	170	47.90
70	6,10	221	33.86
70	6,10	231	52.04
70	6,10	321	33.93
70	6,10	386	68.13
70	6,10	418	61.45
70	6,28	6	61.69
70	6,28	162	56.41
70	6,28	170	49.07
70	6,28	221	35.18
70	6,28	231	53.41
70	6,28	321	35.27
70	6,28	386	69.46
70	6,28	418	71.03
70	6,33	6	69.92
70	6,33	162	61.89
70	6,33	170	43.75
70	6,33	221	42.17
70	6,33	231	59.80
70	6,33	321	42.49
70	6,33	386	75.62
70	6,33	418	58.92
70	7	10	41.97
70	7	12	36.90
70	7	16	51.54
70	7	29	18.56
70	7	43	30.76
70	7	44	32.99
70	7	52	45.90
70	7	78	31.77
70	7	81	17.72
70	7	145	37.39
70	7	151	37.14
70	7	152	43.39
70	7	157	35.34
70	7	161	34.04
70	7	164	18.45
70	7	181	40.49
70	7	191	39.10
70	7	198	34.49
70	7	207	44.46
70	7	217	15.83
70	7	218	38.83
70	7	219	26.28
70	7	237	34.06
70	7	240	32.87
70	7	243	30.45
70	7	257	57.68
70	7	262	52.92
70	7	270	31.93
70	7	278	17.56
70	7	302	44.17
70	7	305	32.25
70	7	306	22.79
70	7	310	32.24
70	7	350	48.51
70	7	352	36.93
70	7	354	29.93
70	7	378	14.73
70	7	382	25.82
70	7	428	15.61
70	7	433	14.62
70	7	434	14.32
70	7	437	15.61
70	7,11	10	63.68
70	7,11	12	50.52
70	7,11	16	66.70
70	7,11	29	30.11
70	7,11	43	42.85
70	7,11	44	47.63
70	7,11	78	45.52
70	7,11	151	48.31
70	7,11	157	58.01
70	7,11	161	57.46
70	7,11	164	30.65
70	7,11	198	48.34
70	7,11	237	57.73
70	7,11	240	43.68
70	7,11	262	70.17
70	7,11	278	32.89
70	7,11	350	63.85
70	7,11	378	36.41
70	7,11	382	49.70
70	7,11	428	39.45
70	7,11	433	38.46
70	7,11	434	38.17
70	7,11	437	39.45
70	7,36	10	58.04
70	7,36	12	53.75
70	7,36	16	68.58
70	7,36	29	36.52
70	7,36	43	45.73
70	7,36	44	47.93
70	7,36	52	62.42
70	7,36	78	48.39
70	7,36	81	33.13
70	7,36	151	55.14
70	7,36	152	60.27
70	7,36	157	51.92
70	7,36	161	51.03
70	7,36	164	35.89
70	7,36	191	55.08
70	7,36	198	49.75
70	7,36	217	30.99
70	7,36	218	54.86
70	7,36	237	58.14
70	7,36	240	49.65
70	7,36	262	71.21
70	7,36	270	48.56
70	7,36	278	35.85
70	7,36	310	50.85
70	7,36	350	64.65
70	7,36	352	55.51
70	7,36	354	51.56
70	7,36	378	30.82
70	7,36	382	43.04
70	7,36	428	32.80
70	7,36	433	31.82
70	7,36	434	27.20
70	7,36	437	32.80
70	8	25	25.52
70	8	55	41.55
70	8	58	48.21
70	8	74	19.63
70	8	75	29.86
70	8	92	21.48
70	8	127	31.65
70	8	153	56.82
70	8	167	43.37
70	8	170	36.86
70	8	175	32.77
70	8	266	62.87
70	8	277	31.07
70	8	285	45.30
70	8	371	36.79
70	8	418	54.06
70	8	427	34.18
70	8,37	25	37.72
70	8,37	55	53.01
70	8,37	74	32.04
70	8,37	75	41.15
70	8,37	92	33.94
70	8,37	127	42.96
70	8,37	175	43.27
70	8,37	277	41.55
70	8,37	285	58.18
70	9	6	44.10
70	9	19	34.20
70	9	58	44.06
70	9	60	43.55
70	9	104	34.65
70	9	113	37.06
70	9	121	17.18
70	9	134	17.03
70	9	153	54.70
70	9	162	41.51
70	9	170	33.87
70	9	180	53.92
70	9	221	15.76
70	9	224	37.58
70	9	231	38.13
70	9	255	41.62
70	9	266	57.32
70	9	307	34.28
70	9	321	15.24
70	9	349	49.54
70	9	356	37.11
70	9	386	53.52
70	9	418	48.49
70	9	427	39.72
70	10	6	40.20
70	10	104	31.24
70	10	113	35.01
70	10	121	16.55
70	10	134	16.61
70	10	153	51.34
70	10	162	38.27
70	10	167	37.93
70	10	170	31.39
70	10	221	15.17
70	10	224	33.01
70	10	231	33.92
70	10	266	55.06
70	10	267	38.54
70	10	268	34.46
70	10	307	33.41
70	10	321	15.08
70	10	323	36.68
70	10	356	36.15
70	10	386	50.25
70	10	418	38.83
70	10	427	36.01
70	11	8	25.49
70	11	10	48.37
70	11	12	36.80
70	11	14	22.14
70	11	16	53.24
70	11	18	25.82
70	11	29	18.41
70	11	43	32.58
70	11	44	35.65
70	11	78	34.41
70	11	83	23.62
70	11	151	36.44
70	11	157	40.24
70	11	161	44.90
70	11	164	18.83
70	11	181	43.96
70	11	198	36.14
70	11	211	20.89
70	11	237	38.65
70	11	240	32.49
70	11	257	57.65
70	11	262	55.51
70	11	271	22.92
70	11	278	21.24
70	11	311	30.10
70	11	350	50.92
70	11	375	28.14
70	11	377	20.94
70	11	378	21.07
70	11	382	34.14
70	11	387	20.01
70	11	397	19.35
70	11	401	22.51
70	11	407	30.82
70	11	428	23.23
70	11	433	22.30
70	11	434	22.79
70	11	437	23.23
70	12	28	35.15
70	12	36	49.24
70	12	51	36.72
70	12	69	40.18
70	12	70	17.25
70	12	100	45.83
70	12	102	38.93
70	12	108	48.35
70	12	111	26.89
70	12	112	15.83
70	12	118	43.80
70	12	135	32.86
70	12	142	51.66
70	12	182	18.65
70	12	188	15.68
70	12	193	41.25
70	12	194	41.68
70	12	200	34.97
70	12	201	42.00
70	12	206	18.21
70	12	215	42.51
70	12	216	49.89
70	12	225	41.38
70	12	274	29.00
70	12	297	17.34
70	12	309	46.20
70	12	316	15.01
70	12	322	31.44
70	12	324	54.17
70	12	339	42.56
70	12	351	43.04
70	12	359	18.77
70	12	365	18.44
70	12	393	17.27
70	12	399	29.37
70	12	402	20.06
70	12	406	32.79
70	12	415	19.92
70	12	416	19.42
70	12	423	35.44
70	12	436	18.85
70	12,18	28	43.27
70	12,18	36	59.41
70	12,18	51	49.14
70	12,18	69	52.72
70	12,18	70	31.56
70	12,18	100	58.25
70	12,18	102	51.28
70	12,18	108	60.72
70	12,18	111	38.10
70	12,18	112	32.42
70	12,18	135	46.61
70	12,18	182	28.13
70	12,18	201	54.04
70	12,18	216	59.35
70	12,18	225	53.75
70	12,18	297	30.38
70	12,18	309	57.46
70	12,18	316	25.96
70	12,18	322	43.48
70	12,18	351	56.97
70	12,18	359	28.27
70	12,18	365	33.94
70	12,18	393	25.80
70	12,18	399	38.92
70	12,18	402	29.55
70	12,18	406	42.30
70	12,18	415	29.20
70	12,18	416	28.59
70	12,18	423	46.01
70	12,18	436	27.87
70	12,21	28	50.90
70	12,21	51	53.41
70	12,21	69	56.85
70	12,21	102	55.83
70	12,21	182	36.18
70	12,21	201	58.76
70	12,21	216	66.25
70	12,21	225	57.90
70	12,21	316	32.06
70	12,21	322	47.92
70	12,21	351	61.48
70	12,21	365	38.63
70	13	26	47.01
70	13	35	28.37
70	13	39	41.06
70	13	41	28.54
70	13	76	32.41
70	13	77	26.27
70	13	80	44.10
70	13	96	46.10
70	13	125	58.44
70	13	139	53.01
70	13	146	20.20
70	13	150	31.37
70	13	160	25.70
70	13	169	27.99
70	13	187	27.70
70	13	220	35.70
70	13	241	43.58
70	13	253	28.65
70	13	279	51.31
70	13	308	21.70
70	13	328	36.48
70	13	338	36.31
70	13	348	25.30
70	13	357	50.25
70	13	376	25.32
70	13	394	30.06
70	13	396	33.80
70	13	400	41.58
70	13,15	35	41.87
70	13,15	41	41.58
70	13,15	76	44.99
70	13,15	77	36.13
70	13,15	80	57.00
70	13,15	139	65.66
70	13,15	146	29.51
70	13,15	150	41.01
70	13,15	160	35.61
70	13,15	169	37.68
70	13,15	187	37.85
70	13,15	220	45.01
70	13,15	241	56.96
70	13,15	253	39.38
70	13,15	308	30.38
70	13,15	328	50.61
70	13,15	338	46.31
70	13,15	348	39.89
70	13,15	357	63.48
70	13,15	376	39.31
70	13,15	394	44.73
70	13,15	396	48.41
70	14	33	43.41
70	14	57	33.89
70	14	67	13.56
70	14	87	20.82
70	14	90	38.89
70	14	93	42.80
70	14	95	11.45
70	14	99	21.68
70	14	101	10.66
70	14	103	41.90
70	14	110	11.75
70	14	128	36.93
70	14	131	17.39
70	14	141	16.35
70	14	148	14.25
70	14	149	13.94
70	14	155	12.14
70	14	156	11.59
70	14	158	12.66
70	14	159	12.51
70	14	179	11.75
70	14	184	37.97
70	14	186	13.97
70	14	205	35.20
70	14	222	45.75
70	14	230	39.87
70	14	234	16.32
70	14	235	11.99
70	14	236	13.66
70	14	238	15.06
70	14	244	34.17
70	14	245	21.70
70	14	259	42.41
70	14	264	14.63
70	14	273	26.56
70	14	275	13.62
70	14	276	14.23
70	14	287	13.32
70	14	290	37.42
70	14	292	38.21
70	14	293	14.30
70	14	295	11.48
70	14	298	25.54
70	14	300	26.30
70	14	301	27.21
70	14	319	22.49
70	14	331	39.28
70	14	332	52.41
70	14	335	47.35
70	14	336	12.13
70	14	337	39.65
70	14	341	10.89
70	14	345	19.10
70	14	368	13.70
70	14	390	39.89
70	14	391	28.66
70	14	392	34.76
70	14	398	27.01
70	14	408	18.86
70	14	409	49.52
70	14	412	13.28
70	14	420	14.89
70	14	421	13.45
70	14	424	33.06
70	14,27	57	50.32
70	14,27	67	25.73
70	14,27	99	38.96
70	14,27	101	30.08
70	14,27	103	52.97
70	14,27	141	30.37
70	14,27	148	30.85
70	14,27	149	21.37
70	14,27	155	28.63
70	14,27	156	21.73
70	14,27	158	22.82
70	14,27	179	20.34
70	14,27	184	44.85
70	14,27	205	48.20
70	14,27	234	32.08
70	14,27	236	24.30
70	14,27	238	23.51
70	14,27	245	29.20
70	14,27	273	38.06
70	14,27	275	23.46
70	14,27	276	21.89
70	14,27	293	26.48
70	14,27	295	26.13
70	14,27	300	44.86
70	14,27	319	34.62
70	14,27	341	25.89
70	14,27	392	48.61
70	14,27	408	25.59
70	14,27	412	27.30
70	14,27	420	27.14
70	14,27	424	44.17
70	14,29	57	44.24
70	14,29	67	28.45
70	14,29	93	53.75
70	14,29	95	21.65
70	14,29	99	32.17
70	14,29	110	21.55
70	14,29	155	26.34
70	14,29	156	23.86
70	14,29	159	23.39
70	14,29	179	24.03
70	14,29	186	25.46
70	14,29	230	52.37
70	14,29	273	40.83
70	14,29	301	37.46
70	14,29	336	22.10
70	14,29	337	50.77
70	15	26	40.37
70	15	35	21.56
70	15	39	33.48
70	15	41	22.23
70	15	76	26.38
70	15	77	18.72
70	15	80	38.07
70	15	96	48.07
70	15	125	51.66
70	15	139	45.93
70	15	146	13.46
70	15	150	23.58
70	15	160	17.66
70	15	169	19.83
70	15	187	19.85
70	15	220	27.97
70	15	241	36.87
70	15	253	23.87
70	15	279	45.04
70	15	308	14.79
70	15	328	29.65
70	15	338	28.85
70	15	348	18.28
70	15	357	43.87
70	15	376	18.58
70	15	394	23.10
70	15	396	26.77
70	15	400	34.83
70	16	24	54.20
70	16	32	24.37
70	16	47	31.65
70	16	61	29.23
70	16	66	38.92
70	16	115	16.24
70	16	122	40.11
70	16	126	41.63
70	16	147	37.45
70	16	174	13.08
70	16	178	45.04
70	16	195	45.80
70	16	202	28.41
70	16	209	17.04
70	16	252	15.73
70	16	258	29.51
70	16	261	14.54
70	16	330	14.45
70	16	343	37.49
70	16	355	11.77
70	16	395	16.37
70	16	405	28.63
70	16	419	12.82
70	16	426	16.44
70	16,17	32	35.96
70	16,17	61	40.00
70	16,17	66	49.73
70	16,17	115	24.69
70	16,17	147	48.65
70	16,17	174	21.65
70	16,17	202	38.51
70	16,17	209	26.66
70	16,17	252	24.86
70	16,17	258	40.89
70	16,17	261	25.18
70	16,17	330	23.13
70	16,17	355	20.52
70	16,17	395	27.38
70	16,17	405	40.59
70	16,17	419	21.56
70	16,17	426	27.46
70	17	17	16.34
70	17	21	18.69
70	17	24	53.77
70	17	32	21.30
70	17	38	33.18
70	17	47	30.58
70	17	61	27.42
70	17	66	36.41
70	17	84	24.66
70	17	115	13.04
70	17	122	38.20
70	17	126	40.49
70	17	147	35.07
70	17	172	15.59
70	17	174	10.20
70	17	178	42.66
70	17	195	43.46
70	17	202	26.63
70	17	209	12.97
70	17	252	12.30
70	17	258	26.97
70	17	261	12.66
70	17	312	16.18
70	17	330	11.66
70	17	343	34.58
70	17	355	11.69
70	17	360	14.97
70	17	364	15.45
70	17	370	53.17
70	17	395	13.41
70	17	405	20.00
70	17	414	32.55
70	17	419	9.61
70	17	426	13.08
70	17,25	17	28.06
70	17,25	32	33.62
70	17,25	38	48.32
70	17,25	61	41.35
70	17,25	66	50.56
70	17,25	84	36.66
70	17,25	115	24.55
70	17,25	147	49.48
70	17,25	172	27.63
70	17,25	174	21.49
70	17,25	202	39.51
70	17,25	209	26.21
70	17,25	252	24.42
70	17,25	258	39.07
70	17,25	261	23.89
70	17,25	312	27.52
70	17,25	330	22.96
70	17,25	355	22.80
70	17,25	360	27.51
70	17,25	364	26.79
70	17,25	395	25.03
70	17,25	405	37.35
70	17,25	414	47.00
70	17,25	419	20.72
70	17,25	426	24.85
70	18	3	14.03
70	18	28	25.01
70	18	36	44.38
70	18	51	33.82
70	18	69	37.38
70	18	70	13.51
70	18	100	42.44
70	18	102	35.75
70	18	108	45.63
70	18	111	22.85
70	18	112	12.89
70	18	118	38.32
70	18	135	30.18
70	18	142	47.82
70	18	182	11.94
70	18	194	37.85
70	18	201	38.62
70	18	208	17.62
70	18	215	39.59
70	18	216	44.28
70	18	225	38.56
70	18	297	14.03
70	18	309	39.27
70	18	316	10.30
70	18	322	28.34
70	18	324	51.15
70	18	339	35.96
70	18	351	39.99
70	18	353	12.59
70	18	359	10.21
70	18	361	25.65
70	18	365	15.30
70	18	369	19.03
70	18	393	9.45
70	18	399	20.83
70	18	402	11.49
70	18	406	25.92
70	18	415	12.85
70	18	416	12.24
70	18	423	29.61
70	18	436	11.52
70	19	85	46.51
70	19	119	31.31
70	19	223	29.34
70	19	269	42.28
70	19	289	51.27
70	19,24	85	66.56
70	19,24	119	52.76
70	19,24	223	51.37
70	19,24	269	53.59
70	19,24	289	63.89
70	20	2	37.35
70	20	13	43.07
70	20	23	67.62
70	20	37	39.48
70	20	40	34.30
70	20	42	42.14
70	20	56	46.58
70	20	68	63.41
70	20	79	37.17
70	20	97	40.30
70	20	107	16.21
70	20	132	32.20
70	20	154	57.82
70	20	192	41.07
70	20	229	27.59
70	20	246	50.07
70	20	280	50.51
70	20	286	28.06
70	20	366	32.93
70	20	372	35.31
70	20	373	35.20
70	20,22	2	52.82
70	20,22	37	56.17
70	20,22	154	74.08
70	20,22	286	43.80
70	20,22	372	54.10
70	21	28	37.66
70	21	51	42.32
70	21	69	44.93
70	21	102	44.44
70	21	118	45.27
70	21	142	55.85
70	21	182	19.11
70	21	201	47.15
70	21	204	42.83
70	21	208	25.92
70	21	216	50.59
70	21	225	46.69
70	21	316	19.49
70	21	322	36.66
70	21	339	42.79
70	21	351	47.85
70	21	365	25.46
70	22	2	39.18
70	22	13	41.85
70	22	23	65.83
70	22	37	40.58
70	22	56	45.34
70	22	62	21.15
70	22	64	57.63
70	22	68	67.25
70	22	120	44.27
70	22	132	33.92
70	22	154	56.44
70	22	251	24.28
70	22	282	49.90
70	22	286	29.21
70	22	329	30.20
70	22	372	38.06
70	22	411	17.82
70	23	15	23.70
70	23	49	45.93
70	23	59	45.56
70	23	90	44.28
70	23	93	51.25
70	23	123	52.87
70	23	133	60.42
70	23	159	24.76
70	23	166	44.63
70	23	186	21.18
70	23	222	56.01
70	23	230	43.80
70	23	239	45.82
70	23	248	42.21
70	23	301	31.58
70	23	332	56.90
70	23	337	42.69
70	23	425	62.54
70	23,29	15	36.34
70	23,29	93	70.62
70	23,29	159	33.32
70	23,29	186	34.06
70	23,29	230	56.55
70	23,29	301	42.23
70	23,29	337	55.20
70	24	85	43.58
70	24	119	28.11
70	24	223	28.06
70	24	269	38.89
70	24	289	47.80
70	25	17	19.11
70	25	24	56.23
70	25	32	24.18
70	25	38	36.48
70	25	47	32.76
70	25	61	29.96
70	25	66	39.38
70	25	84	27.75
70	25	106	35.62
70	25	115	15.93
70	25	122	41.03
70	25	126	43.41
70	25	147	37.79
70	25	172	18.35
70	25	174	12.77
70	25	178	45.69
70	25	195	46.30
70	25	196	48.65
70	25	202	29.20
70	25	209	16.46
70	25	252	15.15
70	25	258	29.92
70	25	261	15.11
70	25	312	18.99
70	25	330	14.11
70	25	343	37.83
70	25	355	13.92
70	25	360	18.11
70	25	364	18.08
70	25	370	55.30
70	25	395	16.14
70	25	405	27.58
70	25	414	35.56
70	25	419	11.83
70	25	426	15.82
70	26	3	17.17
70	26	28	39.11
70	26	30	17.42
70	26	69	45.89
70	26	116	36.44
70	26	118	38.55
70	26	129	42.17
70	26	137	17.21
70	26	138	43.83
70	26	176	31.87
70	26	182	19.73
70	26	197	50.15
70	26	208	21.42
70	26	213	37.04
70	26	225	47.46
70	26	226	41.21
70	26	228	76.96
70	26	256	18.54
70	26	260	25.66
70	26	288	41.25
70	26	315	17.58
70	26	317	34.35
70	26	333	37.85
70	26	340	37.65
70	26	344	21.23
70	26	351	49.10
70	26	363	46.62
70	26	367	45.45
70	26	374	42.68
70	26	380	17.96
70	26	381	19.55
70	26	410	17.06
70	26	415	19.90
70	26	416	19.27
70	26	423	37.79
70	26	429	17.35
70	26	430	34.10
70	26	432	28.10
70	26	436	19.82
70	27	4	17.45
70	27	7	18.59
70	27	11	48.07
70	27	33	43.89
70	27	45	17.77
70	27	57	38.21
70	27	65	20.92
70	27	67	16.41
70	27	71	57.58
70	27	89	16.55
70	27	94	15.52
70	27	99	29.61
70	27	101	21.62
70	27	103	44.27
70	27	105	18.31
70	27	114	20.77
70	27	124	15.32
70	27	136	20.96
70	27	141	20.48
70	27	143	16.77
70	27	148	22.13
70	27	149	14.42
70	27	155	20.13
70	27	156	14.80
70	27	158	15.83
70	27	163	21.37
70	27	177	17.49
70	27	179	13.52
70	27	184	37.87
70	27	185	40.52
70	27	189	43.92
70	27	205	39.08
70	27	227	47.80
70	27	232	42.92
70	27	234	22.11
70	27	236	16.68
70	27	238	16.73
70	27	245	20.52
70	27	247	20.00
70	27	249	19.83
70	27	259	51.59
70	27	273	30.49
70	27	275	15.62
70	27	276	14.70
70	27	281	48.00
70	27	290	37.83
70	27	291	19.86
70	27	292	37.82
70	27	293	18.48
70	27	295	17.92
70	27	300	36.93
70	27	314	22.11
70	27	319	27.35
70	27	327	18.82
70	27	334	18.46
70	27	341	17.89
70	27	342	21.52
70	27	346	42.94
70	27	392	38.92
70	27	408	17.46
70	27	412	19.30
70	27	417	18.10
70	27	420	19.14
70	27	424	35.44
70	27	435	45.37
70	28	6	48.39
70	28	19	37.49
70	28	58	47.86
70	28	162	44.10
70	28	170	37.11
70	28	180	57.49
70	28	221	20.49
70	28	231	41.07
70	28	321	19.28
70	28	349	53.90
70	28	386	57.23
70	28	418	52.07
70	28,33	6	61.61
70	28,33	19	58.28
70	28,33	162	54.70
70	28,33	170	44.24
70	28,33	221	32.68
70	28,33	231	53.87
70	28,33	321	34.68
70	28,33	386	69.08
70	28,33	418	61.70
70	29	15	22.96
70	29	34	20.23
70	29	57	38.54
70	29	67	21.70
70	29	93	48.04
70	29	95	16.10
70	29	99	26.56
70	29	110	15.97
70	29	144	19.52
70	29	155	20.48
70	29	156	18.31
70	29	159	17.61
70	29	179	18.59
70	29	186	19.11
70	29	230	46.21
70	29	273	35.04
70	29	301	32.35
70	29	332	56.99
70	29	335	50.70
70	29	336	16.55
70	29	337	43.38
70	30	1	26.76
70	30	82	56.96
70	30	86	62.10
70	30	98	29.17
70	30	168	36.94
70	30	183	48.86
70	30	242	27.08
70	30	254	63.23
70	30	284	23.65
70	30	385	19.11
70	30	389	59.70
70	30	404	38.62
70	30	431	22.13
70	30,34	82	69.24
70	30,34	86	75.24
70	30,34	98	41.93
70	30,34	168	47.94
70	30,34	183	59.49
70	30,34	242	39.73
70	30,34	254	73.42
70	30,34	284	37.49
70	30,34	431	30.83
70	31	5	53.01
70	31	16	54.65
70	31	27	29.06
70	31	31	32.48
70	31	46	43.70
70	31	52	47.82
70	31	72	15.10
70	31	73	31.41
70	31	88	50.18
70	31	117	50.94
70	31	145	36.72
70	31	152	39.96
70	31	157	41.85
70	31	165	52.82
70	31	173	18.27
70	31	191	42.61
70	31	207	47.44
70	31	217	14.89
70	31	219	22.58
70	31	237	35.85
70	31	243	24.80
70	31	270	33.58
70	31	302	40.54
70	31	303	25.90
70	31	304	63.62
70	31	305	31.89
70	31	306	21.10
70	31	326	38.31
70	31	347	52.20
70	31	350	51.51
70	31	354	34.68
70	31	362	21.30
70	31	378	17.31
70	31	379	39.28
70	31	388	35.77
70	31,35	27	44.82
70	31,35	46	57.10
70	31,35	72	36.92
70	31,35	73	48.66
70	31,35	88	65.08
70	31,35	117	64.24
70	31,35	145	57.32
70	31,35	152	56.65
70	31,35	165	64.86
70	31,35	207	64.51
70	31,35	219	41.01
70	31,35	243	48.04
70	31,35	270	48.42
70	31,35	303	48.96
70	31,35	305	55.55
70	31,35	326	49.75
70	31,35	362	37.25
70	31,35	379	58.18
70	32	9	19.07
70	32	50	18.97
70	32	109	42.82
70	32	140	42.80
70	32	190	28.92
70	32	203	29.14
70	32	263	20.69
70	32	299	21.24
70	32	313	26.93
70	33	6	47.37
70	33	19	40.11
70	33	162	42.20
70	33	170	31.94
70	33	171	22.39
70	33	180	58.15
70	33	221	19.11
70	33	231	40.55
70	33	255	44.30
70	33	268	39.90
70	33	321	21.04
70	33	349	50.44
70	33	386	55.89
70	33	418	47.89
70	34	82	57.21
70	34	86	62.42
70	34	98	29.58
70	34	168	35.15
70	34	183	46.35
70	34	212	20.70
70	34	242	27.14
70	34	254	60.94
70	34	283	47.87
70	34	284	25.49
70	34	389	61.31
70	34	431	18.94
70	35	2	35.04
70	35	5	52.42
70	35	13	48.77
70	35	27	29.27
70	35	31	29.21
70	35	37	47.25
70	35	46	40.18
70	35	53	30.30
70	35	54	31.90
70	35	63	31.99
70	35	64	55.13
70	35	72	20.30
70	35	73	32.04
70	35	88	49.87
70	35	117	50.45
70	35	120	51.65
70	35	145	40.54
70	35	152	41.39
70	35	154	53.51
70	35	165	49.56
70	35	207	50.32
70	35	219	25.08
70	35	233	26.66
70	35	243	36.14
70	35	246	52.87
70	35	265	36.03
70	35	270	33.37
70	35	286	29.34
70	35	302	52.62
70	35	303	29.68
70	35	304	61.85
70	35	305	37.72
70	35	326	35.80
70	35	362	22.31
70	35	373	29.66
70	35	379	42.90
70	36	10	45.70
70	36	12	40.28
70	36	16	54.24
70	36	20	29.18
70	36	29	21.42
70	36	43	32.90
70	36	44	36.45
70	36	52	49.04
70	36	78	35.42
70	36	81	19.41
70	36	151	40.30
70	36	152	48.07
70	36	157	36.93
70	36	161	40.94
70	36	164	21.11
70	36	181	42.23
70	36	191	41.25
70	36	198	38.10
70	36	210	37.34
70	36	217	18.75
70	36	218	41.56
70	36	237	35.55
70	36	240	36.03
70	36	257	61.28
70	36	262	55.56
70	36	270	35.99
70	36	271	25.30
70	36	278	19.96
70	36	294	60.55
70	36	310	35.89
70	36	320	36.79
70	36	325	22.48
70	36	350	51.00
70	36	352	38.75
70	36	354	32.11
70	36	358	20.66
70	36	378	18.08
70	36	382	29.48
70	36	384	43.41
70	36	428	16.17
70	36	433	17.23
70	36	434	15.23
70	36	437	16.17
70	37	25	30.32
70	37	55	41.86
70	37	62	22.51
70	37	74	19.11
70	37	75	29.56
70	37	92	20.85
70	37	127	30.65
70	37	167	47.17
70	37	175	34.65
70	37	199	61.20
70	37	277	31.04
70	37	285	46.11
70	37	296	40.96
