Task=77 Orders=32 Vehicles=495 Scores=1651
77	1	5	40.06
77	1	34	46.37
77	1	104	60.68
77	1	118	19.62
77	1	175	44.15
77	1	192	50.62
77	1	195	20.96
77	1	197	61.38
77	1	258	50.31
77	1	261	40.17
77	1	323	22.08
77	1	431	57.17
77	1	457	53.30
77	1,3	118	33.18
77	1,3	175	58.32
77	1,3	192	63.65
77	1,3	195	35.27
77	1,3	197	73.45
77	1,3	258	62.90
77	1,3	323	37.18
77	1,3	457	64.37
77	2	30	21.46
77	2	48	20.90
77	2	64	21.62
77	2	107	41.39
77	2	109	38.83
77	2	110	21.99
77	2	149	50.32
77	2	210	32.89
77	2	241	37.04
77	2	262	59.31
77	2	276	50.97
77	2	322	51.28
77	2	338	49.38
77	2	345	24.38
77	2	367	56.72
77	2	375	23.70
77	2	392	54.97
77	2	417	20.44
77	2	438	66.31
77	2	447	45.93
77	2,23	30	36.10
77	2,23	64	37.41
77	2,23	417	35.32
77	3	34	41.30
77	3	46	40.13
77	3	49	16.45
77	3	57	39.89
77	3	66	24.04
77	3	72	49.65
77	3	98	55.27
77	3	104	54.38
77	3	106	38.94
77	3	118	14.75
77	3	147	14.15
77	3	175	40.23
77	3	176	37.52
77	3	192	40.32
77	3	195	15.73
77	3	197	56.31
77	3	249	25.80
77	3	258	45.99
77	3	261	36.83
77	3	271	18.18
77	3	273	35.07
77	3	306	29.83
77	3	308	25.48
77	3	323	16.79
77	3	330	17.23
77	3	349	11.52
77	3	350	52.41
77	3	360	17.51
77	3	381	33.01
77	3	388	14.30
77	3	409	55.08
77	3	431	51.24
77	3	435	40.79
77	3	455	14.18
77	3	456	15.75
77	3	457	46.80
77	3	479	18.80
77	4	11	51.97
77	4	27	28.14
77	4	43	54.37
77	4	77	64.08
77	4	128	56.18
77	4	140	22.25
77	4	224	50.13
77	4	229	56.99
77	4	304	26.56
77	4	311	46.10
77	4	398	37.82
77	4,25	11	63.76
77	4,25	27	39.66
77	4,25	43	65.92
77	4,25	128	68.99
77	4,25	140	29.90
77	4,25	398	45.62
77	4,26	11	60.48
77	4,26	27	36.44
77	4,26	43	62.89
77	4,26	128	63.80
77	4,26	140	27.93
77	4,26	304	34.97
77	4,26	398	44.21
77	4,27	11	68.38
77	4,27	27	44.25
77	4,27	43	70.70
77	4,27	128	74.08
77	4,27	140	36.38
77	4,27	398	50.35
77	4,29	11	67.83
77	4,29	27	49.51
77	4,29	43	69.25
77	4,29	128	74.39
77	4,29	140	33.14
77	4,29	304	45.73
77	4,29	398	55.24
77	5	8	20.37
77	5	17	25.72
77	5	46	44.97
77	5	49	15.56
77	5	98	55.06
77	5	116	23.11
77	5	120	23.79
77	5	154	61.08
77	5	175	43.27
77	5	188	18.96
77	5	214	32.24
77	5	238	21.90
77	5	289	20.94
77	5	323	27.23
77	5	358	28.99
77	5	382	52.70
77	5	402	19.23
77	5	413	17.07
77	5	431	41.37
77	5	435	50.15
77	5	457	49.07
77	5	489	52.93
77	5,20	46	62.56
77	5,20	49	35.79
77	5,20	175	55.21
77	5,20	188	38.42
77	5,20	214	46.24
77	5,20	238	33.25
77	5,20	323	43.85
77	5,20	457	66.51
77	5,30	8	27.32
77	5,30	17	31.58
77	5,30	46	50.80
77	5,30	49	21.34
77	5,30	116	29.85
77	5,30	120	30.46
77	5,30	188	25.30
77	5,30	289	27.00
77	5,30	358	35.04
77	5,30	382	58.79
77	5,30	402	25.20
77	5,30	413	23.46
77	5,30	489	59.27
77	5,32	8	31.39
77	5,32	17	35.38
77	5,32	46	51.58
77	5,32	49	31.18
77	5,32	116	33.89
77	5,32	120	34.65
77	5,32	188	33.24
77	5,32	289	30.85
77	5,32	358	41.20
77	5,32	382	62.80
77	5,32	402	29.38
77	5,32	413	29.86
77	5,32	457	60.35
77	5,32	489	65.27
77	6	8	22.62
77	6	14	19.80
77	6	29	23.01
77	6	40	35.51
77	6	46	46.89
77	6	49	18.44
77	6	56	41.86
77	6	57	51.44
77	6	66	25.80
77	6	98	60.17
77	6	104	56.92
77	6	154	63.87
77	6	175	42.92
77	6	188	21.00
77	6	197	61.62
77	6	214	37.55
77	6	222	54.06
77	6	238	20.76
77	6	245	33.79
77	6	258	52.73
77	6	308	36.99
77	6	312	21.18
77	6	323	28.52
77	6	349	23.93
77	6	358	40.38
77	6	381	35.87
77	6	402	21.75
77	6	408	22.45
77	6	413	19.73
77	6	431	53.34
77	6	435	50.94
77	6	455	20.77
77	6	457	51.15
77	6,20	14	37.31
77	6,20	46	61.14
77	6,20	49	33.13
77	6,20	56	57.34
77	6,20	66	41.42
77	6,20	175	56.79
77	6,20	188	36.24
77	6,20	197	76.17
77	6,20	214	50.41
77	6,20	222	69.97
77	6,20	238	35.97
77	6,20	258	67.03
77	6,20	312	36.03
77	6,20	323	43.54
77	6,20	381	51.52
77	6,20	408	38.06
77	6,20	455	36.38
77	6,20	457	66.17
77	7	3	45.17
77	7	21	25.44
77	7	31	34.24
77	7	52	13.94
77	7	54	33.76
77	7	55	27.80
77	7	65	15.65
77	7	73	43.42
77	7	83	13.24
77	7	85	14.69
77	7	93	18.21
77	7	99	19.59
77	7	102	55.44
77	7	114	17.18
77	7	124	37.15
77	7	138	25.96
77	7	142	26.72
77	7	145	42.93
77	7	155	18.07
77	7	156	50.21
77	7	158	47.86
77	7	165	16.85
77	7	177	21.20
77	7	184	17.66
77	7	185	49.38
77	7	186	21.46
77	7	187	52.54
77	7	189	58.63
77	7	198	18.62
77	7	205	35.21
77	7	209	34.10
77	7	211	64.69
77	7	213	18.54
77	7	215	33.11
77	7	216	46.27
77	7	225	48.75
77	7	227	37.65
77	7	233	39.65
77	7	234	50.01
77	7	248	18.42
77	7	250	60.72
77	7	263	18.82
77	7	270	43.35
77	7	272	13.68
77	7	278	15.62
77	7	281	57.93
77	7	286	38.32
77	7	301	60.62
77	7	305	20.52
77	7	310	36.76
77	7	314	46.54
77	7	316	15.97
77	7	326	45.11
77	7	327	28.11
77	7	332	34.93
77	7	335	42.38
77	7	344	41.58
77	7	348	21.32
77	7	359	33.96
77	7	363	39.52
77	7	373	19.99
77	7	378	12.86
77	7	384	21.63
77	7	387	17.89
77	7	396	22.00
77	7	404	35.21
77	7	405	22.46
77	7	423	18.39
77	7	424	17.07
77	7	437	28.70
77	7	439	17.17
77	7	440	41.23
77	7	443	11.99
77	7	458	19.15
77	7	472	18.85
77	7	474	14.41
77	7	480	16.37
77	7	488	17.92
77	7,16	52	31.56
77	7,16	65	32.94
77	7,16	73	68.24
77	7,16	85	34.44
77	7,16	114	28.21
77	7,16	155	32.32
77	7,16	156	65.70
77	7,16	186	38.46
77	7,16	209	47.59
77	7,16	233	65.52
77	7,16	272	31.44
77	7,16	326	67.38
77	7,16	327	40.11
77	7,16	437	56.32
77	7,16	440	67.17
77	7,16	443	28.75
77	7,21	52	36.27
77	7,21	73	69.32
77	7,21	85	45.20
77	7,21	114	36.80
77	7,21	155	35.89
77	7,21	185	64.89
77	7,21	186	45.63
77	7,21	216	63.62
77	7,21	326	68.46
77	7,21	327	40.39
77	7,21	440	68.23
77	7,21	443	33.15
77	7,22	52	28.35
77	7,22	55	44.86
77	7,22	65	29.65
77	7,22	73	56.94
77	7,22	83	27.31
77	7,22	85	31.37
77	7,22	93	32.17
77	7,22	114	29.41
77	7,22	124	55.38
77	7,22	138	39.38
77	7,22	155	31.34
77	7,22	156	61.92
77	7,22	165	30.96
77	7,22	184	36.69
77	7,22	186	35.87
77	7,22	198	35.51
77	7,22	209	43.69
77	7,22	233	51.72
77	7,22	263	32.79
77	7,22	272	28.44
77	7,22	278	30.77
77	7,22	286	54.32
77	7,22	316	31.13
77	7,22	326	57.49
77	7,22	327	39.89
77	7,22	332	45.34
77	7,22	335	54.65
77	7,22	348	37.54
77	7,22	359	46.46
77	7,22	373	33.48
77	7,22	378	29.39
77	7,22	387	31.45
77	7,22	404	46.20
77	7,22	405	38.28
77	7,22	424	32.01
77	7,22	437	44.51
77	7,22	440	55.30
77	7,22	443	26.07
77	7,22	458	33.96
77	7,22	474	27.27
77	7,22	480	29.35
77	8	52	20.62
77	8	53	38.52
77	8	58	19.01
77	8	65	19.86
77	8	73	46.92
77	8	85	22.85
77	8	102	47.73
77	8	114	19.96
77	8	156	51.01
77	8	160	36.01
77	8	186	28.30
77	8	189	63.72
77	8	209	23.85
77	8	217	33.87
77	8	227	43.45
77	8	233	41.41
77	8	247	38.76
77	8	272	20.77
77	8	281	61.21
77	8	326	49.92
77	8	327	31.27
77	8	340	21.62
77	8	347	51.82
77	8	355	50.11
77	8	420	43.54
77	8	437	42.32
77	8	440	44.75
77	8	443	18.41
77	8,13	58	27.34
77	8,13	65	28.51
77	8,13	73	55.51
77	8,13	85	32.44
77	8,13	114	28.34
77	8,13	156	60.34
77	8,13	186	37.01
77	8,13	209	34.73
77	8,13	217	42.65
77	8,13	233	50.10
77	8,13	247	46.90
77	8,13	326	58.15
77	8,13	340	30.49
77	8,13	355	58.63
77	8,13	420	52.03
77	8,13	437	52.03
77	8,13	443	26.73
77	8,15	52	35.08
77	8,15	58	33.20
77	8,15	65	34.51
77	8,15	73	61.18
77	8,15	85	37.90
77	8,15	114	34.72
77	8,15	156	66.44
77	8,15	160	50.44
77	8,15	186	43.80
77	8,15	209	49.55
77	8,15	217	48.35
77	8,15	233	55.97
77	8,15	247	53.28
77	8,15	272	35.38
77	8,15	326	63.48
77	8,15	327	45.45
77	8,15	340	36.44
77	8,15	347	66.35
77	8,15	355	64.31
77	8,15	420	57.42
77	8,15	437	55.66
77	8,15	440	59.32
77	8,15	443	32.59
77	9	19	34.00
77	9	32	17.86
77	9	41	36.55
77	9	121	50.83
77	9	131	59.75
77	9	161	52.41
77	9	166	55.06
77	9	168	18.55
77	9	178	46.07
77	9	190	36.80
77	9	239	33.10
77	9	242	44.49
77	9	362	21.59
77	9	364	59.46
77	9	412	29.70
77	9,11	19	48.69
77	9,11	41	64.62
77	9,11	166	69.77
77	9,11	190	45.11
77	9,11	242	59.59
77	9,11	364	75.51
77	10	2	18.73
77	10	16	19.72
77	10	22	21.20
77	10	35	41.68
77	10	36	25.56
77	10	44	41.54
77	10	47	15.08
77	10	51	15.72
77	10	63	47.63
77	10	67	16.11
77	10	68	32.46
77	10	69	49.96
77	10	70	47.77
77	10	82	18.82
77	10	87	17.03
77	10	89	20.62
77	10	92	45.89
77	10	94	17.23
77	10	95	51.61
77	10	122	32.72
77	10	126	39.17
77	10	127	21.18
77	10	129	43.30
77	10	130	18.25
77	10	133	20.39
77	10	141	15.66
77	10	148	31.18
77	10	153	47.27
77	10	159	24.15
77	10	162	16.75
77	10	164	47.37
77	10	170	44.17
77	10	171	15.79
77	10	179	16.45
77	10	191	15.51
77	10	196	20.06
77	10	199	19.92
77	10	201	22.11
77	10	220	47.25
77	10	226	38.07
77	10	235	33.37
77	10	236	17.87
77	10	255	37.48
77	10	259	34.37
77	10	283	49.68
77	10	284	37.21
77	10	298	47.23
77	10	307	28.13
77	10	309	20.72
77	10	320	15.21
77	10	321	16.73
77	10	324	23.24
77	10	328	48.20
77	10	336	20.97
77	10	342	20.65
77	10	377	48.20
77	10	380	19.75
77	10	383	21.42
77	10	391	26.59
77	10	395	20.30
77	10	406	16.49
77	10	410	30.38
77	10	415	17.06
77	10	422	29.83
77	10	427	18.13
77	10	432	19.46
77	10	441	19.94
77	10	445	19.06
77	10	446	20.14
77	10	450	16.38
77	10	452	17.10
77	10	453	20.70
77	10	454	18.28
77	10	459	19.65
77	10	468	31.27
77	10	469	17.21
77	10	475	24.96
77	10	481	20.39
77	10	482	20.06
77	10	486	14.77
77	10	487	17.56
77	10	490	28.82
77	10	491	46.76
77	10	494	20.20
77	10,17	22	38.62
77	10,17	47	29.76
77	10,17	51	31.04
77	10,17	68	46.83
77	10,17	89	37.28
77	10,17	94	33.48
77	10,17	126	54.54
77	10,17	127	39.27
77	10,17	129	58.23
77	10,17	130	32.99
77	10,17	133	36.28
77	10,17	141	30.92
77	10,17	153	61.93
77	10,17	159	42.35
77	10,17	162	32.80
77	10,17	171	30.99
77	10,17	179	32.23
77	10,17	191	30.73
77	10,17	196	36.07
77	10,17	199	35.25
77	10,17	220	62.55
77	10,17	255	53.73
77	10,17	259	48.23
77	10,17	284	52.52
77	10,17	298	61.37
77	10,17	307	44.24
77	10,17	309	37.92
77	10,17	320	30.08
77	10,17	321	33.06
77	10,17	324	40.99
77	10,17	336	38.11
77	10,17	342	37.11
77	10,17	377	66.32
77	10,17	380	37.27
77	10,17	383	37.15
77	10,17	395	35.59
77	10,17	410	45.08
77	10,17	422	45.85
77	10,17	427	32.89
77	10,17	432	35.48
77	10,17	441	35.96
77	10,17	445	35.07
77	10,17	446	36.15
77	10,17	450	31.14
77	10,17	452	33.11
77	10,17	454	33.04
77	10,17	459	35.66
77	10,17	468	46.13
77	10,17	469	33.23
77	10,17	475	41.00
77	10,17	481	36.41
77	10,17	482	36.07
77	10,17	486	29.54
77	10,17	487	32.32
77	10,17	490	44.86
77	10,17	491	62.92
77	10,17	494	36.21
77	11	19	49.04
77	11	41	53.48
77	11	134	63.03
77	11	166	60.20
77	11	190	56.62
77	11	219	25.34
77	11	242	49.66
77	11	364	65.51
77	11,28	19	50.35
77	11,28	41	64.01
77	11,28	166	69.56
77	11,28	190	47.25
77	11,28	219	34.24
77	11,28	242	58.48
77	11,28	364	74.39
77	12	1	37.01
77	12	7	21.17
77	12	10	53.25
77	12	20	36.85
77	12	36	27.85
77	12	42	19.38
77	12	50	21.65
77	12	75	25.08
77	12	76	21.90
77	12	80	44.07
77	12	84	35.13
77	12	91	43.65
77	12	101	22.34
77	12	105	59.03
77	12	136	36.21
77	12	193	31.24
77	12	212	52.21
77	12	223	20.51
77	12	237	40.70
77	12	240	56.18
77	12	257	37.38
77	12	260	35.03
77	12	264	57.58
77	12	265	35.68
77	12	280	31.73
77	12	291	47.39
77	12	300	24.99
77	12	329	19.68
77	12	334	20.73
77	12	369	22.70
77	12	416	20.15
77	12	421	16.86
77	12	460	35.96
77	12,18	1	54.94
77	12,18	7	31.04
77	12,18	20	47.68
77	12,18	36	37.48
77	12,18	42	29.38
77	12,18	75	36.61
77	12,18	76	33.21
77	12,18	80	60.94
77	12,18	101	32.85
77	12,18	193	42.56
77	12,18	223	31.23
77	12,18	257	46.89
77	12,18	260	45.04
77	12,18	280	41.89
77	12,18	300	35.06
77	12,18	329	29.73
77	12,18	334	31.27
77	12,18	369	32.14
77	12,18	416	29.87
77	12,18	421	26.58
77	12,18	460	47.35
77	13	53	36.72
77	13	58	14.85
77	13	65	17.63
77	13	73	45.61
77	13	83	17.79
77	13	85	20.24
77	13	86	20.94
77	13	88	32.15
77	13	97	33.72
77	13	102	46.79
77	13	112	32.28
77	13	114	18.63
77	13	156	46.55
77	13	180	21.21
77	13	186	25.92
77	13	204	17.73
77	13	209	22.11
77	13	217	29.10
77	13	218	17.00
77	13	221	44.06
77	13	227	41.23
77	13	233	38.97
77	13	246	42.82
77	13	247	35.59
77	13	254	24.59
77	13	267	27.52
77	13	269	41.24
77	13	279	39.83
77	13	281	59.85
77	13	285	20.31
77	13	293	19.45
77	13	317	18.38
77	13	326	48.20
77	13	331	27.24
77	13	332	31.21
77	13	335	41.70
77	13	340	17.04
77	13	346	37.56
77	13	354	21.86
77	13	355	48.11
77	13	357	20.23
77	13	359	33.31
77	13	365	41.06
77	13	371	27.13
77	13	372	35.10
77	13	378	18.90
77	13	387	18.73
77	13	389	17.56
77	13	403	53.11
77	13	405	24.93
77	13	407	19.15
77	13	420	40.93
77	13	437	43.38
77	13	443	16.45
77	13	451	16.94
77	13	473	45.08
77	13	474	17.24
77	13	493	19.55
77	13,15	58	30.38
77	13,15	65	31.82
77	13,15	73	58.68
77	13,15	85	36.23
77	13,15	114	31.80
77	13,15	156	63.54
77	13,15	186	41.00
77	13,15	209	38.00
77	13,15	217	45.79
77	13,15	233	53.44
77	13,15	247	50.27
77	13,15	326	60.93
77	13,15	340	33.76
77	13,15	355	61.68
77	13,15	420	55.07
77	13,15	437	55.35
77	13,15	443	29.77
77	14	3	39.75
77	14	12	29.59
77	14	26	33.94
77	14	39	17.68
77	14	54	31.85
77	14	61	13.24
77	14	71	13.79
77	14	73	43.01
77	14	108	40.66
77	14	114	15.90
77	14	132	28.94
77	14	137	15.37
77	14	145	30.01
77	14	152	16.54
77	14	155	14.93
77	14	158	43.34
77	14	160	27.31
77	14	182	14.80
77	14	185	44.66
77	14	186	22.83
77	14	194	16.20
77	14	203	23.86
77	14	208	15.99
77	14	210	19.13
77	14	216	41.07
77	14	228	34.15
77	14	230	53.00
77	14	234	44.48
77	14	248	18.03
77	14	250	58.86
77	14	263	16.73
77	14	266	12.15
77	14	270	39.21
77	14	282	14.62
77	14	288	38.08
77	14	296	40.65
77	14	301	53.93
77	14	326	43.38
77	14	332	34.42
77	14	345	18.97
77	14	347	46.10
77	14	373	16.90
77	14	374	45.93
77	14	384	13.45
77	14	385	35.72
77	14	394	15.96
77	14	399	17.38
77	14	404	32.94
77	14	405	20.13
77	14	414	17.23
77	14	429	15.56
77	14	444	21.31
77	14	461	17.65
77	14	466	17.07
77	14	476	16.39
77	14,16	12	48.70
77	14,16	73	67.08
77	14,16	114	41.48
77	14,16	155	41.13
77	14,16	160	51.17
77	14,16	186	51.48
77	14,16	326	65.00
77	14,16	347	71.03
77	14,24	12	46.41
77	14,24	26	41.79
77	14,24	39	27.92
77	14,24	54	47.38
77	14,24	61	22.90
77	14,24	71	23.34
77	14,24	114	24.97
77	14,24	132	36.42
77	14,24	137	24.20
77	14,24	145	48.63
77	14,24	152	26.49
77	14,24	155	24.86
77	14,24	160	34.58
77	14,24	182	24.49
77	14,24	185	54.41
77	14,24	186	32.94
77	14,24	194	27.61
77	14,24	208	24.42
77	14,24	210	25.42
77	14,24	216	52.00
77	14,24	228	43.46
77	14,24	263	26.62
77	14,24	266	20.76
77	14,24	282	22.37
77	14,24	326	57.31
77	14,24	332	42.97
77	14,24	345	28.37
77	14,24	347	54.23
77	14,24	373	27.08
77	14,24	384	23.86
77	14,24	385	50.13
77	14,24	394	28.72
77	14,24	404	41.56
77	14,24	405	31.52
77	14,24	414	27.90
77	14,24	429	25.46
77	14,24	461	26.99
77	14,24	476	26.27
77	15	52	24.11
77	15	53	41.72
77	15	58	22.27
77	15	65	23.39
77	15	73	50.30
77	15	85	26.90
77	15	102	46.55
77	15	114	23.66
77	15	156	54.44
77	15	160	39.39
77	15	186	32.56
77	15	189	67.28
77	15	209	27.17
77	15	217	37.24
77	15	227	47.00
77	15	233	44.99
77	15	247	43.24
77	15	272	24.32
77	15	281	64.00
77	15	326	52.87
77	15	327	34.49
77	15	340	25.13
77	15	347	55.35
77	15	355	53.37
77	15	420	46.79
77	15	437	44.86
77	15	440	48.32
77	15	443	21.66
77	15,19	58	37.00
77	15,19	209	52.99
77	15,19	217	56.59
77	15,19	233	60.62
77	15,19	247	62.75
77	15,19	340	40.82
77	15,19	355	68.28
77	15,19	420	61.68
77	15,19	437	61.66
77	16	3	48.46
77	16	12	31.14
77	16	52	23.62
77	16	53	43.90
77	16	58	23.86
77	16	65	24.44
77	16	73	50.93
77	16	85	25.06
77	16	102	54.92
77	16	108	45.37
77	16	114	19.93
77	16	155	23.80
77	16	156	56.54
77	16	160	38.85
77	16	186	30.03
77	16	189	68.14
77	16	209	39.59
77	16	217	39.58
77	16	227	47.68
77	16	233	47.11
77	16	234	53.04
77	16	247	43.42
77	16	250	70.15
77	16	272	23.83
77	16	281	65.35
77	16	301	63.73
77	16	326	52.69
77	16	327	31.97
77	16	347	54.58
77	16	351	42.17
77	16	374	57.63
77	16	420	49.01
77	16	437	32.89
77	16	440	49.30
77	16	443	20.90
77	16	463	65.99
77	16,21	12	50.89
77	16,21	52	39.75
77	16,21	73	66.93
77	16,21	85	43.56
77	16,21	114	36.45
77	16,21	155	40.73
77	16,21	160	54.66
77	16,21	186	48.14
77	16,21	326	66.04
77	16,21	327	45.90
77	16,21	440	65.83
77	16,21	443	36.32
77	16,22	52	38.07
77	16,22	58	37.83
77	16,22	65	39.46
77	16,22	73	66.30
77	16,22	85	42.87
77	16,22	114	39.77
77	16,22	155	41.90
77	16,22	156	71.39
77	16,22	160	55.85
77	16,22	186	48.04
77	16,22	209	53.39
77	16,22	217	53.80
77	16,22	233	61.63
77	16,22	272	38.34
77	16,22	326	65.51
77	16,22	327	48.75
77	16,22	347	61.51
77	16,22	420	61.73
77	16,22	437	54.41
77	16,22	440	65.23
77	16,22	443	35.00
77	16,24	12	47.10
77	16,24	114	32.01
77	16,24	155	36.25
77	16,24	160	50.58
77	16,24	186	43.27
77	16,24	326	66.96
77	16,24	347	71.04
77	17	22	17.90
77	17	35	45.65
77	17	44	40.66
77	17	47	18.97
77	17	51	18.99
77	17	60	17.70
77	17	63	46.24
77	17	68	35.76
77	17	69	56.93
77	17	89	18.82
77	17	94	21.83
77	17	95	42.01
77	17	126	38.97
77	17	127	17.61
77	17	129	47.37
77	17	130	14.80
77	17	133	20.65
77	17	141	20.25
77	17	148	30.46
77	17	153	50.96
77	17	159	28.80
77	17	162	21.08
77	17	171	19.96
77	17	179	21.03
77	17	191	19.97
77	17	196	15.93
77	17	199	22.72
77	17	220	51.44
77	17	255	34.76
77	17	259	31.62
77	17	284	41.66
77	17	298	46.80
77	17	303	17.32
77	17	307	28.93
77	17	309	17.27
77	17	320	19.96
77	17	321	21.48
77	17	324	20.11
77	17	336	22.17
77	17	339	17.52
77	17	341	17.45
77	17	342	16.39
77	17	343	43.31
77	17	353	31.38
77	17	377	52.76
77	17	380	21.42
77	17	383	21.97
77	17	395	20.49
77	17	410	35.61
77	17	422	28.20
77	17	426	35.80
77	17	427	14.85
77	17	432	15.44
77	17	441	16.03
77	17	442	21.87
77	17	445	17.18
77	17	446	16.03
77	17	449	16.23
77	17	450	17.92
77	17	452	18.37
77	17	454	15.49
77	17	459	17.90
77	17	468	30.25
77	17	469	18.51
77	17	471	17.45
77	17	475	22.82
77	17	477	16.28
77	17	481	18.80
77	17	482	15.93
77	17	485	27.58
77	17	486	19.46
77	17	487	19.13
77	17	490	35.25
77	17	491	51.58
77	17	494	16.10
77	18	1	33.25
77	18	4	13.72
77	18	6	18.15
77	18	7	15.58
77	18	10	46.89
77	18	13	20.15
77	18	20	32.76
77	18	36	21.80
77	18	42	14.77
77	18	45	19.30
77	18	70	40.46
77	18	74	15.59
77	18	75	20.07
77	18	76	16.83
77	18	79	16.99
77	18	80	36.44
77	18	101	16.56
77	18	103	59.45
77	18	105	52.35
77	18	115	29.03
77	18	119	19.34
77	18	122	30.63
77	18	123	36.83
77	18	136	28.25
77	18	157	39.51
77	18	169	42.14
77	18	172	28.62
77	18	173	14.49
77	18	193	29.51
77	18	200	16.70
77	18	206	29.46
77	18	212	56.06
77	18	223	15.30
77	18	240	47.27
77	18	251	39.30
77	18	257	35.03
77	18	260	31.49
77	18	264	50.82
77	18	280	25.28
77	18	287	37.73
77	18	292	18.54
77	18	295	16.42
77	18	299	15.73
77	18	300	22.13
77	18	315	35.65
77	18	318	14.61
77	18	328	54.61
77	18	329	15.69
77	18	334	14.35
77	18	352	48.13
77	18	366	15.73
77	18	369	15.11
77	18	376	45.52
77	18	397	33.68
77	18	416	16.55
77	18	421	13.76
77	18	425	15.14
77	18	448	16.23
77	18	460	25.77
77	18	462	27.94
77	18	483	17.75
77	18	492	18.55
77	19	23	24.82
77	19	58	19.97
77	19	86	26.82
77	19	88	37.23
77	19	97	39.82
77	19	102	57.08
77	19	112	34.37
77	19	174	47.83
77	19	180	24.80
77	19	204	20.00
77	19	209	26.92
77	19	217	30.68
77	19	218	20.38
77	19	221	47.79
77	19	233	44.86
77	19	246	46.93
77	19	247	38.04
77	19	254	26.76
77	19	267	32.65
77	19	269	47.86
77	19	279	47.49
77	19	285	24.34
77	19	293	23.08
77	19	317	22.14
77	19	331	29.32
77	19	337	24.69
77	19	340	20.72
77	19	346	40.18
77	19	354	26.24
77	19	355	54.55
77	19	357	23.27
77	19	359	40.48
77	19	365	43.77
77	19	371	30.48
77	19	372	37.56
77	19	389	20.23
77	19	407	22.04
77	19	420	44.34
77	19	437	48.96
77	19	451	20.27
77	19	467	48.70
77	19	473	48.51
77	19	484	26.00
77	19	493	21.99
77	20	14	23.61
77	20	40	37.97
77	20	46	46.08
77	20	49	19.82
77	20	56	39.25
77	20	57	50.41
77	20	66	26.83
77	20	98	60.46
77	20	107	33.15
77	20	154	61.44
77	20	175	39.27
77	20	188	21.73
77	20	197	57.80
77	20	214	28.01
77	20	222	50.76
77	20	238	16.82
77	20	253	35.61
77	20	258	51.17
77	20	290	23.27
77	20	302	19.87
77	20	312	18.87
77	20	322	55.34
77	20	323	27.41
77	20	325	22.31
77	20	367	54.23
77	20	368	22.42
77	20	381	31.77
77	20	392	53.04
77	20	401	25.66
77	20	408	18.79
77	20	430	66.08
77	20	435	49.23
77	20	455	22.31
77	20	457	49.20
77	21	3	50.24
77	21	12	35.83
77	21	18	23.65
77	21	52	25.94
77	21	73	51.42
77	21	85	30.45
77	21	114	26.00
77	21	155	24.79
77	21	160	38.49
77	21	182	23.52
77	21	185	53.86
77	21	186	34.25
77	21	187	60.70
77	21	189	67.96
77	21	216	51.86
77	21	228	42.68
77	21	230	60.17
77	21	234	52.08
77	21	243	29.28
77	21	250	68.65
77	21	301	60.59
77	21	326	50.87
77	21	327	29.90
77	21	374	58.32
77	21	414	28.70
77	21	440	51.51
77	21	443	25.38
77	21,31	12	51.18
77	21,31	18	38.10
77	21,31	52	41.15
77	21,31	73	66.44
77	21,31	85	47.83
77	21,31	114	41.52
77	21,31	155	40.70
77	21,31	160	53.31
77	21,31	182	39.15
77	21,31	185	69.30
77	21,31	186	51.06
77	21,31	216	69.14
77	21,31	228	57.51
77	21,31	230	73.46
77	21,31	243	45.44
77	21,31	326	64.72
77	21,31	327	44.76
77	21,31	414	45.70
77	21,31	440	67.01
77	21,31	443	39.96
77	22	52	14.25
77	22	55	28.62
77	22	58	15.34
77	22	65	15.30
77	22	73	43.00
77	22	83	13.31
77	22	85	15.25
77	22	93	18.07
77	22	102	53.20
77	22	114	15.06
77	22	124	40.61
77	22	138	25.62
77	22	155	16.59
77	22	156	47.15
77	22	158	46.01
77	22	160	32.77
77	22	165	14.37
77	22	184	18.41
77	22	186	20.42
77	22	187	51.68
77	22	189	57.83
77	22	198	19.17
77	22	204	15.99
77	22	208	21.13
77	22	209	30.03
77	22	211	63.80
77	22	217	30.48
77	22	225	48.38
77	22	227	37.54
77	22	233	37.39
77	22	263	16.96
77	22	272	14.31
77	22	278	15.86
77	22	281	56.75
77	22	286	38.39
77	22	314	45.48
77	22	316	16.38
77	22	326	44.55
77	22	327	26.49
77	22	331	28.24
77	22	332	30.56
77	22	335	40.13
77	22	340	17.68
77	22	347	48.03
77	22	348	21.66
77	22	359	31.66
77	22	363	39.46
77	22	373	18.49
77	22	378	14.14
77	22	387	16.70
77	22	404	31.20
77	22	405	19.92
77	22	420	39.21
77	22	424	17.27
77	22	437	26.79
77	22	440	40.90
77	22	443	12.51
77	22	458	19.21
77	22	474	12.52
77	22	480	13.14
77	23	25	22.86
77	23	30	21.97
77	23	33	42.87
77	23	37	35.96
77	23	38	30.65
77	23	59	25.69
77	23	64	21.30
77	23	78	40.72
77	23	90	31.37
77	23	100	57.13
77	23	111	45.58
77	23	113	35.27
77	23	117	57.61
77	23	125	16.65
77	23	135	20.46
77	23	137	18.62
77	23	143	20.76
77	23	144	34.37
77	23	146	38.75
77	23	149	46.92
77	23	150	45.13
77	23	151	37.94
77	23	181	55.61
77	23	202	21.89
77	23	207	26.06
77	23	228	39.51
77	23	232	58.99
77	23	244	46.27
77	23	252	21.99
77	23	256	30.66
77	23	274	55.76
77	23	277	20.14
77	23	297	17.44
77	23	333	22.94
77	23	379	63.97
77	23	393	40.37
77	23	411	30.96
77	23	414	23.52
77	23	417	21.06
77	23	428	66.01
77	23	429	22.42
77	23	465	21.89
77	23	466	20.48
77	23	476	21.87
77	23	495	45.30
77	24	3	39.90
77	24	12	27.99
77	24	26	34.46
77	24	39	19.21
77	24	48	18.59
77	24	54	31.37
77	24	61	15.39
77	24	71	15.70
77	24	108	42.63
77	24	110	18.76
77	24	114	17.58
77	24	132	29.01
77	24	137	17.44
77	24	145	34.58
77	24	152	19.24
77	24	155	17.37
77	24	158	44.54
77	24	160	27.10
77	24	163	18.46
77	24	182	17.63
77	24	185	46.97
77	24	186	25.28
77	24	194	20.32
77	24	203	23.46
77	24	208	16.94
77	24	210	17.85
77	24	216	44.25
77	24	228	36.48
77	24	234	44.10
77	24	241	32.01
77	24	250	61.65
77	24	263	18.72
77	24	266	13.13
77	24	270	42.20
77	24	282	14.07
77	24	288	40.46
77	24	296	42.97
77	24	301	53.54
77	24	313	20.08
77	24	326	45.66
77	24	332	35.18
77	24	345	20.79
77	24	347	46.52
77	24	373	19.41
77	24	374	46.21
77	24	375	18.58
77	24	384	16.65
77	24	385	35.28
77	24	386	20.37
77	24	394	19.32
77	24	404	33.73
77	24	405	23.08
77	24	414	20.03
77	24	429	17.83
77	24	461	19.35
77	24	476	18.63
77	25	9	62.34
77	25	11	49.24
77	25	24	60.62
77	25	27	29.63
77	25	43	50.04
77	25	77	67.44
77	25	128	55.45
77	25	139	30.00
77	25	140	15.51
77	25	224	41.87
77	25	229	58.14
77	25	294	48.66
77	25	311	52.24
77	25	319	39.49
77	25	398	36.59
77	25,26	9	77.97
77	25,26	11	62.03
77	25,26	24	74.15
77	25,26	27	37.58
77	25,26	43	64.00
77	25,26	128	65.21
77	25,26	140	28.25
77	25,26	398	44.63
77	25,27	9	78.56
77	25,27	11	64.66
77	25,27	24	76.73
77	25,27	27	44.77
77	25,27	43	65.41
77	25,27	128	72.21
77	25,27	139	44.03
77	25,27	140	29.52
77	25,27	294	63.79
77	25,27	398	52.20
77	25,29	9	84.77
77	25,29	11	69.62
77	25,29	24	81.90
77	25,29	27	47.89
77	25,29	43	71.01
77	25,29	128	76.45
77	25,29	139	48.93
77	25,29	140	34.66
77	25,29	294	57.23
77	25,29	398	54.58
77	26	9	67.10
77	26	11	52.42
77	26	24	64.00
77	26	27	28.23
77	26	43	54.37
77	26	77	65.72
77	26	128	54.90
77	26	140	20.32
77	26	183	22.20
77	26	224	48.01
77	26	229	56.41
77	26	304	26.03
77	26	311	44.04
77	26	319	45.94
77	26	398	36.55
77	26,27	9	81.90
77	26,27	11	66.51
77	26,27	24	78.75
77	26,27	27	42.01
77	26,27	43	68.39
77	26,27	128	70.18
77	26,27	140	33.07
77	26,27	398	49.23
77	26,29	9	83.03
77	26,29	11	67.90
77	26,29	24	80.15
77	26,29	27	46.15
77	26,29	43	69.31
77	26,29	128	74.61
77	26,29	140	33.13
77	26,29	304	45.87
77	26,29	398	55.37
77	27	9	65.45
77	27	11	52.21
77	27	24	63.66
77	27	27	33.97
77	27	43	53.00
77	27	128	60.24
77	27	139	32.52
77	27	140	19.58
77	27	224	44.68
77	27	229	62.48
77	27	231	34.10
77	27	294	51.92
77	27	311	55.61
77	27	319	43.62
77	27	398	41.69
77	27,29	9	87.66
77	27,29	11	72.35
77	27,29	24	84.69
77	27,29	27	50.59
77	27,29	43	73.72
77	27,29	128	79.42
77	27,29	139	51.92
77	27,29	140	37.37
77	27,29	294	65.28
77	27,29	398	60.66
77	28	19	39.96
77	28	41	49.93
77	28	81	37.86
77	28	134	57.97
77	28	166	54.20
77	28	178	40.32
77	28	190	46.51
77	28	219	19.69
77	28	239	30.85
77	28	242	44.27
77	28	364	60.10
77	28	464	21.82
77	28	478	21.13
77	29	9	64.70
77	29	11	50.63
77	29	24	62.07
77	29	27	29.21
77	29	43	52.17
77	29	77	67.00
77	29	128	55.44
77	29	139	32.80
77	29	140	17.61
77	29	224	45.38
77	29	229	57.73
77	29	294	39.77
77	29	304	27.31
77	29	311	51.83
77	29	319	43.21
77	29	398	40.68
77	30	8	11.28
77	30	15	15.96
77	30	17	17.69
77	30	28	33.25
77	30	29	14.69
77	30	46	42.44
77	30	49	13.28
77	30	56	37.45
77	30	62	32.38
77	30	66	23.79
77	30	81	28.46
77	30	116	14.73
77	30	120	14.31
77	30	154	45.11
77	30	188	14.62
77	30	245	27.18
77	30	275	27.72
77	30	289	12.69
77	30	312	13.90
77	30	356	44.52
77	30	358	27.42
77	30	361	47.79
77	30	370	17.15
77	30	381	34.54
77	30	382	45.51
77	30	390	32.96
77	30	402	9.48
77	30	413	11.58
77	30	418	22.27
77	30	419	47.46
77	30	433	17.00
77	30	434	16.93
77	30	435	47.49
77	30	436	44.69
77	30	455	16.65
77	30	470	15.32
77	30	489	47.04
77	31	3	41.82
77	31	12	27.66
77	31	18	14.97
77	31	52	17.04
77	31	54	29.34
77	31	61	13.25
77	31	71	15.52
77	31	73	42.80
77	31	83	17.99
77	31	85	20.10
77	31	114	16.58
77	31	142	20.97
77	31	145	36.86
77	31	152	18.48
77	31	155	15.18
77	31	158	44.61
77	31	160	29.90
77	31	167	15.58
77	31	182	14.52
77	31	185	44.77
77	31	186	23.37
77	31	187	52.44
77	31	189	58.87
77	31	194	15.55
77	31	208	19.18
77	31	216	40.76
77	31	228	34.13
77	31	230	53.11
77	31	243	19.39
77	31	248	17.55
77	31	250	58.94
77	31	263	17.59
77	31	266	14.97
77	31	268	20.48
77	31	270	38.87
77	31	278	17.32
77	31	282	17.72
77	31	288	39.48
77	31	296	40.39
77	31	301	54.85
77	31	310	30.51
77	31	326	43.32
77	31	327	22.13
77	31	332	35.94
77	31	373	17.49
77	31	374	48.73
77	31	378	19.80
77	31	384	12.93
77	31	385	29.73
77	31	394	19.54
77	31	399	17.15
77	31	400	18.48
77	31	404	34.52
77	31	405	21.23
77	31	414	18.14
77	31	429	17.96
77	31	440	42.42
77	31	443	17.10
77	31	444	24.00
77	31	466	17.97
77	31	476	18.80
77	31	488	16.83
77	32	8	10.06
77	32	15	14.35
77	32	17	16.93
77	32	28	31.66
77	32	29	12.70
77	32	46	40.58
77	32	49	11.63
77	32	56	35.35
77	32	62	31.15
77	32	66	21.44
77	32	81	26.76
77	32	96	21.69
77	32	116	13.32
77	32	120	12.68
77	32	154	52.76
77	32	188	13.00
77	32	245	24.35
77	32	275	26.56
77	32	289	12.30
77	32	312	12.52
77	32	356	42.27
77	32	358	34.89
77	32	361	46.24
77	32	370	15.14
77	32	381	32.31
77	32	382	44.23
77	32	390	31.45
77	32	402	9.90
77	32	413	10.58
77	32	418	20.75
77	32	419	45.92
77	32	433	14.17
77	32	434	15.13
77	32	435	45.76
77	32	436	43.18
77	32	455	14.44
77	32	457	40.51
77	32	470	13.63
77	32	489	45.42
