Task=12 Orders=54 Vehicles=466 Scores=2044
12	1	4	21.45
12	1	9	44.34
12	1	28	40.03
12	1	31	17.94
12	1	46	30.69
12	1	48	24.62
12	1	50	16.17
12	1	52	14.58
12	1	82	16.92
12	1	85	47.66
12	1	94	20.45
12	1	111	16.23
12	1	163	24.41
12	1	164	58.46
12	1	178	42.87
12	1	180	23.15
12	1	209	57.21
12	1	212	19.45
12	1	215	15.66
12	1	229	36.68
12	1	242	53.93
12	1	244	18.18
12	1	257	59.17
12	1	265	20.14
12	1	266	30.04
12	1	270	37.99
12	1	287	27.56
12	1	295	59.37
12	1	302	51.48
12	1	318	18.65
12	1	319	17.54
12	1	323	20.58
12	1	349	46.87
12	1	371	19.76
12	1	374	44.42
12	1	392	18.23
12	1	420	42.08
12	1	452	57.58
12	1	454	49.61
12	1,30	4	31.94
12	1,30	9	56.82
12	1,30	46	41.27
12	1,30	50	26.32
12	1,30	52	24.07
12	1,30	82	27.85
12	1,30	111	26.17
12	1,30	180	35.93
12	1,30	215	26.41
12	1,30	229	49.20
12	1,30	265	30.34
12	1,30	266	42.80
12	1,30	270	50.10
12	1,30	371	30.49
12	1,30	392	29.44
12	2	6	65.86
12	2	192	61.07
12	2	200	39.13
12	2	235	79.07
12	2	236	52.73
12	2	250	58.07
12	2	268	70.75
12	2	305	67.38
12	2	362	52.94
12	2	393	32.45
12	2	395	23.97
12	2	439	42.61
12	2,7	6	80.17
12	2,7	192	75.32
12	2,7	200	52.41
12	2,7	236	67.17
12	2,7	268	94.68
12	2,7	393	59.34
12	2,7	395	37.38
12	2,7	439	62.72
12	2,12	6	84.00
12	2,12	192	79.23
12	2,12	200	55.03
12	2,12	236	71.28
12	2,12	268	90.58
12	2,12	393	61.15
12	2,12	395	40.49
12	2,12	439	60.52
12	2,17	6	80.37
12	2,17	192	75.66
12	2,17	236	63.01
12	2,17	268	87.45
12	3	4	17.94
12	3	28	36.54
12	3	31	10.58
12	3	33	52.56
12	3	48	17.92
12	3	50	12.79
12	3	52	11.20
12	3	59	52.85
12	3	82	11.56
12	3	85	41.90
12	3	94	13.34
12	3	111	12.85
12	3	118	17.37
12	3	163	17.62
12	3	164	52.38
12	3	180	26.61
12	3	209	50.28
12	3	212	13.68
12	3	213	43.66
12	3	215	11.51
12	3	229	33.34
12	3	244	11.89
12	3	257	52.80
12	3	265	19.31
12	3	266	26.86
12	3	270	30.54
12	3	287	21.69
12	3	295	53.31
12	3	302	45.61
12	3	304	28.75
12	3	318	14.65
12	3	319	13.15
12	3	323	13.68
12	3	334	13.23
12	3	349	40.87
12	3	371	14.55
12	3	374	37.89
12	3	392	14.48
12	3	410	15.14
12	3	420	35.45
12	3	454	43.59
12	3,43	4	30.79
12	3,43	31	29.07
12	3,43	48	36.96
12	3,43	52	23.99
12	3,43	82	29.83
12	3,43	94	33.45
12	3,43	111	25.13
12	3,43	163	35.32
12	3,43	212	29.92
12	3,43	215	28.35
12	3,43	229	46.97
12	3,43	266	42.28
12	3,43	270	53.56
12	3,43	323	31.56
12	3,43	371	32.04
12	4	3	20.62
12	4	54	37.99
12	4	74	25.42
12	4	98	47.66
12	4	123	51.85
12	4	133	30.01
12	4	138	23.23
12	4	141	39.44
12	4	181	35.28
12	4	204	21.44
12	4	223	49.92
12	4	252	60.77
12	4	271	44.77
12	4	281	63.39
12	4	301	50.35
12	4	327	31.08
12	4	344	54.28
12	4	367	45.97
12	4	380	49.59
12	4	388	63.31
12	4	462	49.58
12	4,32	123	70.25
12	4,32	133	42.32
12	4,32	138	39.86
12	4,32	204	35.93
12	4,32	223	63.42
12	4,32	344	76.86
12	4,32	388	79.73
12	4,38	3	32.89
12	4,38	54	56.04
12	4,38	74	38.73
12	4,38	123	64.93
12	4,38	138	37.83
12	4,38	141	61.73
12	4,38	181	47.51
12	4,38	204	33.83
12	4,38	301	64.75
12	4,38	388	77.68
12	5	44	50.15
12	5	68	21.90
12	5	104	16.54
12	5	134	17.96
12	5	176	27.63
12	5	185	50.03
12	5	194	32.48
12	5	197	43.76
12	5	199	20.59
12	5	203	51.18
12	5	227	18.75
12	5	246	30.15
12	5	262	37.00
12	5	267	26.89
12	5	282	50.59
12	5	311	35.06
12	5	353	56.49
12	5	373	22.97
12	5	412	31.52
12	5,22	68	36.00
12	5,22	104	26.79
12	5,22	134	29.17
12	5,22	176	42.58
12	5,22	185	60.93
12	5,22	194	41.17
12	5,22	197	53.25
12	5,22	199	35.58
12	5,22	203	60.13
12	5,22	227	30.10
12	5,22	246	39.15
12	5,22	262	45.18
12	5,22	267	36.30
12	5,22	311	44.28
12	5,22	353	68.10
12	5,22	373	39.01
12	5,22	412	48.80
12	5,33	68	52.59
12	6	3	13.06
12	6	10	35.11
12	6	23	42.99
12	6	25	36.34
12	6	32	16.82
12	6	54	41.68
12	6	66	28.76
12	6	71	14.70
12	6	74	17.97
12	6	98	38.07
12	6	103	44.07
12	6	119	46.62
12	6	127	49.30
12	6	138	16.55
12	6	141	46.06
12	6	149	47.92
12	6	151	38.25
12	6	157	42.41
12	6	181	29.27
12	6	204	14.85
12	6	206	45.75
12	6	249	20.23
12	6	252	51.28
12	6	267	19.92
12	6	279	18.89
12	6	281	55.30
12	6	293	34.90
12	6	301	41.17
12	6	315	27.25
12	6	328	52.61
12	6	335	62.13
12	6	339	42.38
12	6	355	18.27
12	6	356	44.42
12	6	358	24.58
12	6	367	36.79
12	6	370	20.86
12	6	383	18.73
12	6	388	57.46
12	6	409	32.68
12	6	466	20.44
12	6,40	10	55.87
12	6,40	23	57.85
12	6,40	25	56.80
12	6,40	32	32.97
12	6,40	54	64.87
12	6,40	66	45.32
12	6,40	74	28.17
12	6,40	119	57.82
12	6,40	138	32.77
12	6,40	151	62.75
12	6,40	157	53.00
12	6,40	181	48.92
12	6,40	249	36.15
12	6,40	279	31.55
12	6,40	301	64.13
12	6,40	356	73.35
12	6,40	409	47.28
12	6,40	466	31.65
12	7	6	55.83
12	7	36	15.93
12	7	81	16.01
12	7	87	22.58
12	7	153	45.37
12	7	156	18.49
12	7	165	28.20
12	7	192	51.14
12	7	200	31.30
12	7	205	16.14
12	7	216	17.42
12	7	235	69.30
12	7	236	42.21
12	7	247	18.56
12	7	250	49.63
12	7	253	16.08
12	7	268	60.25
12	7	274	17.20
12	7	276	17.25
12	7	278	17.70
12	7	280	18.82
12	7	298	18.20
12	7	305	57.34
12	7	310	16.45
12	7	313	25.75
12	7	317	33.11
12	7	325	37.59
12	7	347	40.30
12	7	361	17.62
12	7	362	43.73
12	7	376	17.65
12	7	382	16.00
12	7	393	35.62
12	7	395	15.34
12	7	396	16.38
12	7	400	17.03
12	7	406	44.63
12	7	431	16.51
12	7	439	39.00
12	7	441	33.04
12	7	442	16.45
12	7	443	27.38
12	7	451	17.73
12	7	455	26.03
12	7,12	6	82.93
12	7,12	192	78.07
12	7,12	200	54.93
12	7,12	236	70.01
12	7,12	268	95.08
12	7,12	393	62.06
12	7,12	395	39.94
12	7,12	439	65.44
12	7,17	6	73.65
12	7,17	192	68.99
12	7,17	236	55.96
12	7,17	268	93.72
12	7,54	6	84.51
12	7,54	192	79.61
12	7,54	236	60.92
12	7,54	268	94.30
12	8	7	25.06
12	8	16	14.68
12	8	28	40.85
12	8	31	18.13
12	8	33	56.52
12	8	48	21.46
12	8	49	57.08
12	8	57	42.17
12	8	58	32.72
12	8	59	52.35
12	8	63	50.23
12	8	82	18.56
12	8	85	44.59
12	8	94	16.92
12	8	117	41.18
12	8	118	20.28
12	8	164	55.56
12	8	180	33.24
12	8	209	53.25
12	8	213	43.07
12	8	215	17.30
12	8	257	52.01
12	8	277	44.80
12	8	299	34.24
12	8	300	15.45
12	8	303	24.01
12	8	304	28.61
12	8	323	18.42
12	8	334	14.31
12	8	349	43.41
12	8	387	29.07
12	8	410	14.48
12	8	420	42.27
12	8	425	19.39
12	8	454	44.92
12	8,43	31	32.89
12	8,43	48	40.06
12	8,43	82	33.69
12	8,43	94	36.77
12	8,43	215	31.55
12	8,43	323	35.17
12	8,45	7	37.56
12	8,45	16	22.03
12	8,45	58	46.94
12	8,45	94	28.51
12	8,45	117	48.54
12	8,45	118	28.63
12	8,45	213	52.04
12	8,45	299	41.18
12	8,45	300	24.21
12	8,45	303	33.96
12	8,45	304	40.07
12	8,45	334	24.17
12	8,45	387	39.39
12	8,45	410	24.55
12	8,45	425	27.54
12	9	20	20.54
12	9	22	21.35
12	9	29	20.31
12	9	37	35.21
12	9	73	40.38
12	9	90	21.83
12	9	114	42.35
12	9	140	15.00
12	9	146	62.44
12	9	152	48.92
12	9	193	20.39
12	9	225	22.32
12	9	228	22.00
12	9	232	19.39
12	9	237	24.93
12	9	245	22.89
12	9	263	41.80
12	9	275	48.80
12	9	343	58.34
12	9	345	21.08
12	9	350	44.82
12	9	352	52.20
12	9,25	20	28.38
12	9,25	22	27.59
12	9,25	29	26.17
12	9,25	37	41.75
12	9,25	73	47.10
12	9,25	90	27.37
12	9,25	114	48.86
12	9,25	140	21.79
12	9,25	146	68.79
12	9,25	193	26.54
12	9,25	225	28.38
12	9,25	228	28.32
12	9,25	232	26.15
12	9,25	237	31.72
12	9,25	245	29.68
12	9,25	275	54.61
12	9,25	345	27.45
12	9,25	350	52.24
12	9,25	352	58.66
12	10	8	44.97
12	10	13	11.77
12	10	18	42.85
12	10	26	12.49
12	10	30	11.86
12	10	41	37.75
12	10	53	14.44
12	10	95	17.03
12	10	101	31.27
12	10	130	30.77
12	10	148	11.65
12	10	190	47.14
12	10	210	46.15
12	10	243	37.96
12	10	256	16.58
12	10	260	36.63
12	10	264	26.38
12	10	299	24.73
12	10	329	14.59
12	10	338	46.65
12	10	375	43.68
12	10	394	13.24
12	10	405	14.46
12	10	408	49.49
12	10	432	14.04
12	10	435	12.00
12	10	464	16.58
12	10,41	53	31.86
12	10,41	101	47.15
12	10,41	130	48.62
12	10,41	148	29.75
12	10,41	264	39.70
12	11	40	21.48
12	11	42	31.10
12	11	88	32.17
12	11	97	14.24
12	11	122	18.85
12	11	191	14.63
12	11	198	31.35
12	11	211	12.69
12	11	220	15.31
12	11	233	48.48
12	11	238	33.68
12	11	240	36.44
12	11	251	32.80
12	11	309	18.08
12	11	333	46.86
12	11	360	18.20
12	11	366	16.61
12	11	384	15.72
12	11	386	17.86
12	11	411	31.82
12	11	422	51.18
12	11	426	44.20
12	11	461	18.44
12	11,52	88	52.08
12	11,52	191	31.66
12	11,52	198	51.68
12	11,52	240	47.28
12	11,52	251	46.25
12	11,52	309	35.04
12	11,52	333	60.03
12	11,52	360	33.80
12	11,52	366	32.23
12	11,52	384	34.70
12	11,52	386	33.34
12	11,52	411	43.90
12	11,52	422	63.14
12	11,52	461	37.45
12	12	6	64.92
12	12	62	37.28
12	12	65	55.45
12	12	67	60.52
12	12	147	50.08
12	12	155	49.80
12	12	162	36.01
12	12	192	62.01
12	12	200	41.30
12	12	235	78.15
12	12	236	53.41
12	12	250	58.96
12	12	268	71.15
12	12	306	68.68
12	12	362	51.35
12	12	393	32.83
12	12	395	23.75
12	12	439	44.37
12	12,17	6	80.93
12	12,17	192	76.23
12	12,17	236	63.61
12	12,17	268	88.08
12	12,27	6	79.62
12	12,27	62	49.08
12	12,27	65	69.07
12	12,27	67	76.87
12	12,27	147	63.31
12	12,27	162	52.17
12	12,27	192	76.69
12	12,27	200	53.56
12	12,27	236	68.30
12	12,27	268	90.32
12	12,27	393	59.46
12	12,27	395	36.55
12	12,27	439	46.75
12	12,35	62	48.21
12	12,35	65	73.66
12	12,35	67	78.06
12	12,35	147	65.30
12	12,35	162	46.30
12	12,35	192	78.49
12	12,35	200	58.34
12	12,35	236	71.04
12	12,35	268	84.42
12	12,35	393	53.32
12	12,35	439	64.32
12	12,54	6	85.72
12	12,54	192	80.96
12	12,54	236	67.80
12	12,54	268	92.80
12	13	38	24.52
12	13	45	21.25
12	13	62	37.82
12	13	65	61.08
12	13	67	62.30
12	13	69	64.55
12	13	80	49.32
12	13	102	57.99
12	13	113	44.61
12	13	147	50.85
12	13	155	49.32
12	13	162	47.58
12	13	174	60.51
12	13	179	58.27
12	13	192	60.99
12	13	200	46.18
12	13	226	53.99
12	13	268	58.54
12	13	306	72.77
12	13	326	54.04
12	13	362	55.65
12	13	391	29.86
12	13	393	49.17
12	13	439	49.17
12	13,19	38	41.80
12	13,19	45	37.28
12	13,19	80	62.89
12	13,19	102	70.62
12	13,19	113	57.76
12	13,19	147	62.99
12	13,19	162	60.48
12	13,19	174	75.58
12	13,19	179	71.03
12	13,19	200	57.70
12	13,19	226	67.52
12	13,19	391	46.48
12	13,19	393	61.89
12	13,19	439	61.89
12	13,21	45	41.25
12	13,21	62	57.30
12	13,21	67	87.06
12	13,21	80	72.86
12	13,21	102	80.42
12	13,21	113	55.82
12	13,21	147	70.69
12	13,21	174	89.15
12	13,21	226	78.38
12	13,21	391	48.44
12	13,50	45	32.62
12	13,50	80	62.97
12	13,50	102	74.85
12	13,50	113	49.54
12	13,50	147	62.63
12	13,50	174	81.62
12	13,50	179	71.06
12	13,50	226	71.94
12	13,50	391	41.82
12	14	10	40.41
12	14	23	45.59
12	14	25	38.35
12	14	32	17.35
12	14	39	16.86
12	14	54	44.83
12	14	66	27.38
12	14	74	15.35
12	14	96	15.93
12	14	98	41.66
12	14	119	33.27
12	14	127	51.08
12	14	128	29.15
12	14	149	51.68
12	14	151	43.41
12	14	157	36.49
12	14	158	17.38
12	14	181	30.99
12	14	206	50.80
12	14	207	18.97
12	14	249	20.13
12	14	252	53.72
12	14	271	40.94
12	14	279	15.68
12	14	286	51.37
12	14	297	20.15
12	14	301	45.75
12	14	324	36.38
12	14	327	22.13
12	14	335	66.73
12	14	351	31.87
12	14	367	41.75
12	14	380	44.54
12	14	409	27.85
12	14	434	54.04
12	14	466	16.83
12	14,15	10	48.25
12	14,15	23	55.08
12	14,15	25	46.63
12	14,15	32	27.24
12	14,15	39	25.66
12	14,15	54	53.86
12	14,15	66	39.27
12	14,15	74	23.63
12	14,15	96	24.49
12	14,15	119	51.42
12	14,15	128	40.18
12	14,15	151	53.55
12	14,15	157	49.96
12	14,15	158	26.03
12	14,15	181	40.85
12	14,15	207	33.15
12	14,15	249	34.21
12	14,15	271	49.99
12	14,15	279	25.15
12	14,15	297	32.41
12	14,15	301	54.99
12	14,15	327	34.97
12	14,15	380	54.73
12	14,15	409	38.59
12	14,15	434	64.61
12	14,15	466	26.00
12	15	10	37.24
12	15	23	43.89
12	15	25	36.00
12	15	32	14.30
12	15	39	14.24
12	15	54	42.13
12	15	66	24.49
12	15	74	12.13
12	15	96	13.20
12	15	98	40.06
12	15	119	34.51
12	15	127	47.30
12	15	128	26.23
12	15	138	17.85
12	15	149	47.92
12	15	151	41.17
12	15	157	37.32
12	15	158	14.99
12	15	181	27.69
12	15	206	48.10
12	15	207	16.37
12	15	249	17.62
12	15	252	51.41
12	15	271	38.89
12	15	279	11.94
12	15	281	46.27
12	15	297	18.39
12	15	301	43.99
12	15	327	20.28
12	15	335	63.92
12	15	356	45.45
12	15	367	39.62
12	15	380	42.23
12	15	409	24.35
12	15	434	50.49
12	15	466	14.15
12	15,29	10	49.89
12	15,29	23	59.17
12	15,29	25	52.83
12	15,29	32	36.93
12	15,29	39	31.45
12	15,29	54	56.72
12	15,29	74	30.96
12	15,29	96	30.51
12	15,29	119	54.48
12	15,29	128	43.70
12	15,29	157	52.56
12	15,29	158	33.04
12	15,29	207	37.20
12	15,29	249	40.25
12	15,29	271	51.68
12	15,29	279	33.48
12	15,29	297	37.62
12	15,29	301	59.54
12	15,29	327	38.51
12	15,29	409	43.55
12	15,29	434	65.08
12	15,29	466	31.48
12	16	88	40.07
12	16	150	43.83
12	16	154	44.32
12	16	198	42.18
12	16	233	37.87
12	16	240	39.24
12	16	258	51.10
12	16	283	35.77
12	16	331	39.92
12	16	333	52.13
12	16	365	49.73
12	16,24	150	63.14
12	16,24	331	56.39
12	16,52	88	58.73
12	16,52	150	58.68
12	16,52	154	60.76
12	16,52	198	61.14
12	16,52	240	57.18
12	16,52	283	50.73
12	16,52	331	55.90
12	16,52	333	70.18
12	17	6	64.32
12	17	61	60.00
12	17	69	61.83
12	17	137	54.03
12	17	177	71.24
12	17	192	59.65
12	17	196	49.51
12	17	224	58.66
12	17	235	77.63
12	17	236	44.55
12	17	248	52.35
12	17	250	58.21
12	17	268	70.08
12	17	292	53.85
12	17	305	64.99
12	17,35	192	73.15
12	17,35	236	60.44
12	17,35	268	80.04
12	17,54	6	85.75
12	17,54	61	81.31
12	17,54	137	68.52
12	17,54	177	93.65
12	17,54	192	81.31
12	17,54	224	79.17
12	17,54	236	66.00
12	17,54	268	92.77
12	17,54	292	74.75
12	18	15	48.52
12	18	77	24.73
12	18	100	36.08
12	18	115	14.66
12	18	150	44.62
12	18	218	16.87
12	18	234	55.37
12	18	258	51.82
12	18	320	21.06
12	18	331	36.41
12	18	340	23.63
12	18	354	47.27
12	18	390	40.82
12	18	403	30.94
12	18	456	20.89
12	18	460	18.79
12	18	463	47.54
12	18,24	15	64.96
12	18,24	77	39.80
12	18,24	150	57.30
12	18,24	234	70.27
12	18,24	320	38.13
12	18,24	331	50.06
12	19	38	23.86
12	19	45	19.99
12	19	80	47.13
12	19	102	56.54
12	19	113	42.76
12	19	132	59.03
12	19	147	50.23
12	19	155	48.69
12	19	162	46.20
12	19	174	59.18
12	19	179	57.86
12	19	188	58.62
12	19	200	45.46
12	19	226	52.44
12	19	326	52.87
12	19	332	74.15
12	19	362	54.93
12	19	391	32.13
12	19	393	49.04
12	19	439	48.72
12	19,50	45	40.99
12	19,50	80	71.92
12	19,50	102	73.03
12	19,50	113	51.27
12	19,50	132	64.82
12	19,50	147	70.77
12	19,50	174	79.79
12	19,50	179	81.66
12	19,50	226	70.11
12	19,50	391	53.73
12	20	10	39.68
12	20	15	46.87
12	20	39	10.82
12	20	70	31.45
12	20	96	11.65
12	20	107	16.00
12	20	109	24.61
12	20	119	34.06
12	20	127	51.34
12	20	128	28.39
12	20	149	51.99
12	20	157	36.76
12	20	158	13.56
12	20	170	14.72
12	20	201	54.89
12	20	221	18.42
12	20	230	42.87
12	20	234	46.80
12	20	286	48.75
12	20	297	14.49
12	20	321	50.18
12	20	324	30.97
12	20	335	64.62
12	20	351	23.93
12	20	354	41.31
12	20	404	13.65
12	20	409	28.34
12	20	414	50.52
12	20	423	53.04
12	20	424	34.42
12	20	434	54.03
12	20	456	16.04
12	20	466	13.30
12	20,37	15	67.35
12	20,37	39	29.94
12	20,37	70	49.90
12	20,37	109	42.00
12	20,37	119	54.34
12	20,37	157	53.59
12	20,37	170	34.21
12	20,37	221	35.75
12	20,37	234	65.41
12	20,37	297	33.04
12	20,37	409	48.93
12	20,37	434	72.63
12	21	35	21.34
12	21	45	21.17
12	21	62	31.92
12	21	67	56.90
12	21	80	48.61
12	21	99	52.20
12	21	102	49.63
12	21	113	26.25
12	21	132	38.35
12	21	147	50.30
12	21	155	47.73
12	21	174	49.28
12	21	188	48.30
12	21	226	45.54
12	21	306	68.75
12	21	326	54.18
12	21	391	35.48
12	21	430	22.10
12	21,36	45	32.70
12	21,36	80	61.46
12	21,36	102	61.63
12	21,36	113	37.93
12	21,36	132	65.46
12	21,36	226	58.34
12	21,36	391	47.59
12	21,50	45	29.77
12	21,50	80	58.93
12	21,50	102	59.13
12	21,50	113	36.62
12	21,50	132	51.01
12	21,50	147	59.56
12	21,50	174	60.61
12	21,50	226	55.83
12	21,50	391	44.65
12	22	44	44.32
12	22	68	16.17
12	22	104	10.07
12	22	134	11.34
12	22	176	29.51
12	22	185	44.73
12	22	194	25.56
12	22	197	37.55
12	22	199	13.66
12	22	203	43.48
12	22	227	12.25
12	22	246	23.59
12	22	262	31.96
12	22	267	18.75
12	22	282	45.23
12	22	311	28.20
12	22	353	50.62
12	22	373	16.45
12	22	412	28.46
12	22,33	68	38.41
12	23	5	40.93
12	23	35	22.90
12	23	62	32.21
12	23	65	57.75
12	23	67	40.27
12	23	102	57.04
12	23	147	50.75
12	23	155	50.41
12	23	162	47.59
12	23	174	60.37
12	23	200	43.90
12	23	219	61.61
12	23	268	63.42
12	23	306	69.49
12	23	326	54.94
12	23	362	51.04
12	23	369	59.21
12	23	391	45.65
12	23	393	47.32
12	23	407	41.96
12	23	430	23.63
12	23	439	38.24
12	23,35	35	43.03
12	23,35	62	49.75
12	23,35	65	81.54
12	23,35	67	68.00
12	23,35	102	78.28
12	23,35	147	71.45
12	23,35	162	49.08
12	23,35	174	87.58
12	23,35	200	62.97
12	23,35	268	85.13
12	23,35	391	65.59
12	23,35	393	55.49
12	23,35	439	65.24
12	23,53	5	56.42
12	23,53	35	30.30
12	23,53	62	39.38
12	23,53	369	78.54
12	23,53	407	57.58
12	23,53	430	31.49
12	23,54	268	82.68
12	24	15	52.70
12	24	77	27.96
12	24	150	47.27
12	24	234	58.83
12	24	258	52.48
12	24	320	24.92
12	24	331	39.35
12	24,39	150	62.32
12	24,39	331	55.62
12	24,52	150	59.68
12	24,52	331	50.55
12	25	1	26.94
12	25	20	20.42
12	25	22	20.35
12	25	29	19.32
12	25	37	34.34
12	25	47	47.28
12	25	60	19.49
12	25	73	40.15
12	25	78	36.73
12	25	89	18.31
12	25	90	21.08
12	25	93	63.54
12	25	114	42.10
12	25	124	21.31
12	25	140	15.61
12	25	146	61.30
12	25	152	48.66
12	25	187	50.92
12	25	193	20.17
12	25	195	45.17
12	25	222	26.27
12	25	225	21.17
12	25	228	21.56
12	25	231	36.17
12	25	232	19.39
12	25	237	24.72
12	25	245	22.68
12	25	261	20.56
12	25	263	41.04
12	25	273	34.76
12	25	275	47.70
12	25	289	20.51
12	25	307	24.28
12	25	343	58.10
12	25	345	20.86
12	25	350	45.39
12	25	352	51.94
12	25	359	21.14
12	25	381	53.04
12	25	397	24.07
12	25	416	21.85
12	25	418	26.55
12	25	421	22.11
12	25	429	44.62
12	25	436	17.39
12	25	440	20.87
12	25	446	27.58
12	26	19	45.76
12	26	45	16.73
12	26	80	42.75
12	26	99	50.51
12	26	102	46.34
12	26	105	30.77
12	26	113	30.32
12	26	131	14.46
12	26	132	42.08
12	26	147	47.21
12	26	155	44.17
12	26	171	47.68
12	26	174	43.54
12	26	188	43.24
12	26	208	48.44
12	26	226	41.11
12	26	294	59.45
12	26	326	48.48
12	26	377	19.54
12	26	385	19.77
12	26	391	33.90
12	26	433	14.97
12	26	438	28.65
12	26	447	13.75
12	26	459	13.80
12	26,42	45	26.66
12	26,42	80	54.23
12	26,42	102	57.01
12	26,42	113	48.75
12	26,42	131	24.80
12	26,42	132	64.38
12	26,42	147	57.70
12	26,42	171	59.66
12	26,42	174	55.96
12	26,42	226	52.56
12	26,42	377	30.77
12	26,42	391	43.85
12	26,42	433	26.01
12	26,42	438	39.69
12	26,42	447	24.79
12	26,42	459	24.85
12	27	6	57.37
12	27	34	17.90
12	27	62	30.83
12	27	65	46.48
12	27	67	55.77
12	27	81	17.73
12	27	87	22.52
12	27	147	43.68
12	27	153	49.97
12	27	155	42.70
12	27	156	20.10
12	27	162	33.00
12	27	165	30.15
12	27	192	54.62
12	27	200	33.44
12	27	205	18.04
12	27	216	19.99
12	27	235	71.06
12	27	236	45.49
12	27	247	21.21
12	27	250	52.54
12	27	268	55.49
12	27	274	19.18
12	27	278	20.15
12	27	280	18.61
12	27	298	23.66
12	27	306	60.94
12	27	310	19.00
12	27	313	27.85
12	27	317	36.06
12	27	325	40.27
12	27	346	18.79
12	27	362	43.25
12	27	363	38.35
12	27	376	18.39
12	27	382	18.03
12	27	393	36.01
12	27	395	15.69
12	27	431	20.10
12	27	439	25.15
12	27	441	36.03
12	27	442	20.70
12	27	455	26.55
12	27,54	6	69.83
12	27,54	192	65.73
12	27,54	236	51.82
12	27,54	268	75.51
12	28	19	38.55
12	28	38	11.93
12	28	45	9.01
12	28	62	26.54
12	28	65	48.18
12	28	67	50.04
12	28	80	35.07
12	28	102	44.46
12	28	105	27.20
12	28	113	27.20
12	28	131	11.20
12	28	142	17.25
12	28	147	40.15
12	28	153	46.69
12	28	155	37.87
12	28	156	15.70
12	28	161	12.24
12	28	162	29.68
12	28	165	23.13
12	28	171	36.35
12	28	174	42.82
12	28	179	45.23
12	28	188	39.96
12	28	200	34.76
12	28	205	14.13
12	28	208	40.79
12	28	226	39.75
12	28	272	13.11
12	28	280	13.58
12	28	313	23.66
12	28	326	40.13
12	28	346	14.92
12	28	362	43.61
12	28	363	32.94
12	28	377	11.58
12	28	385	13.82
12	28	391	26.20
12	28	393	36.92
12	28	433	11.58
12	28	438	21.82
12	28	439	36.65
12	28	447	12.03
12	28	455	25.66
12	28	459	12.08
12	28,42	45	19.25
12	28,42	62	36.07
12	28,42	65	59.15
12	28,42	67	61.10
12	28,42	80	46.93
12	28,42	102	55.49
12	28,42	113	41.92
12	28,42	131	21.48
12	28,42	147	50.93
12	28,42	161	24.32
12	28,42	162	43.99
12	28,42	171	57.54
12	28,42	174	55.75
12	28,42	200	44.86
12	28,42	226	51.58
12	28,42	280	25.65
12	28,42	346	26.31
12	28,42	363	44.38
12	28,42	377	23.20
12	28,42	391	36.18
12	28,42	433	22.44
12	28,42	438	33.23
12	28,42	439	47.77
12	28,42	447	23.45
12	28,42	455	37.07
12	28,42	459	23.51
12	29	10	37.06
12	29	23	48.59
12	29	25	40.04
12	29	32	20.45
12	29	39	16.44
12	29	54	46.86
12	29	74	17.38
12	29	96	16.07
12	29	98	44.52
12	29	119	43.61
12	29	127	53.35
12	29	128	30.25
12	29	149	54.59
12	29	157	39.59
12	29	158	18.44
12	29	207	19.97
12	29	249	23.30
12	29	252	55.49
12	29	271	43.92
12	29	279	19.06
12	29	286	52.42
12	29	297	23.08
12	29	301	44.93
12	29	324	36.77
12	29	327	23.18
12	29	335	69.45
12	29	351	34.93
12	29	367	44.52
12	29	409	30.63
12	29	434	55.90
12	29	466	16.24
12	30	4	20.32
12	30	9	45.41
12	30	21	15.94
12	30	24	34.35
12	30	46	32.39
12	30	50	16.48
12	30	52	16.68
12	30	76	37.10
12	30	82	19.59
12	30	84	25.18
12	30	85	48.66
12	30	91	55.76
12	30	99	46.37
12	30	111	15.62
12	30	173	55.89
12	30	178	41.10
12	30	180	27.83
12	30	184	17.80
12	30	215	17.56
12	30	217	18.20
12	30	229	32.41
12	30	242	50.99
12	30	265	23.14
12	30	266	35.14
12	30	270	39.41
12	30	295	62.21
12	30	302	51.97
12	30	316	54.07
12	30	357	14.99
12	30	368	20.04
12	30	371	22.28
12	30	374	48.01
12	30	392	18.20
12	30	399	25.11
12	30	402	19.08
12	30	427	31.58
12	30	452	55.45
12	31	6	51.00
12	31	36	11.80
12	31	61	46.86
12	31	75	32.96
12	31	81	14.11
12	31	87	22.94
12	31	153	39.44
12	31	156	16.63
12	31	165	26.32
12	31	172	13.30
12	31	177	60.06
12	31	192	49.23
12	31	196	33.79
12	31	205	14.24
12	31	214	29.07
12	31	216	16.08
12	31	235	66.52
12	31	236	35.04
12	31	247	13.52
12	31	248	40.45
12	31	250	48.04
12	31	253	11.93
12	31	268	55.72
12	31	274	12.51
12	31	276	12.97
12	31	278	11.63
12	31	284	12.70
12	31	290	13.79
12	31	292	42.86
12	31	298	10.52
12	31	305	54.42
12	31	310	10.76
12	31	317	26.63
12	31	325	32.24
12	31	347	34.89
12	31	361	12.99
12	31	376	20.45
12	31	379	15.63
12	31	382	14.63
12	31	393	36.49
12	31	396	12.14
12	31	400	10.82
12	31	406	39.21
12	31	415	35.13
12	31	431	13.52
12	31	441	33.82
12	31	442	12.28
12	31	443	22.85
12	31	451	13.69
12	31,47	6	61.30
12	31,47	36	21.96
12	31,47	61	56.76
12	31,47	75	47.73
12	31,47	81	27.01
12	31,47	172	26.97
12	31,47	177	77.58
12	31,47	192	65.66
12	31,47	214	39.04
12	31,47	216	29.73
12	31,47	236	46.30
12	31,47	247	26.13
12	31,47	253	22.08
12	31,47	268	77.23
12	31,47	274	24.61
12	31,47	276	23.00
12	31,47	278	24.23
12	31,47	284	22.89
12	31,47	290	26.42
12	31,47	292	53.07
12	31,47	298	24.23
12	31,47	310	23.01
12	31,47	317	42.83
12	31,47	325	48.92
12	31,47	361	23.58
12	31,47	376	34.23
12	31,47	379	26.80
12	31,47	382	27.51
12	31,47	396	22.51
12	31,47	400	21.82
12	31,47	415	51.90
12	31,47	431	26.56
12	31,47	441	50.59
12	31,47	442	22.93
12	31,47	443	33.30
12	31,47	451	24.30
12	32	17	52.27
12	32	43	33.79
12	32	83	46.93
12	32	108	45.01
12	32	110	28.27
12	32	121	22.51
12	32	123	46.86
12	32	126	52.86
12	32	129	19.41
12	32	133	24.20
12	32	136	20.94
12	32	138	22.58
12	32	151	45.99
12	32	166	49.73
12	32	183	21.01
12	32	189	49.14
12	32	204	19.83
12	32	206	51.23
12	32	223	48.21
12	32	241	44.44
12	32	259	49.86
12	32	281	61.59
12	32	291	24.97
12	32	293	50.13
12	32	314	37.32
12	32	315	36.75
12	32	328	56.80
12	32	341	32.17
12	32	344	51.15
12	32	370	27.38
12	32	388	61.61
12	32	413	23.27
12	32	417	46.32
12	32	428	30.31
12	32	444	30.68
12	32	453	53.07
12	32	462	41.51
12	33	42	38.52
12	33	64	26.10
12	33	68	31.06
12	33	154	50.73
12	33	169	27.54
12	33	233	54.15
12	33	238	49.79
12	33	255	32.04
12	33	282	50.14
12	33	283	35.75
12	33	308	24.46
12	33	365	52.37
12	33,39	154	77.27
12	33,39	283	59.93
12	34	5	31.63
12	34	11	21.82
12	34	27	69.75
12	34	34	21.73
12	34	35	17.75
12	34	51	12.17
12	34	55	17.72
12	34	62	26.15
12	34	72	15.76
12	34	86	21.07
12	34	92	44.32
12	34	106	34.25
12	34	120	15.10
12	34	139	38.30
12	34	145	16.58
12	34	159	15.20
12	34	168	38.52
12	34	175	14.61
12	34	182	27.25
12	34	186	14.23
12	34	219	55.94
12	34	254	33.49
12	34	285	17.58
12	34	306	62.51
12	34	330	13.38
12	34	342	18.62
12	34	348	25.99
12	34	369	48.69
12	34	378	41.42
12	34	389	14.92
12	34	398	14.08
12	34	407	29.63
12	34	430	18.63
12	34	445	17.82
12	34	465	23.93
12	34,53	5	46.04
12	34,53	11	37.07
12	34,53	34	36.63
12	34,53	35	33.10
12	34,53	51	27.14
12	34,53	55	38.34
12	34,53	62	39.89
12	34,53	72	32.23
12	34,53	86	36.11
12	34,53	92	53.86
12	34,53	106	49.75
12	34,53	120	33.04
12	34,53	139	54.89
12	34,53	145	33.94
12	34,53	159	33.01
12	34,53	168	54.18
12	34,53	175	29.20
12	34,53	182	43.99
12	34,53	186	32.28
12	34,53	254	50.01
12	34,53	285	36.32
12	34,53	330	29.82
12	34,53	342	35.35
12	34,53	348	43.61
12	34,53	369	64.79
12	34,53	378	57.62
12	34,53	389	33.31
12	34,53	398	30.82
12	34,53	407	45.03
12	34,53	430	34.77
12	34,53	445	36.21
12	34,53	465	42.37
12	35	35	22.14
12	35	62	31.87
12	35	65	53.70
12	35	67	58.00
12	35	102	54.80
12	35	147	47.32
12	35	155	46.87
12	35	162	25.79
12	35	174	57.04
12	35	192	58.15
12	35	200	40.54
12	35	219	59.87
12	35	235	72.49
12	35	236	50.24
12	35	268	60.82
12	35	306	66.14
12	35	326	50.49
12	35	362	48.72
12	35	391	45.28
12	35	393	27.96
12	35	439	44.39
12	35,54	192	78.99
12	35,54	236	65.79
12	35,54	268	85.97
12	36	45	20.41
12	36	80	46.23
12	36	102	51.18
12	36	112	29.38
12	36	113	24.38
12	36	131	19.45
12	36	132	40.13
12	36	167	44.34
12	36	179	55.62
12	36	188	49.32
12	36	217	22.86
12	36	226	45.20
12	36	269	21.48
12	36	294	63.82
12	36	326	51.77
12	36	332	71.55
12	36	385	22.18
12	36	391	35.51
12	36	402	22.79
12	36	433	20.37
12	36	438	34.04
12	36	447	19.14
12	36	459	19.80
12	36,50	45	26.70
12	36,50	80	55.07
12	36,50	102	58.23
12	36,50	113	29.90
12	36,50	131	24.87
12	36,50	132	52.45
12	36,50	179	63.27
12	36,50	226	54.21
12	36,50	385	32.13
12	36,50	391	41.73
12	36,50	433	25.94
12	36,50	438	40.54
12	36,50	447	24.41
12	36,50	459	25.23
12	37	15	57.39
12	37	39	21.13
12	37	70	40.93
12	37	109	33.41
12	37	119	44.75
12	37	157	44.37
12	37	170	25.07
12	37	201	64.07
12	37	221	26.45
12	37	230	50.86
12	37	234	56.06
12	37	297	23.65
12	37	321	58.44
12	37	335	73.69
12	37	409	39.80
12	37	423	63.11
12	37	424	42.82
12	37	434	63.28
12	37,44	15	70.96
12	37,44	39	35.54
12	37,44	70	53.77
12	37,44	109	45.66
12	37,44	170	36.13
12	37,44	221	36.31
12	37,44	234	70.42
12	37,44	297	37.38
12	37,44	434	75.45
12	38	3	16.23
12	38	54	43.17
12	38	71	18.46
12	38	74	22.17
12	38	98	42.41
12	38	103	44.25
12	38	123	47.32
12	38	138	19.72
12	38	141	42.49
12	38	181	32.99
12	38	204	17.25
12	38	252	55.58
12	38	281	59.83
12	38	301	45.35
12	38	367	40.97
12	38	388	61.56
12	38	409	41.69
12	39	88	40.89
12	39	150	46.14
12	39	154	47.10
12	39	198	43.80
12	39	233	51.68
12	39	240	42.21
12	39	258	59.69
12	39	283	38.10
12	39	331	42.61
12	39	333	55.52
12	39	365	52.89
12	39,48	88	54.45
12	39,48	150	61.90
12	39,48	198	57.44
12	39,48	240	60.97
12	39,48	331	56.34
12	39,48	333	72.49
12	40	10	44.23
12	40	23	51.20
12	40	25	42.31
12	40	32	23.14
12	40	39	22.61
12	40	54	45.25
12	40	66	32.08
12	40	74	19.65
12	40	96	21.42
12	40	98	46.94
12	40	119	50.93
12	40	127	55.18
12	40	128	33.92
12	40	138	25.44
12	40	149	56.01
12	40	151	48.10
12	40	157	44.45
12	40	158	22.94
12	40	181	34.44
12	40	206	55.23
12	40	207	25.41
12	40	249	26.14
12	40	252	58.24
12	40	271	46.48
12	40	279	21.75
12	40	281	57.34
12	40	297	25.44
12	40	301	50.62
12	40	327	27.94
12	40	335	70.75
12	40	356	48.46
12	40	367	46.27
12	40	380	48.24
12	40	409	38.59
12	40	434	58.10
12	40	466	22.48
12	41	18	56.45
12	41	53	25.73
12	41	77	28.65
12	41	101	41.06
12	41	130	43.01
12	41	144	53.44
12	41	148	24.14
12	41	190	57.01
12	41	202	58.61
12	41	210	58.62
12	41	239	25.10
12	41	264	29.99
12	41	296	24.35
12	41	372	26.08
12	41	375	58.07
12	42	19	43.27
12	42	45	13.51
12	42	62	29.39
12	42	65	52.70
12	42	67	53.14
12	42	80	40.72
12	42	102	46.23
12	42	105	27.37
12	42	113	24.82
12	42	131	11.70
12	42	132	40.75
12	42	147	45.38
12	42	155	43.34
12	42	161	19.10
12	42	162	37.17
12	42	171	45.52
12	42	174	44.65
12	42	188	39.28
12	42	200	39.93
12	42	208	45.73
12	42	226	41.79
12	42	280	18.56
12	42	306	64.44
12	42	326	45.68
12	42	346	17.96
12	42	362	47.83
12	42	363	36.58
12	42	377	16.62
12	42	391	29.97
12	42	433	11.90
12	42	438	26.69
12	42	439	40.07
12	42	447	12.46
12	42	455	30.70
12	42	459	12.54
12	43	4	23.34
12	43	9	47.15
12	43	24	43.06
12	43	31	21.87
12	43	46	33.94
12	43	48	29.48
12	43	52	17.34
12	43	82	22.27
12	43	85	50.72
12	43	94	25.73
12	43	111	18.06
12	43	163	27.89
12	43	209	60.72
12	43	212	22.56
12	43	215	20.44
12	43	229	39.01
12	43	242	58.42
12	43	257	61.72
12	43	266	34.46
12	43	270	42.68
12	43	295	62.55
12	43	302	54.55
12	43	323	23.87
12	43	349	51.41
12	43	371	24.41
12	43	454	54.13
12	43,51	4	33.59
12	43,51	9	57.61
12	43,51	31	32.07
12	43,51	46	42.77
12	43,51	52	26.61
12	43,51	82	32.86
12	43,51	94	36.58
12	43,51	111	27.75
12	43,51	215	30.94
12	43,51	229	49.66
12	43,51	266	45.18
12	43,51	270	52.92
12	43,51	371	34.87
12	44	15	53.48
12	44	39	20.80
12	44	70	38.03
12	44	109	30.80
12	44	116	40.93
12	44	170	19.56
12	44	201	62.42
12	44	221	20.90
12	44	230	48.52
12	44	234	54.85
12	44	288	63.24
12	44	297	21.58
12	44	320	24.42
12	44	321	57.35
12	44	423	61.13
12	44	424	40.20
12	44	434	59.48
12	45	7	17.04
12	45	14	12.37
12	45	16	8.79
12	45	28	36.82
12	45	33	52.03
12	45	56	29.11
12	45	57	35.99
12	45	58	30.21
12	45	59	46.82
12	45	63	47.72
12	45	79	45.48
12	45	94	13.94
12	45	95	16.41
12	45	117	34.99
12	45	118	13.51
12	45	164	51.06
12	45	213	39.13
12	45	243	35.72
12	45	256	18.38
12	45	277	38.76
12	45	299	28.94
12	45	300	9.76
12	45	303	13.77
12	45	304	25.35
12	45	329	15.55
12	45	334	11.03
12	45	349	38.48
12	45	364	12.86
12	45	387	26.37
12	45	410	10.68
12	45	425	11.59
12	46	109	20.15
12	46	135	40.01
12	46	143	27.06
12	46	154	34.18
12	46	160	18.25
12	46	185	46.37
12	46	198	36.77
12	46	230	33.48
12	46	240	30.46
12	46	251	36.62
12	46	282	40.25
12	46	309	18.08
12	46	311	25.61
12	46	331	29.96
12	46	333	43.83
12	46	336	20.63
12	46	337	23.52
12	46	360	17.01
12	46	365	45.37
12	46	366	16.66
12	46	373	17.27
12	46	386	17.85
12	46	390	30.80
12	46	401	16.83
12	46	411	37.89
12	46	426	38.77
12	46	437	17.37
12	46	448	30.46
12	46	450	12.35
12	46	457	16.59
12	46	463	42.30
12	46,48	198	66.13
12	46,48	240	62.38
12	46,48	331	58.32
12	46,48	333	76.51
12	47	6	53.77
12	47	36	14.73
12	47	61	49.58
12	47	75	37.13
12	47	81	19.11
12	47	172	18.87
12	47	177	63.79
12	47	192	53.44
12	47	196	39.86
12	47	214	31.93
12	47	216	21.77
12	47	235	71.27
12	47	236	34.70
12	47	247	18.75
12	47	248	45.07
12	47	250	50.80
12	47	253	14.85
12	47	268	57.80
12	47	274	17.28
12	47	276	15.86
12	47	278	16.66
12	47	284	15.73
12	47	290	17.92
12	47	292	45.66
12	47	298	16.13
12	47	305	59.21
12	47	310	15.65
12	47	317	30.96
12	47	322	42.04
12	47	325	37.35
12	47	347	37.70
12	47	361	16.30
12	47	376	25.51
12	47	379	18.70
12	47	382	19.92
12	47	396	15.14
12	47	400	14.45
12	47	406	41.83
12	47	415	39.96
12	47	419	21.94
12	47	431	18.80
12	47	441	37.80
12	47	442	15.56
12	47	443	25.79
12	47	449	17.82
12	47	451	16.93
12	47	458	18.54
12	48	88	42.76
12	48	150	51.42
12	48	198	46.04
12	48	240	48.14
12	48	258	68.13
12	48	331	44.96
12	48	333	59.76
12	49	6	56.59
12	49	19	42.46
12	49	38	17.14
12	49	45	15.52
12	49	62	28.86
12	49	65	48.41
12	49	67	51.06
12	49	81	15.69
12	49	87	23.80
12	49	102	48.03
12	49	105	32.18
12	49	131	16.03
12	49	147	42.48
12	49	153	47.69
12	49	155	40.32
12	49	156	15.62
12	49	161	18.63
12	49	162	30.45
12	49	165	24.75
12	49	174	46.37
12	49	192	51.59
12	49	200	35.17
12	49	205	13.56
12	49	208	41.68
12	49	216	16.52
12	49	235	66.92
12	49	236	42.03
12	49	247	16.92
12	49	268	52.38
12	49	274	16.08
12	49	280	13.01
12	49	306	62.10
12	49	310	17.14
12	49	312	47.56
12	49	313	23.89
12	49	317	33.63
12	49	325	37.08
12	49	326	42.10
12	49	346	16.30
12	49	362	44.28
12	49	363	34.72
12	49	376	20.31
12	49	377	15.10
12	49	382	15.72
12	49	391	32.51
12	49	393	38.32
12	49	438	20.76
12	49	439	39.48
12	49	455	25.45
12	49,54	6	87.11
12	49,54	192	81.92
12	49,54	236	59.62
12	49,54	268	86.42
12	50	19	45.07
12	50	45	15.77
12	50	80	42.45
12	50	102	46.41
12	50	105	29.08
12	50	113	23.30
12	50	131	13.55
12	50	132	34.11
12	50	147	46.14
12	50	155	43.31
12	50	171	48.10
12	50	174	45.11
12	50	179	51.42
12	50	188	50.75
12	50	208	48.10
12	50	226	41.62
12	50	294	58.72
12	50	326	48.17
12	50	363	37.65
12	50	377	19.32
12	50	385	20.10
12	50	391	27.48
12	50	433	13.92
12	50	438	28.35
12	50	447	12.38
12	50	459	13.20
12	51	4	19.65
12	51	9	44.15
12	51	21	18.21
12	51	28	39.38
12	51	31	16.82
12	51	46	29.75
12	51	50	15.48
12	51	52	14.32
12	51	82	15.42
12	51	84	28.18
12	51	85	45.32
12	51	94	18.89
12	51	111	14.96
12	51	173	52.54
12	51	178	41.76
12	51	180	27.55
12	51	215	14.14
12	51	217	18.37
12	51	229	33.86
12	51	242	50.62
12	51	265	20.65
12	51	266	29.87
12	51	270	35.32
12	51	287	24.77
12	51	295	58.32
12	51	302	50.59
12	51	318	17.25
12	51	319	15.87
12	51	349	45.45
12	51	357	17.31
12	51	371	18.49
12	51	374	43.77
12	51	392	16.69
12	51	399	27.97
12	51	402	20.04
12	51	420	41.45
12	51	452	56.37
12	51	454	48.00
12	52	2	46.90
12	52	12	28.45
12	52	88	37.61
12	52	125	20.06
12	52	135	46.66
12	52	150	42.41
12	52	154	43.01
12	52	160	23.92
12	52	191	18.51
12	52	198	39.49
12	52	233	51.68
12	52	240	37.55
12	52	251	36.66
12	52	258	60.86
12	52	283	34.35
12	52	309	20.06
12	52	331	38.61
12	52	333	50.59
12	52	336	32.13
12	52	360	19.17
12	52	365	47.99
12	52	366	18.42
12	52	384	20.35
12	52	386	20.23
12	52	390	36.08
12	52	401	21.76
12	52	403	35.80
12	52	411	32.38
12	52	422	53.28
12	52	426	45.30
12	52	448	32.45
12	52	450	20.21
12	52	457	23.32
12	52	461	24.34
12	52	463	42.77
12	53	5	32.35
12	53	11	22.68
12	53	27	70.65
12	53	34	22.55
12	53	35	18.63
12	53	51	12.73
12	53	55	18.90
12	53	62	26.87
12	53	72	16.68
12	53	86	22.30
12	53	92	33.54
12	53	106	35.15
12	53	120	15.97
12	53	139	35.10
12	53	145	17.51
12	53	159	16.08
12	53	168	39.39
12	53	175	15.38
12	53	182	28.13
12	53	186	15.03
12	53	219	56.76
12	53	254	34.41
12	53	285	18.76
12	53	306	63.32
12	53	330	14.00
12	53	342	19.59
12	53	348	28.41
12	53	369	49.58
12	53	378	42.34
12	53	389	15.89
12	53	398	14.87
12	53	407	30.44
12	53	430	19.55
12	53	445	18.97
12	53	465	25.07
12	54	6	64.86
12	54	61	60.52
12	54	69	62.21
12	54	137	47.21
12	54	177	71.79
12	54	192	60.17
12	54	196	49.06
12	54	224	59.06
12	54	235	78.15
12	54	236	45.66
12	54	248	52.61
12	54	250	58.66
12	54	268	67.92
12	54	292	54.34
12	54	305	65.51
