Task=69 Orders=53 Vehicles=519 Scores=2929
69	1	50	40.18
69	1	52	28.18
69	1	57	43.58
69	1	68	28.83
69	1	73	44.54
69	1	112	54.63
69	1	125	48.80
69	1	133	30.52
69	1	136	62.13
69	1	166	23.21
69	1	169	50.52
69	1	173	56.44
69	1	192	45.73
69	1	209	63.23
69	1	239	36.61
69	1	250	27.62
69	1	268	21.32
69	1	296	46.23
69	1	312	30.87
69	1	338	36.63
69	1	344	47.41
69	1	368	19.08
69	1	421	24.24
69	1	449	21.14
69	1	456	19.69
69	1	465	62.83
69	1	517	20.34
69	1,15	50	51.79
69	1,15	52	38.41
69	1,15	68	43.86
69	1,15	112	59.62
69	1,15	133	43.04
69	1,15	166	34.96
69	1,15	169	55.31
69	1,15	239	48.38
69	1,15	250	40.25
69	1,15	268	25.97
69	1,15	296	57.92
69	1,15	312	42.44
69	1,15	338	54.46
69	1,15	344	52.80
69	1,15	368	24.23
69	1,15	421	36.18
69	1,15	449	26.75
69	1,15	456	24.79
69	1,15	517	25.76
69	1,17	52	45.80
69	1,17	112	67.08
69	1,17	169	63.90
69	1,17	268	37.23
69	1,36	52	49.52
69	1,36	112	65.37
69	1,36	169	62.13
69	1,36	239	51.27
69	1,36	268	45.59
69	1,36	296	68.97
69	1,36	312	44.58
69	1,43	50	54.39
69	1,43	68	43.13
69	1,43	133	45.27
69	1,43	166	35.24
69	1,43	169	64.56
69	1,43	239	50.06
69	1,43	250	40.86
69	1,43	268	36.54
69	1,43	296	60.68
69	1,43	312	42.72
69	1,43	338	53.68
69	1,43	344	63.00
69	1,43	368	31.59
69	1,43	421	38.13
69	1,43	449	33.89
69	1,43	456	32.01
69	1,43	517	33.13
69	2	15	29.44
69	2	19	38.65
69	2	22	12.08
69	2	23	39.13
69	2	27	12.45
69	2	33	27.04
69	2	34	27.07
69	2	46	35.56
69	2	51	12.25
69	2	63	21.92
69	2	72	8.00
69	2	80	11.00
69	2	104	14.13
69	2	111	27.86
69	2	117	6.87
69	2	119	6.32
69	2	122	6.07
69	2	129	40.46
69	2	134	9.79
69	2	135	9.28
69	2	147	6.93
69	2	159	6.73
69	2	165	35.83
69	2	186	13.96
69	2	189	8.24
69	2	207	42.85
69	2	210	35.13
69	2	223	10.08
69	2	236	14.79
69	2	245	21.73
69	2	267	7.21
69	2	284	37.65
69	2	295	11.48
69	2	303	55.08
69	2	304	11.00
69	2	305	11.77
69	2	325	9.42
69	2	336	12.51
69	2	346	9.39
69	2	348	12.01
69	2	350	12.89
69	2	356	16.17
69	2	378	8.99
69	2	386	20.56
69	2	407	12.34
69	2	413	10.54
69	2	478	8.39
69	2	486	33.28
69	2	496	26.75
69	2	498	14.63
69	2	513	26.59
69	2,25	15	37.75
69	2,25	22	22.54
69	2,25	27	22.35
69	2,25	46	41.70
69	2,25	51	19.15
69	2,25	63	28.39
69	2,25	72	17.70
69	2,25	80	17.58
69	2,25	104	23.06
69	2,25	117	16.38
69	2,25	119	16.58
69	2,25	122	15.68
69	2,25	134	16.59
69	2,25	135	19.69
69	2,25	147	17.44
69	2,25	159	13.10
69	2,25	189	19.77
69	2,25	210	43.04
69	2,25	223	21.25
69	2,25	236	22.14
69	2,25	245	29.07
69	2,25	267	19.24
69	2,25	295	18.87
69	2,25	304	17.79
69	2,25	305	20.07
69	2,25	325	16.63
69	2,25	336	22.80
69	2,25	346	16.34
69	2,25	348	25.03
69	2,25	350	19.89
69	2,25	356	22.70
69	2,25	378	22.34
69	2,25	386	28.37
69	2,25	407	21.45
69	2,25	413	18.72
69	2,25	478	19.63
69	2,25	496	34.06
69	2,25	498	23.49
69	2,25	513	34.14
69	2,50	15	35.77
69	2,50	22	19.61
69	2,50	27	20.46
69	2,50	33	35.66
69	2,50	46	42.55
69	2,50	51	19.63
69	2,50	63	28.24
69	2,50	72	14.99
69	2,50	80	17.34
69	2,50	104	21.62
69	2,50	117	13.73
69	2,50	119	13.62
69	2,50	122	12.52
69	2,50	134	16.83
69	2,50	135	16.89
69	2,50	147	14.31
69	2,50	159	12.63
69	2,50	186	22.27
69	2,50	189	16.68
69	2,50	210	42.18
69	2,50	223	18.65
69	2,50	236	23.34
69	2,50	245	30.23
69	2,50	267	15.68
69	2,50	295	19.14
69	2,50	303	62.68
69	2,50	304	18.28
69	2,50	305	17.99
69	2,50	325	16.48
69	2,50	336	19.99
69	2,50	346	16.90
69	2,50	348	22.00
69	2,50	350	20.66
69	2,50	356	23.37
69	2,50	378	18.75
69	2,50	386	29.65
69	2,50	407	19.08
69	2,50	413	18.72
69	2,50	478	16.83
69	2,50	496	34.42
69	2,50	498	22.25
69	2,50	513	35.08
69	3	28	21.25
69	3	36	40.46
69	3	85	16.01
69	3	113	31.00
69	3	114	29.66
69	3	131	43.61
69	3	138	15.73
69	3	145	28.85
69	3	149	52.30
69	3	151	51.51
69	3	194	33.62
69	3	198	19.27
69	3	199	13.87
69	3	234	14.65
69	3	237	40.34
69	3	247	14.54
69	3	251	43.93
69	3	257	19.75
69	3	258	41.92
69	3	264	35.73
69	3	275	20.20
69	3	288	17.21
69	3	302	57.17
69	3	313	16.99
69	3	326	17.69
69	3	334	26.76
69	3	337	25.25
69	3	375	15.96
69	3	376	24.00
69	3	379	27.76
69	3	380	17.06
69	3	387	19.83
69	3	389	18.07
69	3	393	33.93
69	3	400	20.13
69	3	404	18.97
69	3	405	13.76
69	3	417	17.70
69	3	429	22.62
69	3	433	20.87
69	3	434	17.13
69	3	440	16.82
69	3	444	18.25
69	3	459	25.45
69	3	468	28.92
69	3	477	18.13
69	3	484	16.89
69	3	493	17.07
69	3	499	17.21
69	3	502	18.14
69	3	503	16.28
69	3	504	17.55
69	3	514	17.21
69	3	516	16.08
69	3,52	28	30.00
69	3,52	36	49.79
69	3,52	85	24.75
69	3,52	114	38.39
69	3,52	138	25.17
69	3,52	145	37.75
69	3,52	151	60.65
69	3,52	194	46.87
69	3,52	198	28.38
69	3,52	199	22.83
69	3,52	234	24.10
69	3,52	237	49.03
69	3,52	247	23.48
69	3,52	251	53.38
69	3,52	257	29.10
69	3,52	258	51.23
69	3,52	264	44.07
69	3,52	275	29.58
69	3,52	288	26.55
69	3,52	313	26.21
69	3,52	326	27.21
69	3,52	334	36.21
69	3,52	337	37.15
69	3,52	375	24.49
69	3,52	376	33.15
69	3,52	379	37.69
69	3,52	380	27.10
69	3,52	387	30.69
69	3,52	389	29.49
69	3,52	393	43.04
69	3,52	400	29.56
69	3,52	404	29.54
69	3,52	405	23.03
69	3,52	417	27.04
69	3,52	429	33.39
69	3,52	433	30.21
69	3,52	434	26.46
69	3,52	440	26.15
69	3,52	444	27.59
69	3,52	459	34.94
69	3,52	477	27.46
69	3,52	484	26.23
69	3,52	493	26.41
69	3,52	499	26.55
69	3,52	502	27.48
69	3,52	503	26.31
69	3,52	504	27.00
69	3,52	514	26.55
69	3,52	516	25.42
69	4	15	31.07
69	4	19	36.28
69	4	22	20.69
69	4	27	13.49
69	4	34	42.76
69	4	44	16.94
69	4	104	14.96
69	4	109	47.58
69	4	117	15.17
69	4	119	15.31
69	4	122	13.08
69	4	126	39.70
69	4	129	47.89
69	4	134	15.80
69	4	146	13.93
69	4	147	15.49
69	4	148	18.44
69	4	159	13.56
69	4	171	18.32
69	4	210	35.66
69	4	215	49.59
69	4	223	14.20
69	4	235	33.49
69	4	267	16.80
69	4	284	39.21
69	4	303	55.15
69	4	305	13.66
69	4	325	14.41
69	4	336	18.35
69	4	346	17.28
69	4	348	18.31
69	4	358	21.56
69	4	377	18.38
69	4	378	20.73
69	4	386	29.42
69	4	407	19.46
69	4	413	15.77
69	4	458	31.11
69	4	498	15.32
69	4,12	15	43.52
69	4,12	22	34.65
69	4,12	27	30.11
69	4,12	44	32.92
69	4,12	104	30.94
69	4,12	117	30.56
69	4,12	122	27.65
69	4,12	134	31.49
69	4,12	146	28.72
69	4,12	147	31.52
69	4,12	148	32.54
69	4,12	159	27.49
69	4,12	171	32.54
69	4,12	210	48.38
69	4,12	223	32.14
69	4,12	235	47.08
69	4,12	267	31.75
69	4,12	303	68.68
69	4,12	305	28.13
69	4,12	325	30.25
69	4,12	336	34.86
69	4,12	348	34.82
69	4,12	358	35.00
69	4,12	377	33.06
69	4,12	378	37.69
69	4,12	413	33.13
69	4,12	458	47.28
69	4,12	498	31.23
69	4,32	15	42.08
69	4,32	22	33.37
69	4,32	27	23.72
69	4,32	44	29.69
69	4,32	104	25.55
69	4,32	117	25.86
69	4,32	119	25.56
69	4,32	122	23.20
69	4,32	134	27.85
69	4,32	146	24.28
69	4,32	147	26.23
69	4,32	148	31.06
69	4,32	159	23.37
69	4,32	171	29.27
69	4,32	210	47.41
69	4,32	223	24.06
69	4,32	235	46.44
69	4,32	267	29.42
69	4,32	303	67.17
69	4,32	305	23.15
69	4,32	325	24.92
69	4,32	336	31.00
69	4,32	346	30.04
69	4,32	348	32.24
69	4,32	358	33.62
69	4,32	377	29.39
69	4,32	378	31.58
69	4,32	386	44.46
69	4,32	407	31.17
69	4,32	413	26.41
69	4,32	458	43.28
69	4,32	498	25.92
69	5	82	35.87
69	5	85	23.27
69	5	113	41.38
69	5	198	24.61
69	5	221	25.94
69	5	231	30.17
69	5	237	44.49
69	5	247	22.30
69	5	252	43.55
69	5	257	29.59
69	5	259	48.45
69	5	264	42.44
69	5	313	25.42
69	5	326	27.51
69	5	334	37.28
69	5	360	23.28
69	5	375	19.69
69	5	380	26.28
69	5	390	24.89
69	5	403	38.82
69	5	405	23.03
69	5	453	24.72
69	5,16	198	52.23
69	5,16	237	69.00
69	5,16	247	44.96
69	5,16	257	57.56
69	5,16	264	65.31
69	5,16	313	50.87
69	5,16	326	54.80
69	5,16	334	60.08
69	5,16	375	43.58
69	5,16	380	52.69
69	5,16	405	46.15
69	5,30	85	45.13
69	5,30	198	51.08
69	5,30	237	66.65
69	5,30	247	43.80
69	5,30	257	56.42
69	5,30	264	63.14
69	5,30	313	49.73
69	5,30	326	53.66
69	5,30	334	58.10
69	5,30	375	42.41
69	5,30	380	51.54
69	5,30	405	45.00
69	5,34	82	42.24
69	5,34	85	30.41
69	5,34	198	38.66
69	5,34	237	57.89
69	5,34	247	29.25
69	5,34	257	36.85
69	5,34	259	60.69
69	5,34	264	53.39
69	5,34	313	33.45
69	5,34	326	34.66
69	5,34	334	48.07
69	5,34	375	33.92
69	5,34	380	33.96
69	5,34	403	50.39
69	5,34	405	30.99
69	5,34	453	35.48
69	6	16	22.90
69	6	45	12.23
69	6	82	27.24
69	6	85	10.18
69	6	105	27.23
69	6	107	10.52
69	6	113	26.41
69	6	127	12.37
69	6	142	13.61
69	6	151	43.89
69	6	175	24.30
69	6	198	11.17
69	6	221	12.54
69	6	228	53.93
69	6	234	14.73
69	6	237	35.68
69	6	247	10.04
69	6	257	11.42
69	6	259	34.76
69	6	264	33.59
69	6	275	10.03
69	6	281	30.83
69	6	288	11.00
69	6	307	11.32
69	6	313	9.72
69	6	320	35.32
69	6	324	42.73
69	6	326	11.31
69	6	327	10.49
69	6	334	28.54
69	6	337	15.55
69	6	351	47.70
69	6	375	11.03
69	6	376	24.68
69	6	380	11.46
69	6	387	19.70
69	6	389	15.41
69	6	394	15.48
69	6	395	12.46
69	6	400	10.08
69	6	403	26.28
69	6	404	11.97
69	6	405	10.97
69	6	408	22.56
69	6	417	10.62
69	6	425	39.90
69	6	429	12.86
69	6	433	14.58
69	6	434	10.93
69	6	440	11.04
69	6	444	12.13
69	6	452	18.59
69	6	453	9.45
69	6	460	23.30
69	6	462	12.23
69	6	464	12.14
69	6	468	26.55
69	6	470	10.49
69	6	471	13.25
69	6	475	10.08
69	6	477	12.03
69	6	483	13.27
69	6	484	10.86
69	6	488	12.14
69	6	493	10.92
69	6	494	10.62
69	6	499	10.99
69	6	504	14.13
69	6	509	12.21
69	6	512	23.15
69	6	514	10.99
69	6	515	11.63
69	6	519	21.68
69	6,22	45	36.18
69	6,22	82	46.75
69	6,22	85	27.92
69	6,22	198	32.54
69	6,22	228	75.73
69	6,22	237	53.51
69	6,22	247	27.58
69	6,22	257	33.11
69	6,22	259	54.41
69	6,22	313	29.46
69	6,22	320	64.23
69	6,22	326	32.52
69	6,22	351	68.70
69	6,22	376	47.08
69	6,22	380	32.13
69	6,22	394	37.45
69	6,22	403	44.56
69	6,22	405	28.94
69	6,22	408	43.85
69	6,22	453	29.24
69	7	49	14.68
69	7	73	43.34
69	7	166	16.62
69	7	169	46.54
69	7	192	37.45
69	7	216	24.23
69	7	239	29.92
69	7	283	38.51
69	7	296	39.77
69	7	316	15.73
69	7	368	13.83
69	7	397	28.92
69	7	421	17.03
69	7	428	22.03
69	7	431	13.00
69	7	449	15.21
69	7	456	13.70
69	7	485	18.68
69	7	518	15.38
69	7,43	166	41.41
69	7,43	169	59.59
69	7,43	239	54.89
69	7,43	296	63.94
69	7,43	368	39.20
69	7,43	421	42.27
69	7,43	449	42.28
69	7,43	456	38.93
69	8	3	25.73
69	8	4	39.62
69	8	20	50.93
69	8	42	19.66
69	8	43	17.76
69	8	53	29.56
69	8	62	39.45
69	8	84	19.37
69	8	103	22.66
69	8	123	16.93
69	8	132	52.17
69	8	137	18.04
69	8	140	18.08
69	8	153	32.69
69	8	176	41.96
69	8	179	24.08
69	8	180	37.28
69	8	188	42.15
69	8	206	55.18
69	8	211	24.73
69	8	214	18.96
69	8	225	56.11
69	8	227	22.83
69	8	232	20.52
69	8	242	27.82
69	8	243	43.15
69	8	263	43.63
69	8	269	29.61
69	8	285	24.59
69	8	300	31.03
69	8	306	17.42
69	8	321	16.82
69	8	339	49.23
69	8	362	42.52
69	8	363	27.31
69	8	373	42.51
69	8	374	36.54
69	8	391	45.59
69	8	399	24.06
69	8	443	47.23
69	8	446	15.30
69	8	467	18.42
69	8	479	27.90
69	8	487	31.62
69	8	491	40.82
69	8	505	14.51
69	8	511	50.80
69	8,48	3	44.28
69	8,48	42	33.63
69	8,48	43	30.85
69	8,48	53	45.10
69	8,48	62	53.69
69	8,48	84	33.15
69	8,48	103	36.51
69	8,48	123	30.23
69	8,48	137	36.34
69	8,48	140	30.62
69	8,48	153	45.59
69	8,48	179	37.39
69	8,48	180	52.34
69	8,48	188	56.62
69	8,48	211	42.82
69	8,48	214	32.61
69	8,48	227	37.82
69	8,48	232	35.45
69	8,48	242	42.18
69	8,48	269	43.65
69	8,48	300	43.54
69	8,48	306	30.85
69	8,48	321	31.93
69	8,48	339	63.24
69	8,48	362	56.39
69	8,48	363	40.63
69	8,48	374	49.93
69	8,48	391	60.31
69	8,48	399	39.97
69	8,48	446	28.76
69	8,48	467	31.52
69	8,48	479	41.83
69	8,48	487	45.99
69	8,48	491	55.23
69	8,48	505	27.04
69	9	7	10.93
69	9	13	40.86
69	9	14	34.01
69	9	29	38.37
69	9	55	44.59
69	9	70	19.39
69	9	78	41.70
69	9	86	24.66
69	9	91	42.39
69	9	93	25.30
69	9	110	32.93
69	9	115	13.52
69	9	128	40.14
69	9	139	24.55
69	9	161	27.66
69	9	162	18.89
69	9	163	25.01
69	9	164	47.76
69	9	193	10.06
69	9	204	11.11
69	9	209	53.07
69	9	249	41.32
69	9	255	12.10
69	9	261	25.32
69	9	308	23.99
69	9	314	12.11
69	9	315	43.58
69	9	347	26.54
69	9	359	21.69
69	9	372	48.75
69	9	381	11.27
69	9	430	13.70
69	9	441	12.65
69	9	508	7.97
69	9,42	7	25.17
69	9,42	13	56.77
69	9,42	70	32.69
69	9,42	78	57.39
69	9,42	139	35.10
69	9,42	162	26.72
69	9,42	163	36.70
69	9,42	193	22.73
69	9,42	347	36.01
69	9,42	359	34.37
69	9,42	381	23.42
69	9,42	441	24.08
69	9,42	508	19.61
69	10	50	40.59
69	10	52	25.38
69	10	57	38.61
69	10	77	15.52
69	10	79	17.01
69	10	90	29.37
69	10	93	38.49
69	10	112	52.04
69	10	118	35.89
69	10	125	49.27
69	10	136	59.65
69	10	169	51.17
69	10	173	55.86
69	10	192	46.17
69	10	209	59.31
69	10	239	37.28
69	10	268	13.51
69	10	278	46.83
69	10	283	30.59
69	10	289	55.90
69	10	296	45.30
69	10	312	28.37
69	10	344	47.42
69	10	361	48.35
69	10	384	26.54
69	10	421	24.92
69	10	428	33.70
69	10	432	16.21
69	10	450	42.06
69	10	454	17.62
69	10	463	17.63
69	10	465	60.08
69	10	481	45.59
69	10	500	17.44
69	10,44	50	52.39
69	10,44	52	32.20
69	10,44	77	22.83
69	10,44	79	23.85
69	10,44	112	60.00
69	10,44	118	47.27
69	10,44	169	59.65
69	10,44	239	48.92
69	10,44	268	20.93
69	10,44	283	39.65
69	10,44	296	58.93
69	10,44	312	37.32
69	10,44	344	60.85
69	10,44	361	62.13
69	10,44	421	32.86
69	10,44	428	46.06
69	10,44	432	23.85
69	10,44	454	24.58
69	10,44	463	24.52
69	10,44	500	25.20
69	11	27	19.48
69	11	44	22.61
69	11	104	20.24
69	11	117	20.17
69	11	122	17.58
69	11	126	48.75
69	11	129	52.45
69	11	134	20.93
69	11	146	18.66
69	11	159	17.96
69	11	171	24.58
69	11	210	40.23
69	11	223	20.25
69	11	303	61.07
69	11	336	23.83
69	11	346	22.92
69	11	407	24.54
69	11	413	21.55
69	11,12	27	35.54
69	11,12	44	38.06
69	11,12	104	35.75
69	11,12	117	35.10
69	11,12	122	31.73
69	11,12	134	36.15
69	11,12	146	33.00
69	11,12	159	31.48
69	11,12	171	41.07
69	11,12	210	57.62
69	11,12	223	37.63
69	11,12	303	80.85
69	11,12	336	39.85
69	11,12	413	38.37
69	11,27	27	30.20
69	11,27	104	30.45
69	11,27	117	29.73
69	11,27	122	26.72
69	11,27	134	30.69
69	11,27	159	26.55
69	11,27	210	50.08
69	11,27	223	31.52
69	11,27	303	71.46
69	11,27	336	34.13
69	11,27	346	33.11
69	11,27	407	34.08
69	11,27	413	32.44
69	12	15	33.65
69	12	19	41.55
69	12	22	24.77
69	12	27	15.86
69	12	31	40.18
69	12	37	36.31
69	12	44	19.23
69	12	104	17.49
69	12	109	51.59
69	12	117	18.97
69	12	122	16.55
69	12	126	48.31
69	12	129	51.42
69	12	134	19.65
69	12	146	16.04
69	12	147	19.38
69	12	148	20.69
69	12	159	16.99
69	12	171	20.80
69	12	210	37.65
69	12	215	53.87
69	12	223	18.68
69	12	235	35.76
69	12	267	21.23
69	12	284	44.17
69	12	303	57.51
69	12	305	16.34
69	12	325	18.32
69	12	336	22.51
69	12	348	22.79
69	12	358	25.24
69	12	377	20.94
69	12	378	26.48
69	12	396	41.30
69	12	413	19.99
69	12	458	30.24
69	12	490	19.90
69	12	498	17.55
69	12,32	15	41.04
69	12,32	22	32.80
69	12,32	27	28.94
69	12,32	44	31.75
69	12,32	104	29.77
69	12,32	117	30.21
69	12,32	122	26.90
69	12,32	134	31.24
69	12,32	146	27.55
69	12,32	147	31.10
69	12,32	148	36.79
69	12,32	159	26.99
69	12,32	171	34.24
69	12,32	210	45.75
69	12,32	223	31.10
69	12,32	235	44.11
69	12,32	267	34.21
69	12,32	303	65.61
69	12,32	305	26.99
69	12,32	325	29.65
69	12,32	336	34.49
69	12,32	348	32.59
69	12,32	358	39.61
69	12,32	377	29.76
69	12,32	378	34.94
69	12,32	413	32.56
69	12,32	458	38.63
69	12,32	498	30.04
69	13	12	14.51
69	13	32	14.55
69	13	74	24.65
69	13	81	40.65
69	13	89	13.54
69	13	95	17.42
69	13	102	47.00
69	13	156	68.69
69	13	160	46.10
69	13	170	45.32
69	13	196	13.49
69	13	200	22.94
69	13	219	15.49
69	13	222	52.97
69	13	262	41.89
69	13	277	17.39
69	13	328	34.07
69	13	353	38.52
69	13	354	48.80
69	13	370	10.63
69	13	401	28.75
69	13	402	22.01
69	13	406	24.77
69	13	410	45.21
69	13	426	25.35
69	13	436	35.82
69	13	461	14.14
69	13	474	13.17
69	13	482	40.49
69	13	510	35.25
69	13,45	74	41.03
69	13,45	89	33.11
69	13,45	95	27.72
69	13,45	196	35.85
69	13,45	200	37.23
69	13,45	219	37.00
69	13,45	262	49.83
69	13,45	277	38.68
69	13,45	328	47.14
69	13,45	353	55.89
69	13,45	370	29.07
69	13,45	401	51.34
69	13,45	406	37.01
69	13,45	426	44.56
69	13,45	436	41.63
69	13,45	461	35.10
69	13,45	474	33.03
69	14	7	18.07
69	14	13	46.11
69	14	14	39.38
69	14	29	48.49
69	14	70	26.31
69	14	78	46.39
69	14	93	31.75
69	14	101	40.21
69	14	110	39.23
69	14	128	44.39
69	14	139	33.87
69	14	161	33.86
69	14	162	20.34
69	14	163	34.35
69	14	164	52.28
69	14	177	64.07
69	14	181	50.21
69	14	193	16.06
69	14	209	57.59
69	14	240	18.21
69	14	347	29.99
69	14	359	30.00
69	14	372	50.45
69	14	381	17.06
69	14	384	23.89
69	14	441	18.08
69	14	508	13.92
69	14,28	7	28.32
69	14,28	13	56.35
69	14,28	70	36.06
69	14,28	78	56.85
69	14,28	101	43.83
69	14,28	139	37.96
69	14,28	162	29.28
69	14,28	181	59.69
69	14,28	193	26.32
69	14,28	240	28.11
69	14,28	347	39.21
69	14,28	359	38.93
69	14,28	381	26.65
69	14,28	508	23.70
69	15	21	14.38
69	15	49	15.56
69	15	50	34.69
69	15	52	23.07
69	15	57	37.35
69	15	68	25.96
69	15	73	38.58
69	15	77	12.31
69	15	79	9.76
69	15	93	35.00
69	15	112	48.54
69	15	118	29.63
69	15	125	44.15
69	15	133	28.96
69	15	136	55.73
69	15	166	17.59
69	15	169	44.32
69	15	173	53.18
69	15	192	39.75
69	15	209	57.04
69	15	239	30.90
69	15	250	21.68
69	15	268	14.42
69	15	283	30.68
69	15	296	40.83
69	15	312	26.32
69	15	318	16.34
69	15	338	35.75
69	15	344	41.13
69	15	361	41.14
69	15	368	13.44
69	15	388	14.83
69	15	402	19.82
69	15	421	18.49
69	15	428	27.13
69	15	432	15.48
69	15	441	16.75
69	15	449	15.39
69	15	454	9.62
69	15	456	13.97
69	15	463	9.63
69	15	465	57.07
69	15	481	46.10
69	15	485	15.87
69	15	497	14.44
69	15	500	14.18
69	15	517	14.94
69	15	518	15.44
69	15,43	50	55.80
69	15,43	68	47.99
69	15,43	133	47.49
69	15,43	166	39.21
69	15,43	169	57.75
69	15,43	239	44.37
69	15,43	250	35.41
69	15,43	268	30.83
69	15,43	296	62.00
69	15,43	312	37.56
69	15,43	338	47.10
69	15,43	344	56.96
69	15,43	368	26.48
69	15,43	421	40.49
69	15,43	441	38.75
69	15,43	449	28.51
69	15,43	456	26.94
69	15,43	517	28.06
69	16	28	29.28
69	16	36	48.28
69	16	113	39.62
69	16	131	51.72
69	16	145	38.04
69	16	149	60.18
69	16	194	42.92
69	16	198	29.86
69	16	199	23.32
69	16	237	48.52
69	16	247	22.75
69	16	251	52.52
69	16	257	30.39
69	16	258	51.06
69	16	264	43.55
69	16	302	65.38
69	16	313	26.55
69	16	326	28.10
69	16	334	34.31
69	16	375	25.04
69	16	376	38.08
69	16	380	26.70
69	16	393	43.15
69	16	405	22.04
69	16,30	28	35.62
69	16,30	36	55.13
69	16,30	145	44.32
69	16,30	194	53.68
69	16,30	198	36.21
69	16,30	199	30.44
69	16,30	237	54.76
69	16,30	247	29.85
69	16,30	251	59.42
69	16,30	257	36.94
69	16,30	258	57.77
69	16,30	264	49.52
69	16,30	313	33.39
69	16,30	326	35.07
69	16,30	334	42.45
69	16,30	375	31.27
69	16,30	376	45.48
69	16,30	380	34.48
69	16,30	393	49.49
69	16,30	405	29.68
69	17	40	18.51
69	17	47	45.82
69	17	52	28.38
69	17	71	32.86
69	17	90	24.56
69	17	92	19.75
69	17	94	17.99
69	17	100	18.65
69	17	112	53.85
69	17	118	38.77
69	17	125	49.89
69	17	136	61.35
69	17	169	50.52
69	17	192	46.87
69	17	268	18.32
69	17	283	31.56
69	17	289	55.51
69	17	298	30.14
69	17	311	13.34
69	17	450	37.89
69	17	451	38.04
69	17	465	57.93
69	17	473	37.89
69	17	481	49.70
69	18	6	16.24
69	18	10	58.52
69	18	39	30.73
69	18	59	50.51
69	18	60	36.38
69	18	87	18.45
69	18	99	58.55
69	18	108	45.24
69	18	124	36.39
69	18	130	37.30
69	18	157	52.08
69	18	182	43.86
69	18	190	18.10
69	18	202	49.52
69	18	213	47.99
69	18	229	25.06
69	18	233	49.18
69	18	266	20.89
69	18	271	38.87
69	18	297	55.77
69	18	299	19.58
69	18	309	21.62
69	18	322	55.08
69	18	329	43.49
69	18	331	20.90
69	18	416	54.99
69	18	447	37.96
69	18,21	59	65.65
69	18,21	87	38.03
69	18,21	157	62.65
69	18,21	213	63.86
69	18,21	229	41.31
69	18,21	299	34.08
69	18,21	329	57.21
69	18,21	331	33.75
69	18,21	416	65.23
69	18,29	6	27.13
69	18,29	39	41.44
69	18,29	59	61.37
69	18,29	87	29.35
69	18,29	130	64.90
69	18,29	157	61.76
69	18,29	190	29.04
69	18,29	213	59.41
69	18,29	229	36.10
69	18,29	266	31.61
69	18,29	271	51.21
69	18,29	299	30.39
69	18,29	309	32.75
69	18,29	329	54.35
69	18,29	331	32.28
69	18,29	416	65.63
69	18,29	447	57.45
69	18,39	6	26.54
69	18,39	87	28.80
69	18,39	157	62.45
69	18,39	213	58.85
69	18,39	229	36.17
69	18,39	271	44.58
69	18,39	299	29.49
69	18,39	309	32.89
69	18,39	329	53.99
69	18,39	331	31.17
69	18,39	416	65.03
69	19	1	39.94
69	19	6	9.69
69	19	10	50.35
69	19	26	36.17
69	19	41	12.23
69	19	59	43.65
69	19	60	28.62
69	19	65	14.83
69	19	83	10.86
69	19	87	10.80
69	19	88	18.00
69	19	99	50.93
69	19	108	36.93
69	19	116	39.08
69	19	120	13.99
69	19	121	13.94
69	19	124	29.07
69	19	130	38.48
69	19	157	42.37
69	19	174	12.72
69	19	182	36.32
69	19	184	10.69
69	19	187	11.54
69	19	190	11.55
69	19	201	11.63
69	19	202	41.93
69	19	203	12.92
69	19	208	22.44
69	19	212	12.13
69	19	213	39.79
69	19	226	42.76
69	19	229	16.21
69	19	233	42.66
69	19	244	12.93
69	19	246	24.14
69	19	266	12.41
69	19	271	28.93
69	19	273	29.44
69	19	286	11.68
69	19	287	12.17
69	19	291	11.66
69	19	292	16.35
69	19	297	47.11
69	19	299	12.32
69	19	309	13.90
69	19	310	13.70
69	19	322	48.06
69	19	329	35.32
69	19	331	13.27
69	19	340	35.55
69	19	343	13.15
69	19	352	13.58
69	19	355	10.76
69	19	357	12.23
69	19	365	46.48
69	19	416	45.55
69	19	419	11.94
69	19	424	11.68
69	19	447	31.13
69	19	466	12.82
69	19	476	12.56
69	19	489	28.41
69	19	492	39.01
69	19,21	59	67.24
69	19,21	87	36.51
69	19,21	157	65.80
69	19,21	213	65.93
69	19,21	229	43.58
69	19,21	299	36.55
69	19,21	329	61.04
69	19,21	331	38.20
69	19,21	416	57.92
69	19,29	6	22.94
69	19,29	59	59.59
69	19,29	87	24.38
69	19,29	130	64.24
69	19,29	157	67.73
69	19,29	190	26.89
69	19,29	213	53.86
69	19,29	229	30.77
69	19,29	266	25.90
69	19,29	271	47.97
69	19,29	299	28.70
69	19,29	309	28.48
69	19,29	329	49.04
69	19,29	331	26.56
69	19,29	416	62.31
69	19,29	447	46.28
69	20	8	38.92
69	20	9	13.59
69	20	25	37.20
69	20	26	40.17
69	20	35	22.17
69	20	56	46.76
69	20	59	46.42
69	20	74	22.70
69	20	75	49.39
69	20	95	13.27
69	20	99	59.75
69	20	102	45.63
69	20	121	15.82
69	20	144	21.41
69	20	156	70.56
69	20	157	42.77
69	20	167	16.87
69	20	168	18.37
69	20	170	51.27
69	20	172	21.25
69	20	178	16.92
69	20	191	13.18
69	20	196	17.96
69	20	197	31.77
69	20	200	21.25
69	20	202	44.31
69	20	203	15.35
69	20	218	43.70
69	20	222	58.55
69	20	224	18.35
69	20	229	20.90
69	20	244	18.06
69	20	246	32.87
69	20	254	68.06
69	20	277	16.70
69	20	287	19.39
69	20	292	21.62
69	20	297	56.94
69	20	299	14.83
69	20	317	16.54
69	20	328	34.14
69	20	331	14.21
69	20	340	44.34
69	20	354	46.63
69	20	364	19.82
69	20	382	36.08
69	20	383	38.85
69	20	406	25.27
69	20	410	43.97
69	20	416	44.18
69	20	422	15.27
69	20	436	32.41
69	20	461	18.86
69	20	472	31.87
69	20	474	15.38
69	20	482	43.25
69	20	510	43.21
69	20,45	9	21.89
69	20,45	35	34.21
69	20,45	59	54.90
69	20,45	74	35.28
69	20,45	75	58.55
69	20,45	95	23.04
69	20,45	121	25.20
69	20,45	157	56.11
69	20,45	167	28.35
69	20,45	168	28.85
69	20,45	178	26.18
69	20,45	191	21.72
69	20,45	196	27.86
69	20,45	197	41.00
69	20,45	200	32.41
69	20,45	224	29.45
69	20,45	244	27.73
69	20,45	277	26.11
69	20,45	299	23.37
69	20,45	328	42.46
69	20,45	331	23.13
69	20,45	364	30.27
69	20,45	383	49.01
69	20,45	406	34.92
69	20,45	416	52.87
69	20,45	422	23.80
69	20,45	436	41.14
69	20,45	461	28.18
69	20,45	472	42.28
69	20,45	474	24.37
69	21	8	45.62
69	21	59	52.11
69	21	75	55.13
69	21	87	23.38
69	21	99	63.58
69	21	102	40.34
69	21	156	76.56
69	21	157	48.80
69	21	178	24.17
69	21	191	18.77
69	21	196	25.25
69	21	202	48.59
69	21	213	48.69
69	21	229	25.55
69	21	297	60.32
69	21	299	20.32
69	21	317	21.48
69	21	328	40.90
69	21	329	42.42
69	21	331	19.46
69	21	401	38.90
69	21	410	49.25
69	21	416	51.07
69	21	422	20.46
69	21	423	22.18
69	21	436	38.04
69	21	474	22.48
69	21,29	59	64.45
69	21,29	87	36.68
69	21,29	157	61.31
69	21,29	213	62.49
69	21,29	229	39.86
69	21,29	299	32.85
69	21,29	329	55.86
69	21,29	331	32.46
69	21,29	416	63.93
69	22	45	21.87
69	22	82	37.52
69	22	85	17.66
69	22	113	31.06
69	22	198	22.46
69	22	205	62.37
69	22	228	61.73
69	22	237	45.54
69	22	247	17.86
69	22	257	20.75
69	22	259	44.87
69	22	290	55.77
69	22	313	19.14
69	22	320	47.46
69	22	324	51.63
69	22	326	21.38
69	22	351	58.72
69	22	376	35.65
69	22	380	20.99
69	22	394	22.41
69	22	403	36.93
69	22	405	19.37
69	22	408	30.63
69	22	409	42.85
69	22	453	19.65
69	23	8	35.08
69	23	9	9.42
69	23	25	35.62
69	23	26	38.13
69	23	35	15.87
69	23	56	41.61
69	23	59	41.35
69	23	74	14.89
69	23	75	45.59
69	23	81	42.28
69	23	89	13.73
69	23	95	11.58
69	23	99	56.87
69	23	102	44.00
69	23	121	14.65
69	23	144	18.58
69	23	156	66.35
69	23	157	43.65
69	23	167	16.01
69	23	168	17.86
69	23	170	44.58
69	23	172	15.69
69	23	178	14.46
69	23	191	11.99
69	23	196	13.23
69	23	197	32.21
69	23	200	14.99
69	23	218	42.51
69	23	222	53.97
69	23	224	12.62
69	23	244	16.48
69	23	254	61.76
69	23	277	11.83
69	23	299	13.89
69	23	328	34.51
69	23	331	13.48
69	23	353	39.61
69	23	354	41.06
69	23	364	14.58
69	23	370	12.68
69	23	382	32.65
69	23	383	33.75
69	23	406	22.24
69	23	410	40.76
69	23	416	38.94
69	23	426	31.20
69	23	436	31.49
69	23	461	13.51
69	23	474	11.20
69	23	482	37.58
69	23	510	38.31
69	23,26	9	19.56
69	23,26	35	28.96
69	23,26	59	50.86
69	23,26	74	28.69
69	23,26	95	22.66
69	23,26	121	25.32
69	23,26	144	29.87
69	23,26	168	29.41
69	23,26	172	26.94
69	23,26	178	24.87
69	23,26	191	22.10
69	23,26	196	24.44
69	23,26	197	39.97
69	23,26	200	27.24
69	23,26	224	25.92
69	23,26	244	29.48
69	23,26	277	23.63
69	23,26	331	23.92
69	23,26	353	49.68
69	23,26	364	26.01
69	23,26	382	42.08
69	23,26	406	35.31
69	23,26	461	24.21
69	23,26	474	21.65
69	24	97	56.55
69	24	143	33.61
69	24,46	143	51.04
69	25	15	31.30
69	25	19	40.39
69	25	22	15.01
69	25	23	38.21
69	25	27	14.42
69	25	34	38.97
69	25	46	34.62
69	25	51	11.66
69	25	63	21.94
69	25	72	10.70
69	25	80	11.10
69	25	104	15.54
69	25	111	28.99
69	25	117	9.46
69	25	119	9.34
69	25	122	9.25
69	25	129	43.62
69	25	134	9.51
69	25	135	12.10
69	25	147	10.03
69	25	159	7.07
69	25	165	41.63
69	25	189	11.48
69	25	207	42.97
69	25	210	35.89
69	25	223	12.79
69	25	236	13.62
69	25	245	20.72
69	25	267	10.85
69	25	295	11.13
69	25	304	10.45
69	25	305	13.73
69	25	325	9.56
69	25	332	34.72
69	25	336	15.35
69	25	346	8.86
69	25	348	15.13
69	25	350	12.07
69	25	356	15.46
69	25	378	12.93
69	25	386	19.49
69	25	407	14.66
69	25	413	10.58
69	25	438	12.72
69	25	478	11.34
69	25	486	31.35
69	25	496	25.70
69	25	498	15.87
69	25	513	25.79
69	25,27	15	41.86
69	25,27	22	27.11
69	25,27	27	27.24
69	25,27	46	45.93
69	25,27	51	23.32
69	25,27	63	32.46
69	25,27	72	22.20
69	25,27	80	21.66
69	25,27	104	27.55
69	25,27	117	20.73
69	25,27	119	21.31
69	25,27	122	19.93
69	25,27	134	21.01
69	25,27	135	24.35
69	25,27	147	21.87
69	25,27	159	17.14
69	25,27	189	24.86
69	25,27	210	47.18
69	25,27	223	26.18
69	25,27	236	26.77
69	25,27	245	34.14
69	25,27	267	24.11
69	25,27	295	23.08
69	25,27	304	22.11
69	25,27	305	24.18
69	25,27	325	21.14
69	25,27	336	27.41
69	25,27	346	21.01
69	25,27	348	29.94
69	25,27	350	24.32
69	25,27	356	27.10
69	25,27	378	28.11
69	25,27	386	33.69
69	25,27	407	25.85
69	25,27	413	23.46
69	25,27	478	24.72
69	25,27	496	38.59
69	25,27	498	28.10
69	25,27	513	39.21
69	25,50	15	37.34
69	25,50	22	22.18
69	25,50	27	22.04
69	25,50	46	41.31
69	25,50	51	18.75
69	25,50	63	28.00
69	25,50	72	17.34
69	25,50	80	17.15
69	25,50	104	22.69
69	25,50	117	16.00
69	25,50	119	16.25
69	25,50	122	15.42
69	25,50	134	16.23
69	25,50	135	19.34
69	25,50	147	17.07
69	25,50	159	12.69
69	25,50	189	19.49
69	25,50	210	42.65
69	25,50	223	20.94
69	25,50	236	21.80
69	25,50	245	28.79
69	25,50	267	18.92
69	25,50	295	18.48
69	25,50	304	17.41
69	25,50	305	19.66
69	25,50	325	16.27
69	25,50	336	22.46
69	25,50	346	16.00
69	25,50	348	24.72
69	25,50	350	19.52
69	25,50	356	22.34
69	25,50	378	22.15
69	25,50	386	28.11
69	25,50	407	21.08
69	25,50	413	18.38
69	25,50	478	19.35
69	25,50	496	33.70
69	25,50	498	23.14
69	25,50	513	33.86
69	26	8	35.56
69	26	9	11.35
69	26	25	37.90
69	26	26	38.80
69	26	35	16.17
69	26	39	26.17
69	26	56	44.93
69	26	59	41.80
69	26	74	15.34
69	26	95	15.77
69	26	121	17.63
69	26	144	18.48
69	26	156	67.06
69	26	168	21.59
69	26	170	47.21
69	26	172	14.92
69	26	178	14.89
69	26	185	22.00
69	26	191	15.42
69	26	196	16.83
69	26	197	30.15
69	26	200	15.45
69	26	203	15.18
69	26	218	46.37
69	26	222	57.39
69	26	224	14.07
69	26	230	19.83
69	26	241	26.38
69	26	244	19.07
69	26	254	61.86
69	26	277	13.52
69	26	331	16.56
69	26	335	16.54
69	26	353	40.86
69	26	354	46.17
69	26	364	14.80
69	26	382	31.99
69	26	406	25.75
69	26	410	42.28
69	26	427	32.32
69	26	457	47.86
69	26	461	16.52
69	26	474	14.77
69	26	482	40.87
69	26	510	41.69
69	27	15	33.06
69	27	19	42.28
69	27	22	16.61
69	27	23	42.42
69	27	27	16.49
69	27	33	31.20
69	27	34	38.72
69	27	46	38.27
69	27	51	15.69
69	27	63	25.14
69	27	72	12.44
69	27	80	14.41
69	27	104	17.46
69	27	111	30.96
69	27	117	11.23
69	27	119	11.06
69	27	122	10.15
69	27	129	44.77
69	27	134	13.82
69	27	135	13.73
69	27	147	11.35
69	27	159	10.77
69	27	165	41.13
69	27	186	18.11
69	27	189	13.32
69	27	207	54.17
69	27	210	37.66
69	27	223	14.73
69	27	236	18.30
69	27	245	26.08
69	27	267	12.07
69	27	284	42.32
69	27	295	15.14
69	27	303	58.11
69	27	304	14.77
69	27	305	15.49
69	27	325	13.61
69	27	336	16.75
69	27	346	13.79
69	27	348	16.56
69	27	350	16.49
69	27	356	19.80
69	27	378	14.89
69	27	386	25.38
69	27	407	16.10
69	27	413	14.92
69	27	478	13.49
69	27	486	36.08
69	27	496	31.30
69	27	498	17.99
69	27	513	31.07
69	28	7	15.52
69	28	13	46.61
69	28	14	39.14
69	28	29	48.97
69	28	55	48.97
69	28	58	17.48
69	28	70	23.06
69	28	78	46.93
69	28	86	29.42
69	28	91	45.07
69	28	101	38.11
69	28	110	37.11
69	28	115	16.34
69	28	128	42.10
69	28	139	26.27
69	28	150	26.49
69	28	161	32.23
69	28	162	22.69
69	28	164	52.73
69	28	177	60.48
69	28	181	47.83
69	28	193	15.85
69	28	204	16.72
69	28	217	47.41
69	28	240	15.79
69	28	249	46.51
69	28	261	30.52
69	28	301	46.61
69	28	308	26.62
69	28	314	15.48
69	28	319	27.25
69	28	347	29.83
69	28	359	30.46
69	28	372	49.70
69	28	381	16.87
69	28	430	18.93
69	28	469	30.61
69	28	508	14.39
69	29	6	15.85
69	29	10	57.17
69	29	39	29.37
69	29	59	49.32
69	29	60	35.11
69	29	87	17.62
69	29	99	57.30
69	29	108	43.89
69	29	124	35.17
69	29	130	40.58
69	29	157	49.86
69	29	182	42.62
69	29	190	17.18
69	29	202	48.25
69	29	213	46.63
69	29	229	23.61
69	29	233	48.07
69	29	266	19.51
69	29	271	39.59
69	29	297	54.37
69	29	299	18.45
69	29	309	20.89
69	29	322	53.89
69	29	329	42.14
69	29	331	19.63
69	29	416	53.68
69	29	447	36.80
69	29,39	6	31.14
69	29,39	87	31.94
69	29,39	157	61.92
69	29,39	213	59.94
69	29,39	229	36.77
69	29,39	271	45.31
69	29,39	299	33.04
69	29,39	309	37.34
69	29,39	329	55.10
69	29,39	331	34.85
69	29,39	416	65.62
69	30	28	28.14
69	30	36	47.14
69	30	85	23.59
69	30	113	38.48
69	30	131	50.87
69	30	145	36.89
69	30	149	59.03
69	30	194	43.30
69	30	198	28.72
69	30	199	22.92
69	30	237	47.37
69	30	247	22.14
69	30	251	51.41
69	30	257	29.24
69	30	258	49.92
69	30	264	42.41
69	30	302	64.24
69	30	313	25.61
69	30	326	27.11
69	30	334	34.15
69	30	375	24.13
69	30	376	37.79
69	30	380	25.90
69	30	393	42.00
69	30	405	21.65
69	31	2	11.37
69	31	5	15.56
69	31	7	13.54
69	31	17	19.83
69	31	38	38.59
69	31	48	23.13
69	31	55	44.87
69	31	58	13.27
69	31	61	11.25
69	31	64	14.85
69	31	66	13.99
69	31	67	36.23
69	31	69	30.48
69	31	76	48.76
69	31	86	25.72
69	31	91	38.77
69	31	98	12.48
69	31	106	13.13
69	31	115	12.46
69	31	141	30.13
69	31	150	30.54
69	31	152	29.17
69	31	158	31.97
69	31	195	38.58
69	31	204	12.83
69	31	220	26.42
69	31	249	41.68
69	31	253	37.72
69	31	260	28.99
69	31	261	29.10
69	31	265	13.44
69	31	270	12.63
69	31	272	15.15
69	31	279	32.61
69	31	282	41.62
69	31	293	50.41
69	31	294	34.15
69	31	301	51.45
69	31	308	19.94
69	31	314	11.13
69	31	323	17.04
69	31	330	36.94
69	31	333	35.11
69	31	342	27.52
69	31	345	13.61
69	31	366	13.59
69	31	367	14.04
69	31	371	48.86
69	31	385	49.92
69	31	411	15.17
69	31	412	17.58
69	31	418	51.46
69	31	430	14.39
69	31	439	12.56
69	31	442	14.46
69	31	448	11.42
69	31	455	11.07
69	31	495	24.48
69	31	501	14.39
69	31,41	2	20.03
69	31,41	5	25.87
69	31,41	7	22.93
69	31,41	17	29.51
69	31,41	48	33.08
69	31,41	58	22.27
69	31,41	61	20.27
69	31,41	64	23.93
69	31,41	66	23.80
69	31,41	69	42.42
69	31,41	86	34.83
69	31,41	98	21.08
69	31,41	106	22.34
69	31,41	115	20.56
69	31,41	204	21.58
69	31,41	220	36.63
69	31,41	253	48.17
69	31,41	260	40.23
69	31,41	261	39.51
69	31,41	265	24.03
69	31,41	270	21.90
69	31,41	272	25.23
69	31,41	279	42.56
69	31,41	308	28.00
69	31,41	314	19.52
69	31,41	323	26.86
69	31,41	342	38.87
69	31,41	345	22.52
69	31,41	366	22.90
69	31,41	367	24.83
69	31,41	411	25.87
69	31,41	412	27.65
69	31,41	430	25.17
69	31,41	439	23.04
69	31,41	448	20.39
69	31,41	455	20.04
69	31,41	495	34.44
69	31,41	501	24.79
69	31,51	2	30.49
69	31,51	5	34.31
69	31,51	7	33.56
69	31,51	17	36.52
69	31,51	48	41.34
69	31,51	58	32.48
69	31,51	61	31.03
69	31,51	64	35.08
69	31,51	69	52.65
69	31,51	86	41.97
69	31,51	98	30.49
69	31,51	106	32.86
69	31,51	115	29.99
69	31,51	204	32.55
69	31,51	220	45.37
69	31,51	253	56.80
69	31,51	260	38.46
69	31,51	261	37.94
69	31,51	270	31.65
69	31,51	272	33.51
69	31,51	308	39.51
69	31,51	314	30.07
69	31,51	323	39.55
69	31,51	367	40.04
69	31,51	412	41.38
69	31,51	430	34.37
69	31,51	439	33.15
69	31,51	448	31.38
69	31,51	455	31.03
69	31,51	501	33.42
69	32	15	28.76
69	32	19	37.42
69	32	22	19.01
69	32	27	10.80
69	32	34	40.79
69	32	44	15.20
69	32	104	12.94
69	32	109	45.93
69	32	117	13.46
69	32	119	13.28
69	32	122	11.10
69	32	126	36.77
69	32	129	46.17
69	32	134	14.17
69	32	146	11.96
69	32	147	13.68
69	32	148	16.69
69	32	159	11.87
69	32	171	16.38
69	32	210	34.24
69	32	215	47.89
69	32	223	11.51
69	32	235	31.76
69	32	267	14.80
69	32	284	36.06
69	32	303	53.32
69	32	305	11.28
69	32	325	12.35
69	32	336	16.49
69	32	346	15.54
69	32	348	16.30
69	32	358	19.97
69	32	377	16.31
69	32	378	18.25
69	32	386	27.27
69	32	407	17.90
69	32	413	13.65
69	32	458	27.04
69	32	498	13.30
69	33	18	17.85
69	33	21	14.92
69	33	32	20.73
69	33	49	17.79
69	33	50	38.82
69	33	57	45.97
69	33	68	36.10
69	33	73	46.61
69	33	77	20.25
69	33	79	19.55
69	33	96	28.21
69	33	133	29.07
69	33	136	60.41
69	33	166	19.59
69	33	192	43.31
69	33	239	33.68
69	33	250	20.41
69	33	255	21.54
69	33	296	46.20
69	33	312	31.56
69	33	338	31.30
69	33	349	17.24
69	33	368	16.52
69	33	388	15.99
69	33	397	27.35
69	33	402	20.37
69	33	421	22.41
69	33	428	31.59
69	33	441	21.70
69	33	449	16.93
69	33	454	20.18
69	33	456	16.17
69	33	463	20.20
69	33	500	22.65
69	33	517	17.62
69	33	518	16.80
69	33,35	18	24.62
69	33,35	32	27.93
69	33,35	50	46.66
69	33,35	68	46.00
69	33,35	133	36.21
69	33,35	166	27.68
69	33,35	239	42.01
69	33,35	250	29.07
69	33,35	255	28.76
69	33,35	296	53.66
69	33,35	312	38.04
69	33,35	338	38.76
69	33,35	368	25.48
69	33,35	421	30.39
69	33,35	441	28.58
69	33,35	449	25.41
69	33,35	456	25.25
69	33,35	517	24.55
69	33,38	18	24.08
69	33,38	32	27.31
69	33,38	50	46.66
69	33,38	68	46.00
69	33,38	133	35.65
69	33,38	166	27.14
69	33,38	239	41.49
69	33,38	250	28.55
69	33,38	255	28.11
69	33,38	296	53.66
69	33,38	312	37.56
69	33,38	338	39.15
69	33,38	368	24.93
69	33,38	421	29.86
69	33,38	441	28.04
69	33,38	449	24.82
69	33,38	456	24.72
69	33,38	517	24.01
69	33,43	18	30.92
69	33,43	50	51.92
69	33,43	68	51.45
69	33,43	133	42.86
69	33,43	166	32.59
69	33,43	239	46.79
69	33,43	250	34.41
69	33,43	255	36.38
69	33,43	296	59.20
69	33,43	312	43.15
69	33,43	338	48.14
69	33,43	368	29.65
69	33,43	421	35.68
69	33,43	441	34.97
69	33,43	449	30.79
69	33,43	456	29.31
69	33,43	517	30.76
69	34	16	26.34
69	34	45	11.90
69	34	82	26.96
69	34	85	8.32
69	34	105	26.41
69	34	107	7.18
69	34	113	25.80
69	34	127	10.56
69	34	142	12.49
69	34	145	24.68
69	34	151	45.49
69	34	198	11.66
69	34	205	54.72
69	34	234	12.41
69	34	237	35.59
69	34	247	7.54
69	34	251	41.13
69	34	257	9.46
69	34	259	35.99
69	34	264	32.61
69	34	275	9.70
69	34	288	7.76
69	34	307	8.44
69	34	313	8.76
69	34	324	42.52
69	34	326	8.03
69	34	327	10.89
69	34	334	27.24
69	34	337	12.34
69	34	351	45.10
69	34	375	10.87
69	34	376	20.46
69	34	380	8.32
69	34	387	15.41
69	34	389	12.61
69	34	394	14.35
69	34	395	8.20
69	34	400	9.75
69	34	403	27.49
69	34	404	9.03
69	34	405	8.79
69	34	408	20.82
69	34	417	7.86
69	34	429	8.66
69	34	433	14.21
69	34	434	7.66
69	34	440	7.94
69	34	444	8.31
69	34	452	20.04
69	34	453	10.68
69	34	459	21.73
69	34	460	22.21
69	34	464	8.25
69	34	468	23.77
69	34	470	11.99
69	34	471	12.44
69	34	475	9.76
69	34	477	7.90
69	34	484	7.52
69	34	488	8.28
69	34	493	7.61
69	34	494	12.52
69	34	499	7.75
69	34	502	13.03
69	34	503	13.76
69	34	504	11.38
69	34	509	8.38
69	34	512	17.58
69	34	514	7.75
69	34	515	8.35
69	35	18	17.35
69	35	32	20.68
69	35	50	39.21
69	35	57	46.42
69	35	68	36.00
69	35	73	46.85
69	35	133	28.49
69	35	166	20.32
69	35	173	55.99
69	35	192	43.28
69	35	209	63.87
69	35	239	34.62
69	35	250	21.48
69	35	255	21.21
69	35	296	46.51
69	35	312	30.79
69	35	338	31.69
69	35	368	18.21
69	35	421	22.90
69	35	441	21.08
69	35	449	17.94
69	35	456	17.89
69	35	517	17.18
69	35,38	18	25.82
69	35,38	32	29.13
69	35,38	50	47.68
69	35,38	68	56.63
69	35,38	133	36.96
69	35,38	166	28.79
69	35,38	239	43.08
69	35,38	250	43.37
69	35,38	255	29.68
69	35,38	296	54.97
69	35,38	312	36.24
69	35,38	338	40.15
69	35,38	368	26.68
69	35,38	421	31.37
69	35,38	441	29.55
69	35,38	449	26.41
69	35,38	456	26.35
69	35,38	517	25.65
69	35,43	18	30.46
69	35,43	50	52.34
69	35,43	68	57.85
69	35,43	133	42.28
69	35,43	166	33.38
69	35,43	239	47.76
69	35,43	250	35.44
69	35,43	255	35.93
69	35,43	296	59.52
69	35,43	312	42.62
69	35,43	338	49.48
69	35,43	368	31.37
69	35,43	421	36.18
69	35,43	441	34.37
69	35,43	449	31.77
69	35,43	456	31.06
69	35,43	517	30.35
69	36	40	21.10
69	36	47	47.75
69	36	52	28.34
69	36	71	35.00
69	36	90	27.39
69	36	92	22.14
69	36	94	19.24
69	36	100	22.65
69	36	112	54.23
69	36	118	38.23
69	36	125	51.48
69	36	136	61.87
69	36	169	50.87
69	36	192	46.25
69	36	239	37.38
69	36	268	18.10
69	36	283	32.54
69	36	289	56.30
69	36	296	45.55
69	36	298	31.96
69	36	311	16.35
69	36	312	33.31
69	36	428	33.77
69	36	450	39.15
69	36	451	38.24
69	36	465	59.85
69	36	473	43.69
69	36	481	49.37
69	37	5	13.90
69	37	7	14.10
69	37	14	37.68
69	37	17	21.10
69	37	38	34.94
69	37	48	21.62
69	37	55	42.20
69	37	58	14.52
69	37	61	15.28
69	37	64	15.55
69	37	67	32.77
69	37	69	35.69
69	37	76	47.65
69	37	86	21.96
69	37	91	42.34
69	37	98	13.83
69	37	106	10.93
69	37	110	42.55
69	37	115	13.49
69	37	141	33.75
69	37	150	32.00
69	37	152	28.77
69	37	193	16.30
69	37	204	11.49
69	37	220	26.65
69	37	249	35.92
69	37	253	41.94
69	37	260	25.70
69	37	261	25.97
69	37	270	13.41
69	37	272	15.80
69	37	274	50.03
69	37	282	39.72
69	37	294	33.54
69	37	308	23.99
69	37	314	12.11
69	37	315	47.44
69	37	323	14.90
69	37	333	34.83
69	37	341	40.46
69	37	367	18.06
69	37	369	37.06
69	37	385	46.46
69	37	398	16.52
69	37	412	18.58
69	37	418	51.23
69	37	430	12.97
69	37	439	15.66
69	37	448	14.08
69	37	455	14.69
69	37	480	37.96
69	37	501	18.23
69	37,51	5	25.69
69	37,51	7	26.83
69	37,51	17	36.66
69	37,51	48	33.13
69	37,51	58	26.69
69	37,51	61	27.65
69	37,51	64	28.13
69	37,51	69	49.65
69	37,51	86	37.06
69	37,51	98	25.35
69	37,51	106	23.42
69	37,51	115	24.51
69	37,51	193	28.77
69	37,51	204	23.68
69	37,51	220	38.52
69	37,51	253	54.04
69	37,51	260	38.59
69	37,51	261	37.94
69	37,51	270	25.70
69	37,51	272	27.44
69	37,51	308	36.30
69	37,51	314	23.77
69	37,51	315	58.61
69	37,51	323	28.82
69	37,51	341	53.17
69	37,51	367	33.85
69	37,51	398	29.07
69	37,51	412	33.07
69	37,51	430	25.51
69	37,51	439	29.30
69	37,51	448	26.49
69	37,51	455	27.10
69	37,51	480	51.94
69	37,51	501	30.13
69	38	18	17.35
69	38	32	20.68
69	38	50	39.21
69	38	57	46.42
69	38	68	36.00
69	38	73	46.85
69	38	133	28.49
69	38	166	20.32
69	38	173	55.99
69	38	192	43.28
69	38	209	63.87
69	38	239	34.62
69	38	250	21.48
69	38	255	21.21
69	38	296	46.51
69	38	312	30.79
69	38	338	31.69
69	38	368	18.21
69	38	421	22.90
69	38	441	21.08
69	38	449	17.94
69	38	456	17.89
69	38	517	17.18
69	38,43	18	30.46
69	38,43	50	52.34
69	38,43	68	52.42
69	38,43	133	42.28
69	38,43	166	33.38
69	38,43	239	47.76
69	38,43	250	35.44
69	38,43	255	35.93
69	38,43	296	59.52
69	38,43	312	42.62
69	38,43	338	49.48
69	38,43	368	31.37
69	38,43	421	36.18
69	38,43	441	34.37
69	38,43	449	31.77
69	38,43	456	31.06
69	38,43	517	30.35
69	39	1	48.94
69	39	6	17.34
69	39	10	54.87
69	39	41	20.87
69	39	60	36.56
69	39	65	24.45
69	39	83	16.80
69	39	87	16.85
69	39	88	28.87
69	39	99	58.79
69	39	120	23.03
69	39	121	22.39
69	39	154	19.34
69	39	155	61.85
69	39	157	49.18
69	39	174	22.35
69	39	184	17.94
69	39	187	19.03
69	39	201	27.63
69	39	202	46.23
69	39	208	30.92
69	39	212	20.99
69	39	213	44.31
69	39	226	48.04
69	39	229	20.52
69	39	244	22.58
69	39	246	28.73
69	39	271	31.48
69	39	273	37.79
69	39	286	21.04
69	39	287	19.66
69	39	291	21.06
69	39	292	22.56
69	39	297	55.80
69	39	299	18.80
69	39	309	21.20
69	39	310	24.86
69	39	317	19.23
69	39	329	39.85
69	39	331	20.10
69	39	340	43.52
69	39	355	21.34
69	39	357	20.48
69	39	365	55.01
69	39	416	54.39
69	39	419	20.13
69	39	422	21.35
69	39	423	18.66
69	39	424	21.32
69	39	466	20.85
69	39	476	22.55
69	39	489	39.20
69	39	492	43.48
69	40	11	57.13
69	40	30	32.89
69	40	54	38.32
69	40	101	32.83
69	40	128	43.96
69	40	139	27.45
69	40	161	44.31
69	40	177	59.75
69	40	181	49.87
69	40	183	44.17
69	40	238	25.93
69	40	240	17.86
69	40	276	51.00
69	40	280	52.48
69	40	319	29.35
69	40	372	50.42
69	40	414	20.49
69	40	415	58.41
69	40	420	39.58
69	40	435	17.17
69	40	445	60.65
69	40,49	30	42.39
69	40,49	101	42.65
69	40,49	139	36.87
69	40,49	181	59.55
69	40,49	238	35.68
69	40,49	240	27.94
69	40,49	276	61.49
69	40,49	319	39.18
69	40,49	414	31.23
69	40,49	420	47.46
69	40,49	435	28.06
69	41	2	10.63
69	41	5	14.82
69	41	7	12.80
69	41	17	19.01
69	41	38	37.87
69	41	48	22.37
69	41	55	44.08
69	41	58	12.54
69	41	61	10.54
69	41	64	14.14
69	41	66	13.24
69	41	67	37.54
69	41	69	29.82
69	41	76	48.01
69	41	86	24.92
69	41	91	37.97
69	41	98	11.69
69	41	106	12.39
69	41	115	11.66
69	41	141	26.13
69	41	150	29.80
69	41	152	28.08
69	41	158	31.23
69	41	195	38.00
69	41	204	12.13
69	41	220	25.66
69	41	249	40.38
69	41	253	36.99
69	41	260	28.25
69	41	261	28.32
69	41	265	12.70
69	41	270	11.87
69	41	272	14.39
69	41	279	31.82
69	41	282	40.87
69	41	293	49.68
69	41	294	32.75
69	41	301	48.14
69	41	308	16.76
69	41	314	10.39
69	41	323	16.41
69	41	330	36.15
69	41	333	34.32
69	41	342	26.92
69	41	345	12.86
69	41	366	12.87
69	41	367	13.54
69	41	371	48.10
69	41	385	49.20
69	41	411	14.42
69	41	412	17.00
69	41	418	50.66
69	41	430	13.68
69	41	439	11.79
69	41	448	10.72
69	41	455	10.37
69	41	495	23.70
69	41	501	13.65
69	42	7	19.75
69	42	13	47.83
69	42	14	41.30
69	42	29	49.45
69	42	70	27.92
69	42	78	48.46
69	42	93	32.62
69	42	101	36.04
69	42	110	39.18
69	42	128	46.03
69	42	139	30.42
69	42	161	35.61
69	42	162	22.10
69	42	163	31.83
69	42	164	53.32
69	42	177	65.73
69	42	181	51.83
69	42	193	17.14
69	42	209	58.86
69	42	240	19.90
69	42	347	31.14
69	42	359	29.25
69	42	372	52.17
69	42	381	18.62
69	42	384	25.31
69	42	441	19.27
69	42	508	14.75
69	43	18	21.94
69	43	50	42.70
69	43	57	47.23
69	43	68	35.14
69	43	73	47.69
69	43	133	33.07
69	43	136	65.08
69	43	166	24.38
69	43	169	48.61
69	43	173	60.79
69	43	192	47.79
69	43	209	66.08
69	43	239	38.48
69	43	250	26.92
69	43	255	26.39
69	43	268	24.82
69	43	296	49.14
69	43	312	31.20
69	43	338	38.56
69	43	344	50.49
69	43	368	20.68
69	43	421	27.03
69	43	441	24.69
69	43	449	22.41
69	43	456	21.07
69	43	517	22.18
69	44	18	14.59
69	44	21	14.85
69	44	49	17.07
69	44	50	36.24
69	44	52	24.68
69	44	57	38.56
69	44	68	30.18
69	44	73	40.13
69	44	77	13.18
69	44	79	10.07
69	44	93	36.56
69	44	96	28.30
69	44	112	50.10
69	44	118	30.15
69	44	125	44.82
69	44	133	23.41
69	44	136	57.24
69	44	163	25.72
69	44	166	18.73
69	44	169	40.52
69	44	173	54.86
69	44	192	41.46
69	44	209	58.37
69	44	239	32.35
69	44	250	26.86
69	44	268	15.48
69	44	283	32.03
69	44	296	42.77
69	44	312	21.24
69	44	318	16.49
69	44	338	38.76
69	44	344	42.75
69	44	361	41.73
69	44	368	14.69
69	44	388	15.61
69	44	402	20.69
69	44	421	19.94
69	44	428	28.76
69	44	432	16.72
69	44	441	17.49
69	44	449	16.18
69	44	454	10.31
69	44	456	15.24
69	44	463	10.25
69	44	481	44.35
69	44	485	17.07
69	44	497	15.59
69	44	500	15.01
69	44	517	15.80
69	44	518	16.10
69	45	8	38.37
69	45	9	13.07
69	45	26	41.44
69	45	35	22.32
69	45	56	45.86
69	45	59	45.89
69	45	74	22.54
69	45	75	51.30
69	45	81	47.08
69	45	89	17.18
69	45	95	13.38
69	45	99	60.68
69	45	102	46.80
69	45	121	17.52
69	45	156	70.00
69	45	157	42.61
69	45	167	19.23
69	45	168	20.51
69	45	170	50.27
69	45	178	18.24
69	45	191	13.37
69	45	196	16.93
69	45	197	33.14
69	45	200	20.93
69	45	218	44.83
69	45	219	19.39
69	45	222	57.69
69	45	224	17.96
69	45	244	19.89
69	45	262	40.85
69	45	277	16.27
69	45	299	15.96
69	45	328	35.76
69	45	331	15.17
69	45	353	42.23
69	45	354	45.72
69	45	364	21.18
69	45	370	15.66
69	45	383	42.83
69	45	401	33.86
69	45	406	22.54
69	45	410	44.69
69	45	416	43.28
69	45	422	14.87
69	45	426	36.01
69	45	436	32.87
69	45	437	17.54
69	45	461	17.87
69	45	472	33.48
69	45	474	14.38
69	45	482	42.27
69	45	510	42.21
69	46	97	52.25
69	46	143	26.41
69	46	256	44.44
69	46	507	22.23
69	47	11	54.86
69	47	30	30.69
69	47	54	38.20
69	47	101	28.89
69	47	128	43.89
69	47	161	44.08
69	47	177	58.48
69	47	181	50.10
69	47	183	42.55
69	47	238	24.03
69	47	240	18.03
69	47	248	32.85
69	47	276	50.93
69	47	280	52.44
69	47	319	29.49
69	47	372	49.06
69	47	414	18.30
69	47	415	55.39
69	47	420	37.80
69	47	435	16.68
69	47	445	59.38
69	47	506	17.62
69	47,53	30	50.83
69	47,53	101	41.82
69	47,53	181	68.46
69	47,53	238	43.56
69	47,53	240	34.46
69	47,53	248	52.73
69	47,53	276	71.83
69	47,53	414	36.61
69	47,53	420	56.92
69	47,53	435	36.63
69	47,53	506	33.94
69	48	3	31.14
69	48	4	40.72
69	48	20	51.77
69	48	24	22.55
69	48	42	20.41
69	48	43	18.25
69	48	53	30.96
69	48	62	40.68
69	48	84	20.25
69	48	103	23.06
69	48	123	16.79
69	48	132	53.23
69	48	137	20.21
69	48	140	18.49
69	48	153	29.41
69	48	176	43.11
69	48	179	24.04
69	48	180	37.72
69	48	188	43.46
69	48	206	55.97
69	48	211	26.48
69	48	214	19.21
69	48	225	56.83
69	48	227	24.31
69	48	232	21.63
69	48	242	29.08
69	48	243	43.99
69	48	263	44.61
69	48	269	30.80
69	48	300	31.44
69	48	306	17.39
69	48	321	16.73
69	48	339	49.97
69	48	362	43.37
69	48	363	28.27
69	48	373	44.07
69	48	374	37.59
69	48	391	40.34
69	48	392	29.72
69	48	399	26.01
69	48	443	48.48
69	48	446	14.89
69	48	467	18.94
69	48	479	28.82
69	48	487	32.92
69	48	491	42.13
69	48	505	13.93
69	48	511	51.55
69	49	11	50.51
69	49	30	27.24
69	49	54	33.93
69	49	101	26.39
69	49	128	39.07
69	49	139	23.25
69	49	161	39.01
69	49	177	55.37
69	49	181	45.18
69	49	183	39.32
69	49	238	20.70
69	49	240	13.07
69	49	276	45.46
69	49	280	47.01
69	49	319	24.46
69	49	372	45.92
69	49	414	14.86
69	49	415	51.68
69	49	420	40.27
69	49	435	10.54
69	49	445	55.35
69	50	15	29.03
69	50	19	38.28
69	50	22	11.73
69	50	23	38.73
69	50	27	12.14
69	50	33	26.75
69	50	34	29.77
69	50	46	35.17
69	50	51	11.86
69	50	63	21.51
69	50	72	7.65
69	50	80	10.59
69	50	104	13.77
69	50	111	27.41
69	50	117	6.49
69	50	119	5.99
69	50	122	5.66
69	50	129	37.86
69	50	134	9.41
69	50	135	8.94
69	50	147	6.58
69	50	159	6.31
69	50	165	35.89
69	50	186	13.70
69	50	189	7.94
69	50	207	41.20
69	50	210	34.72
69	50	223	9.79
69	50	236	14.44
69	50	245	21.44
69	50	267	6.90
69	50	284	37.41
69	50	295	11.08
69	50	303	55.32
69	50	304	10.62
69	50	305	11.37
69	50	325	9.07
69	50	336	12.15
69	50	346	9.06
69	50	348	11.70
69	50	350	12.52
69	50	356	15.80
69	50	378	8.80
69	50	386	20.31
69	50	407	11.96
69	50	413	10.21
69	50	478	8.10
69	50	486	32.99
69	50	496	26.41
69	50	498	14.28
69	50	513	26.30
69	51	2	17.35
69	51	5	18.86
69	51	7	19.25
69	51	14	35.90
69	51	17	25.38
69	51	38	39.68
69	51	48	26.46
69	51	55	46.56
69	51	58	19.54
69	51	61	20.37
69	51	64	20.77
69	51	67	39.31
69	51	69	41.11
69	51	76	52.56
69	51	86	26.17
69	51	91	46.90
69	51	98	18.49
69	51	106	16.03
69	51	110	47.18
69	51	115	18.15
69	51	141	38.86
69	51	150	36.79
69	51	152	33.10
69	51	193	20.48
69	51	204	16.80
69	51	220	31.61
69	51	249	41.61
69	51	253	46.52
69	51	260	29.76
69	51	261	29.90
69	51	270	18.21
69	51	272	20.68
69	51	274	54.75
69	51	282	44.68
69	51	294	36.25
69	51	308	28.99
69	51	314	17.23
69	51	315	50.99
69	51	323	21.04
69	51	333	39.41
69	51	341	45.31
69	51	367	24.97
69	51	369	42.23
69	51	385	50.79
69	51	398	21.54
69	51	412	24.70
69	51	418	55.42
69	51	430	18.28
69	51	439	20.62
69	51	448	19.39
69	51	455	20.00
69	51	480	43.90
69	51	501	22.80
69	52	28	24.55
69	52	36	41.45
69	52	85	19.35
69	52	107	20.41
69	52	113	34.42
69	52	114	33.39
69	52	131	46.83
69	52	138	19.77
69	52	145	32.39
69	52	149	55.14
69	52	151	54.49
69	52	194	34.63
69	52	198	23.28
69	52	199	17.49
69	52	234	18.42
69	52	237	43.62
69	52	247	17.79
69	52	251	47.14
69	52	257	23.79
69	52	258	45.58
69	52	264	38.94
69	52	275	24.35
69	52	288	21.07
69	52	302	60.13
69	52	313	20.65
69	52	326	21.58
69	52	334	29.82
69	52	337	30.11
69	52	375	19.46
69	52	376	26.70
69	52	379	32.18
69	52	380	20.73
69	52	387	24.93
69	52	389	22.08
69	52	393	37.68
69	52	395	25.08
69	52	400	24.24
69	52	404	22.86
69	52	405	17.03
69	52	417	21.56
69	52	429	27.44
69	52	433	24.61
69	52	434	20.97
69	52	440	20.66
69	52	444	22.11
69	52	459	29.31
69	52	477	21.99
69	52	484	20.73
69	52	493	20.92
69	52	499	21.06
69	52	502	22.00
69	52	503	20.62
69	52	504	21.41
69	52	512	31.79
69	52	514	21.06
69	52	516	19.93
69	53	11	60.92
69	53	30	35.49
69	53	54	42.10
69	53	101	29.54
69	53	128	47.75
69	53	161	48.46
69	53	177	61.65
69	53	181	53.70
69	53	183	46.32
69	53	238	28.30
69	53	240	21.75
69	53	248	37.37
69	53	276	51.82
69	53	280	57.07
69	53	372	49.58
69	53	414	23.10
69	53	415	61.62
69	53	420	41.80
69	53	435	22.82
69	53	445	63.76
69	53	506	21.56
