Task=45 Orders=43 Vehicles=605 Scores=2973
45	1	1	31.06
45	1	9	18.94
45	1	18	19.41
45	1	23	35.03
45	1	30	19.61
45	1	45	32.30
45	1	57	49.62
45	1	59	23.17
45	1	110	52.18
45	1	132	23.28
45	1	183	20.28
45	1	222	38.06
45	1	226	45.20
45	1	229	59.61
45	1	241	35.11
45	1	250	63.87
45	1	252	47.63
45	1	279	22.31
45	1	280	41.34
45	1	312	24.04
45	1	350	41.73
45	1	367	53.10
45	1	444	28.32
45	1	530	20.46
45	1,12	1	47.93
45	1,12	18	38.92
45	1,12	30	37.90
45	1,12	45	55.63
45	1,12	57	63.92
45	1,12	183	39.69
45	1,12	241	57.07
45	1,12	252	62.14
45	1,12	350	55.08
45	1,12	530	35.11
45	2	4	23.32
45	2	14	36.56
45	2	20	39.54
45	2	34	36.87
45	2	38	9.73
45	2	40	12.76
45	2	53	15.35
45	2	64	13.44
45	2	78	39.20
45	2	90	36.55
45	2	93	10.69
45	2	94	43.59
45	2	109	28.27
45	2	121	34.42
45	2	131	11.03
45	2	134	28.08
45	2	140	44.21
45	2	141	44.13
45	2	151	11.72
45	2	161	50.73
45	2	165	15.65
45	2	169	23.69
45	2	174	16.86
45	2	182	12.75
45	2	198	22.83
45	2	201	14.03
45	2	203	12.10
45	2	209	39.42
45	2	212	11.96
45	2	214	38.10
45	2	242	11.87
45	2	245	24.14
45	2	257	55.73
45	2	267	30.13
45	2	268	42.65
45	2	270	70.14
45	2	285	10.31
45	2	294	65.58
45	2	298	31.93
45	2	323	11.85
45	2	325	12.42
45	2	327	12.27
45	2	328	35.68
45	2	329	37.61
45	2	331	16.83
45	2	333	36.11
45	2	343	39.27
45	2	355	14.85
45	2	359	14.66
45	2	366	14.00
45	2	370	11.77
45	2	372	30.68
45	2	375	23.23
45	2	387	49.46
45	2	389	11.31
45	2	392	35.96
45	2	397	14.14
45	2	399	49.65
45	2	403	12.92
45	2	404	15.82
45	2	411	9.58
45	2	413	12.82
45	2	415	11.46
45	2	424	14.08
45	2	425	47.99
45	2	432	11.83
45	2	448	15.30
45	2	449	15.20
45	2	456	13.25
45	2	485	50.35
45	2	491	12.63
45	2	492	10.06
45	2	495	12.14
45	2	499	18.42
45	2	504	10.52
45	2	521	14.90
45	2	533	47.44
45	2	536	47.79
45	2	547	11.27
45	2	554	12.61
45	2	567	60.07
45	2	580	12.69
45	2	582	39.17
45	2	597	10.94
45	2,8	141	56.63
45	2,8	242	34.62
45	2,8	298	67.31
45	2,8	329	63.44
45	2,8	333	71.55
45	2,8	389	36.42
45	2,8	536	70.23
45	3	69	47.92
45	3	77	51.93
45	3	79	55.56
45	3	86	57.48
45	3	91	42.51
45	3	92	45.10
45	3	115	53.61
45	3	152	68.30
45	3	153	52.32
45	3	269	52.10
45	3	525	54.21
45	3,10	69	61.08
45	3,10	91	49.72
45	3,10	92	64.72
45	3,10	269	67.46
45	3,32	69	62.70
45	3,32	77	65.73
45	3,32	91	53.48
45	3,32	92	63.17
45	3,32	115	64.06
45	3,32	269	68.56
45	3,32	525	63.35
45	4	8	26.92
45	4	32	52.45
45	4	49	68.62
45	4	51	23.52
45	4	61	31.76
45	4	70	50.28
45	4	89	40.80
45	4	108	42.24
45	4	154	35.65
45	4	196	34.38
45	4	219	22.76
45	4	246	41.70
45	4	248	21.68
45	4	253	39.69
45	4	261	24.90
45	4	266	24.97
45	4	272	50.59
45	4	306	38.27
45	4	315	21.51
45	4	340	27.58
45	4	381	32.59
45	4	384	42.01
45	4	391	43.31
45	4	419	23.49
45	4	437	25.85
45	4	475	20.90
45	4	487	46.51
45	4	510	50.63
45	4	565	21.82
45	4,31	8	50.69
45	4,31	32	81.54
45	4,31	51	58.61
45	4,31	61	60.76
45	4,31	89	72.31
45	4,31	108	70.44
45	4,31	154	67.31
45	4,31	196	64.87
45	4,31	219	49.55
45	4,31	246	65.01
45	4,31	248	51.68
45	4,31	253	70.28
45	4,31	261	58.93
45	4,31	266	48.90
45	4,31	272	83.15
45	4,31	315	52.66
45	4,31	340	57.99
45	4,31	384	73.18
45	4,31	391	73.72
45	4,31	419	57.72
45	4,31	437	61.42
45	4,31	475	52.23
45	4,31	487	81.97
45	4,31	510	81.24
45	4,31	565	52.28
45	5	7	35.69
45	5	12	18.90
45	5	42	23.58
45	5	48	16.79
45	5	55	45.07
45	5	62	29.69
45	5	73	16.59
45	5	81	15.37
45	5	82	46.07
45	5	112	18.92
45	5	113	17.10
45	5	119	42.41
45	5	124	48.18
45	5	128	16.38
45	5	133	34.77
45	5	139	40.35
45	5	147	37.93
45	5	148	53.18
45	5	167	40.20
45	5	177	28.32
45	5	185	32.69
45	5	190	32.00
45	5	192	16.21
45	5	199	34.83
45	5	202	23.14
45	5	204	14.72
45	5	220	16.45
45	5	225	44.42
45	5	238	33.90
45	5	255	31.77
45	5	271	16.08
45	5	274	13.92
45	5	291	36.13
45	5	308	52.80
45	5	309	21.18
45	5	337	19.86
45	5	354	17.96
45	5	362	14.65
45	5	369	48.23
45	5	393	26.62
45	5	396	32.28
45	5	406	37.68
45	5	417	18.86
45	5	418	17.65
45	5	422	24.87
45	5	436	56.79
45	5	440	40.82
45	5	441	15.10
45	5	443	17.68
45	5	455	21.35
45	5	458	29.75
45	5	497	16.42
45	5	500	56.00
45	5	505	25.37
45	5	520	42.90
45	5	528	56.23
45	5	552	18.69
45	5	556	32.24
45	5	562	14.86
45	5	593	16.63
45	5	601	16.28
45	5,27	7	56.83
45	5,27	12	39.58
45	5,27	55	65.27
45	5,27	62	49.73
45	5,27	73	36.31
45	5,27	112	38.13
45	5,27	113	37.01
45	5,27	128	35.68
45	5,27	192	35.04
45	5,27	225	68.58
45	5,27	238	55.58
45	5,27	255	53.61
45	5,27	271	34.42
45	5,27	274	31.75
45	5,27	308	76.25
45	5,27	309	39.48
45	5,27	354	39.86
45	5,27	362	34.44
45	5,27	369	68.44
45	5,27	436	80.82
45	5,27	497	35.25
45	5,27	520	63.39
45	5,27	556	52.73
45	5,27	593	36.35
45	6	4	34.34
45	6	19	52.90
45	6	40	16.94
45	6	42	23.70
45	6	53	16.01
45	6	64	19.27
45	6	77	36.59
45	6	79	49.08
45	6	90	39.93
45	6	96	50.56
45	6	101	18.65
45	6	109	30.46
45	6	121	35.54
45	6	122	20.51
45	6	131	20.77
45	6	134	31.25
45	6	141	49.23
45	6	145	23.03
45	6	152	57.14
45	6	153	48.37
45	6	165	21.15
45	6	168	30.76
45	6	182	18.07
45	6	186	22.31
45	6	203	21.44
45	6	232	49.72
45	6	242	17.08
45	6	245	24.75
45	6	257	65.42
45	6	260	59.31
45	6	268	46.46
45	6	270	74.70
45	6	308	47.15
45	6	310	20.86
45	6	317	64.90
45	6	323	24.00
45	6	325	21.11
45	6	326	19.28
45	6	327	18.77
45	6	328	36.89
45	6	329	43.51
45	6	330	56.59
45	6	331	17.79
45	6	333	55.35
45	6	359	20.87
45	6	370	18.73
45	6	372	31.76
45	6	375	28.37
45	6	389	19.11
45	6	399	54.80
45	6	403	19.38
45	6	404	19.38
45	6	409	33.70
45	6	411	21.27
45	6	413	20.65
45	6	420	47.31
45	6	422	31.07
45	6	424	17.48
45	6	425	50.76
45	6	436	51.51
45	6	448	15.85
45	6	456	19.23
45	6	468	31.34
45	6	474	28.49
45	6	476	25.32
45	6	485	60.70
45	6	492	18.75
45	6	499	23.56
45	6	500	62.90
45	6	504	21.39
45	6	521	15.51
45	6	533	57.30
45	6	536	56.75
45	6	547	18.18
45	6	567	65.68
45	6	587	35.03
45	6,8	77	58.34
45	6,8	96	69.24
45	6,8	141	69.97
45	6,8	242	32.66
45	6,8	329	66.23
45	6,8	333	79.79
45	6,8	389	36.15
45	6,8	420	67.11
45	6,8	536	76.62
45	6,8	587	56.34
45	6,21	4	43.77
45	6,21	40	26.77
45	6,21	53	26.11
45	6,21	64	29.14
45	6,21	77	50.35
45	6,21	90	49.70
45	6,21	96	60.10
45	6,21	101	29.20
45	6,21	109	38.24
45	6,21	121	45.34
45	6,21	122	31.18
45	6,21	131	31.24
45	6,21	134	42.08
45	6,21	141	58.39
45	6,21	145	33.42
45	6,21	165	30.80
45	6,21	168	41.20
45	6,21	182	28.14
45	6,21	186	32.99
45	6,21	203	32.11
45	6,21	232	59.34
45	6,21	242	26.83
45	6,21	245	35.20
45	6,21	308	57.76
45	6,21	310	30.66
45	6,21	326	28.68
45	6,21	327	28.44
45	6,21	328	46.56
45	6,21	329	54.11
45	6,21	331	29.27
45	6,21	333	65.18
45	6,21	359	31.73
45	6,21	370	28.49
45	6,21	372	41.10
45	6,21	375	37.85
45	6,21	389	28.65
45	6,21	404	29.18
45	6,21	409	44.96
45	6,21	411	31.14
45	6,21	413	31.51
45	6,21	420	56.46
45	6,21	422	42.77
45	6,21	424	26.92
45	6,21	436	61.35
45	6,21	448	26.14
45	6,21	456	29.11
45	6,21	468	48.48
45	6,21	474	38.04
45	6,21	476	35.85
45	6,21	492	28.56
45	6,21	499	33.03
45	6,21	504	30.94
45	6,21	521	25.83
45	6,21	536	66.42
45	6,21	547	28.00
45	6,21	587	44.35
45	7	5	17.52
45	7	8	21.56
45	7	24	36.46
45	7	32	47.82
45	7	49	63.44
45	7	51	17.42
45	7	61	27.08
45	7	70	53.03
45	7	89	35.49
45	7	108	37.76
45	7	117	18.69
45	7	154	30.44
45	7	193	18.63
45	7	196	38.94
45	7	219	17.31
45	7	246	36.08
45	7	248	16.68
45	7	253	34.70
45	7	261	19.27
45	7	266	19.55
45	7	272	45.10
45	7	282	18.31
45	7	300	38.52
45	7	306	34.01
45	7	321	19.62
45	7	340	21.34
45	7	368	23.39
45	7	381	27.83
45	7	384	33.28
45	7	390	20.25
45	7	391	38.32
45	7	395	18.34
45	7	419	17.58
45	7	437	19.86
45	7	451	19.83
45	7	464	19.30
45	7	470	18.87
45	7	475	15.62
45	7	477	33.92
45	7	487	40.44
45	7	490	17.94
45	7	493	18.72
45	7	501	18.31
45	7	502	29.27
45	7	508	31.58
45	7	509	17.70
45	7	510	45.66
45	7	517	17.83
45	7	542	28.13
45	7	557	16.48
45	7	565	16.86
45	7	566	18.55
45	7	569	18.92
45	7	572	19.30
45	7	581	18.83
45	7	586	16.89
45	7	591	17.94
45	7	592	17.99
45	7	596	18.54
45	7	604	18.30
45	7	605	18.06
45	7,20	5	32.35
45	7,20	8	36.15
45	7,20	24	53.96
45	7,20	32	64.85
45	7,20	51	32.30
45	7,20	61	43.93
45	7,20	70	71.54
45	7,20	89	53.06
45	7,20	108	54.35
45	7,20	117	33.54
45	7,20	154	48.45
45	7,20	193	33.85
45	7,20	196	56.45
45	7,20	219	31.18
45	7,20	246	54.13
45	7,20	248	30.20
45	7,20	261	34.65
45	7,20	266	33.96
45	7,20	272	63.23
45	7,20	282	33.69
45	7,20	321	34.75
45	7,20	340	37.55
45	7,20	368	39.99
45	7,20	381	44.55
45	7,20	384	56.45
45	7,20	390	37.10
45	7,20	391	55.68
45	7,20	395	34.17
45	7,20	419	32.18
45	7,20	437	35.59
45	7,20	451	35.80
45	7,20	470	34.87
45	7,20	475	29.65
45	7,20	477	52.38
45	7,20	487	59.86
45	7,20	490	32.83
45	7,20	493	33.61
45	7,20	502	48.07
45	7,20	508	50.42
45	7,20	509	32.59
45	7,20	510	63.28
45	7,20	517	32.72
45	7,20	542	48.58
45	7,20	557	31.37
45	7,20	565	30.96
45	7,20	566	33.44
45	7,20	569	33.80
45	7,20	572	34.18
45	7,20	581	33.72
45	7,20	586	31.77
45	7,20	591	32.83
45	7,20	592	32.87
45	7,20	596	33.42
45	7,20	604	33.18
45	8	72	39.28
45	8	77	45.00
45	8	96	55.65
45	8	141	50.96
45	8	152	59.76
45	8	228	59.87
45	8	233	42.31
45	8	242	22.25
45	8	257	70.17
45	8	260	66.13
45	8	268	49.45
45	8	270	81.01
45	8	298	50.28
45	8	329	53.80
45	8	330	59.04
45	8	333	48.61
45	8	389	22.38
45	8	399	57.34
45	8	420	51.83
45	8	425	55.55
45	8	525	53.87
45	8	533	62.23
45	8	536	60.82
45	8	567	71.99
45	8	587	42.35
45	8,16	141	76.73
45	8,16	242	46.90
45	8,16	298	64.14
45	8,16	333	73.59
45	8,16	389	48.23
45	8,16	536	80.44
45	8,23	141	61.00
45	8,23	298	73.79
45	8,23	333	69.08
45	8,23	389	32.92
45	9	17	44.59
45	9	111	16.93
45	9	116	39.68
45	9	118	21.83
45	9	123	23.49
45	9	129	32.87
45	9	144	53.94
45	9	221	46.55
45	9	249	58.58
45	9	251	39.27
45	9	262	55.11
45	9	275	44.59
45	9	290	49.08
45	9	320	16.93
45	9	380	50.54
45	9	445	55.21
45	9	446	49.87
45	9	466	24.25
45	9	467	36.44
45	9,19	17	58.66
45	9,19	111	32.23
45	9,19	116	54.86
45	9,19	118	34.31
45	9,19	221	60.99
45	9,19	275	60.52
45	9,19	290	64.30
45	9,19	320	32.03
45	9,19	466	35.41
45	10	3	17.13
45	10	22	16.42
45	10	69	36.11
45	10	79	44.00
45	10	86	53.15
45	10	91	32.07
45	10	92	34.61
45	10	150	31.69
45	10	153	44.51
45	10	156	27.52
45	10	230	22.23
45	10	269	39.96
45	10	288	32.27
45	10	341	16.70
45	10	371	17.92
45	10	459	18.68
45	10	469	21.48
45	10	484	14.85
45	10	575	25.66
45	10,32	3	37.07
45	10,32	22	28.63
45	10,32	69	54.07
45	10,32	91	47.48
45	10,32	92	57.49
45	10,32	269	59.21
45	10,32	341	28.10
45	10,32	371	31.20
45	10,32	459	37.99
45	10,32	484	26.14
45	10,32	575	38.46
45	11	35	24.20
45	11	37	51.11
45	11	111	20.79
45	11	123	21.28
45	11	127	19.85
45	11	129	28.41
45	11	144	50.77
45	11	166	20.25
45	11	194	36.83
45	11	218	53.48
45	11	221	54.35
45	11	247	21.62
45	11	249	56.35
45	11	251	43.70
45	11	262	46.46
45	11	275	44.55
45	11	290	38.76
45	11	316	24.93
45	11	320	16.70
45	11	339	31.68
45	11	345	28.27
45	11	376	21.97
45	11	377	40.52
45	11	380	50.32
45	11	405	25.79
45	11	407	44.41
45	11	472	35.58
45	11	478	17.75
45	11	480	46.13
45	11	488	46.44
45	11	506	17.82
45	11	512	39.38
45	11	515	20.21
45	11	516	39.90
45	11	531	25.93
45	11	537	33.35
45	11	541	18.18
45	11	558	21.77
45	11	595	16.24
45	11,33	37	67.25
45	11,33	111	37.17
45	11,33	123	39.34
45	11,33	129	54.46
45	11,33	144	68.42
45	11,33	221	70.37
45	11,33	249	73.10
45	11,33	251	61.54
45	11,33	262	65.89
45	11,33	275	61.55
45	11,33	290	68.93
45	11,33	320	32.89
45	11,33	407	61.04
45	11,33	488	63.17
45	11,33	541	34.75
45	12	1	31.00
45	12	18	21.77
45	12	30	20.77
45	12	45	36.13
45	12	57	47.04
45	12	60	48.25
45	12	68	40.25
45	12	74	37.82
45	12	76	44.14
45	12	83	35.45
45	12	107	32.08
45	12	110	50.80
45	12	183	22.10
45	12	229	62.89
45	12	240	36.17
45	12	241	38.72
45	12	250	58.66
45	12	252	43.10
45	12	258	37.01
45	12	280	35.99
45	12	299	43.38
45	12	338	50.39
45	12	350	36.10
45	12	452	34.93
45	12	530	18.86
45	13	2	14.49
45	13	10	30.59
45	13	13	48.80
45	13	26	40.72
45	13	43	12.42
45	13	44	38.89
45	13	56	12.65
45	13	63	36.59
45	13	80	18.06
45	13	104	28.20
45	13	105	22.11
45	13	114	24.82
45	13	125	16.10
45	13	138	41.85
45	13	155	16.90
45	13	179	32.63
45	13	188	27.96
45	13	205	16.38
45	13	211	18.44
45	13	215	32.34
45	13	231	16.83
45	13	237	53.68
45	13	259	42.92
45	13	263	18.37
45	13	278	13.42
45	13	286	37.76
45	13	297	13.49
45	13	301	36.30
45	13	322	13.72
45	13	342	39.51
45	13	344	18.30
45	13	347	12.46
45	13	351	44.69
45	13	352	17.37
45	13	358	17.94
45	13	378	27.35
45	13	400	41.30
45	13	410	26.17
45	13	426	14.70
45	13	428	28.55
45	13	429	25.80
45	13	433	17.99
45	13	434	17.56
45	13	442	23.31
45	13	453	21.52
45	13	454	19.77
45	13	457	22.13
45	13	462	14.97
45	13	463	15.44
45	13	481	45.77
45	13	483	33.10
45	13	496	16.86
45	13	498	12.90
45	13	503	16.18
45	13	523	37.94
45	13	524	13.08
45	13	553	17.07
45	13	579	42.31
45	13,17	10	41.56
45	13,17	43	30.10
45	13,17	44	48.66
45	13,17	56	33.54
45	13,17	80	36.39
45	13,17	104	37.52
45	13,17	114	32.63
45	13,17	125	28.93
45	13,17	138	51.55
45	13,17	155	36.23
45	13,17	179	42.20
45	13,17	188	45.68
45	13,17	205	25.96
45	13,17	211	37.96
45	13,17	263	37.83
45	13,17	278	32.97
45	13,17	297	36.51
45	13,17	301	43.94
45	13,17	344	39.48
45	13,17	347	30.68
45	13,17	352	27.69
45	13,17	358	29.35
45	13,17	378	47.52
45	13,17	410	45.08
45	13,17	426	35.30
45	13,17	428	38.86
45	13,17	429	46.77
45	13,17	434	29.00
45	13,17	442	40.59
45	13,17	453	42.72
45	13,17	454	39.00
45	13,17	457	40.66
45	13,17	462	25.61
45	13,17	463	34.51
45	13,17	481	58.86
45	13,17	496	27.75
45	13,17	498	32.45
45	13,17	503	26.45
45	13,17	523	47.87
45	13,17	524	32.63
45	13,17	553	39.01
45	13,17	579	53.92
45	13,25	2	31.04
45	13,25	43	26.28
45	13,25	44	53.48
45	13,25	56	28.94
45	13,25	80	32.42
45	13,25	104	42.51
45	13,25	105	37.44
45	13,25	114	39.65
45	13,25	125	34.18
45	13,25	138	56.45
45	13,25	155	31.92
45	13,25	179	47.32
45	13,25	188	41.99
45	13,25	205	31.30
45	13,25	211	33.96
45	13,25	231	33.01
45	13,25	263	33.85
45	13,25	278	28.70
45	13,25	297	31.18
45	13,25	301	48.73
45	13,25	322	29.55
45	13,25	344	34.80
45	13,25	347	26.72
45	13,25	352	33.69
45	13,25	358	37.03
45	13,25	378	43.17
45	13,25	400	58.42
45	13,25	410	40.87
45	13,25	426	30.61
45	13,25	429	42.14
45	13,25	434	36.06
45	13,25	442	36.89
45	13,25	453	38.00
45	13,25	457	36.70
45	13,25	462	30.90
45	13,25	463	30.17
45	13,25	496	34.48
45	13,25	498	28.18
45	13,25	523	53.30
45	13,25	524	28.37
45	13,25	553	34.06
45	13,25	579	57.07
45	13,26	2	28.93
45	13,26	10	44.11
45	13,26	43	24.69
45	13,26	44	51.85
45	13,26	56	26.89
45	13,26	80	30.76
45	13,26	104	40.90
45	13,26	105	35.68
45	13,26	114	36.51
45	13,26	125	31.58
45	13,26	138	54.77
45	13,26	155	30.03
45	13,26	179	45.58
45	13,26	188	40.49
45	13,26	205	29.51
45	13,26	211	32.25
45	13,26	231	30.94
45	13,26	263	32.17
45	13,26	278	26.85
45	13,26	297	28.73
45	13,26	301	47.55
45	13,26	322	27.56
45	13,26	344	32.66
45	13,26	347	25.06
45	13,26	352	31.66
45	13,26	358	34.45
45	13,26	378	41.24
45	13,26	400	56.11
45	13,26	410	39.06
45	13,26	426	28.48
45	13,26	429	40.03
45	13,26	433	33.04
45	13,26	434	33.68
45	13,26	442	35.38
45	13,26	453	35.87
45	13,26	454	32.86
45	13,26	457	35.03
45	13,26	462	28.80
45	13,26	463	28.27
45	13,26	481	61.17
45	13,26	496	32.17
45	13,26	498	26.32
45	13,26	503	30.86
45	13,26	523	51.42
45	13,26	524	26.51
45	13,26	553	31.75
45	13,26	579	55.37
45	14	6	34.11
45	14	11	22.73
45	14	33	20.23
45	14	36	35.56
45	14	50	21.62
45	14	54	48.10
45	14	71	19.87
45	14	87	34.27
45	14	98	21.30
45	14	102	24.45
45	14	106	46.77
45	14	135	43.15
45	14	137	19.77
45	14	158	56.46
45	14	159	28.59
45	14	171	55.17
45	14	172	48.31
45	14	178	67.44
45	14	197	21.52
45	14	208	21.30
45	14	213	44.46
45	14	216	21.46
45	14	243	36.10
45	14	254	54.37
45	14	276	19.52
45	14	283	29.99
45	14	295	19.34
45	14	304	38.87
45	14	319	29.17
45	14	346	52.65
45	14	353	50.01
45	14	356	36.72
45	14	360	42.99
45	14	365	34.69
45	14	383	22.66
45	14	386	33.28
45	14	402	35.44
45	14	408	20.65
45	14	438	19.38
45	14	479	40.86
45	14	511	25.01
45	14	519	37.82
45	14	546	32.11
45	14	548	19.70
45	14,29	11	31.77
45	14,29	33	29.55
45	14,29	50	29.01
45	14,29	71	28.66
45	14,29	87	42.56
45	14,29	106	57.44
45	14,29	135	52.56
45	14,29	137	32.32
45	14,29	159	38.13
45	14,29	208	31.80
45	14,29	276	28.52
45	14,29	283	41.65
45	14,29	295	28.07
45	14,29	319	39.10
45	14,29	346	62.73
45	14,29	356	47.04
45	14,29	360	52.04
45	14,29	365	44.73
45	14,29	386	42.83
45	14,29	408	28.83
45	14,29	438	26.96
45	14,29	519	45.82
45	14,29	546	45.37
45	14,29	548	29.48
45	14,38	33	35.97
45	14,38	36	47.25
45	14,38	87	52.42
45	14,38	98	32.59
45	14,38	102	37.03
45	14,38	106	64.48
45	14,38	135	64.49
45	14,38	137	39.49
45	14,38	159	43.06
45	14,38	172	68.86
45	14,38	197	33.38
45	14,38	208	36.15
45	14,38	216	32.93
45	14,38	243	49.90
45	14,38	283	40.25
45	14,38	319	45.17
45	14,38	346	60.87
45	14,38	356	50.66
45	14,38	360	64.32
45	14,38	383	34.15
45	14,38	402	47.45
45	14,38	519	58.14
45	14,38	548	34.75
45	14,42	11	39.83
45	14,42	33	35.86
45	14,42	36	48.69
45	14,42	50	36.44
45	14,42	71	35.13
45	14,42	87	48.80
45	14,42	98	37.21
45	14,42	102	42.06
45	14,42	106	63.44
45	14,42	135	59.56
45	14,42	137	38.54
45	14,42	159	43.80
45	14,42	172	64.25
45	14,42	197	37.59
45	14,42	208	37.97
45	14,42	216	37.54
45	14,42	243	50.82
45	14,42	276	34.92
45	14,42	283	47.14
45	14,42	295	34.56
45	14,42	319	45.72
45	14,42	346	69.11
45	14,42	356	52.96
45	14,42	360	59.39
45	14,42	365	52.97
45	14,42	383	39.15
45	14,42	386	48.59
45	14,42	402	49.82
45	14,42	408	36.92
45	14,42	438	35.38
45	14,42	519	53.70
45	14,42	546	51.87
45	14,42	548	35.35
45	15	11	13.23
45	15	33	12.76
45	15	50	12.72
45	15	54	40.24
45	15	71	12.39
45	15	87	27.10
45	15	88	36.21
45	15	106	39.83
45	15	135	34.90
45	15	137	11.66
45	15	159	21.89
45	15	171	54.06
45	15	207	15.39
45	15	208	14.14
45	15	273	10.73
45	15	276	12.07
45	15	283	26.01
45	15	295	11.83
45	15	319	21.28
45	15	324	11.56
45	15	346	45.01
45	15	353	43.32
45	15	356	29.83
45	15	360	34.38
45	15	363	11.46
45	15	365	24.96
45	15	373	20.30
45	15	382	12.83
45	15	386	26.52
45	15	401	14.14
45	15	408	11.15
45	15	412	12.97
45	15	421	11.20
45	15	430	21.06
45	15	438	9.30
45	15	465	16.68
45	15	473	14.44
45	15	479	31.34
45	15	519	28.82
45	15	529	34.51
45	15	543	9.92
45	15	545	12.21
45	15	546	29.24
45	15	548	12.96
45	15	549	10.97
45	15	555	9.25
45	15	577	13.06
45	15	578	14.21
45	15	584	8.08
45	15	602	16.23
45	15,41	33	23.51
45	15,41	87	43.42
45	15,41	106	49.75
45	15,41	135	53.69
45	15,41	137	33.15
45	15,41	159	33.54
45	15,41	208	22.70
45	15,41	273	27.96
45	15,41	283	34.18
45	15,41	319	34.30
45	15,41	346	55.75
45	15,41	356	40.06
45	15,41	360	53.17
45	15,41	363	26.00
45	15,41	365	40.49
45	15,41	382	28.76
45	15,41	401	24.76
45	15,41	412	32.58
45	15,41	421	27.18
45	15,41	430	34.68
45	15,41	465	32.15
45	15,41	519	46.87
45	15,41	529	47.41
45	15,41	548	20.90
45	15,41	555	28.97
45	15,41	577	25.92
45	15,41	578	28.00
45	15,41	584	27.80
45	15,41	602	29.17
45	16	14	44.24
45	16	20	46.48
45	16	34	42.99
45	16	78	44.62
45	16	94	51.83
45	16	140	48.69
45	16	141	48.35
45	16	161	54.15
45	16	169	33.14
45	16	209	44.59
45	16	212	19.62
45	16	214	52.56
45	16	242	19.54
45	16	257	61.38
45	16	267	35.18
45	16	268	48.39
45	16	270	77.92
45	16	294	73.01
45	16	298	36.55
45	16	333	51.42
45	16	389	17.85
45	16	399	54.77
45	16	536	53.46
45	16	567	66.69
45	16	597	18.18
45	16,23	14	69.59
45	16,23	20	69.28
45	16,23	78	67.94
45	16,23	141	63.70
45	16,23	161	75.63
45	16,23	169	51.15
45	16,23	209	62.90
45	16,23	214	75.14
45	16,23	267	59.35
45	16,23	298	50.70
45	16,23	333	79.17
45	16,23	389	42.94
45	17	10	31.20
45	17	13	48.75
45	17	25	17.85
45	17	26	44.54
45	17	41	27.86
45	17	43	19.20
45	17	44	38.30
45	17	56	21.30
45	17	63	37.69
45	17	80	26.15
45	17	104	28.01
45	17	114	22.27
45	17	125	18.00
45	17	138	41.77
45	17	155	24.89
45	17	179	32.04
45	17	181	42.27
45	17	188	33.31
45	17	205	15.79
45	17	210	39.85
45	17	211	23.06
45	17	215	39.10
45	17	237	57.58
45	17	259	50.70
45	17	263	25.17
45	17	278	21.30
45	17	286	37.18
45	17	297	23.85
45	17	301	35.63
45	17	342	40.76
45	17	344	25.72
45	17	347	18.17
45	17	351	44.51
45	17	352	16.79
45	17	358	17.31
45	17	378	34.75
45	17	410	33.89
45	17	426	23.61
45	17	427	22.30
45	17	428	28.93
45	17	429	33.23
45	17	434	16.92
45	17	442	29.79
45	17	453	30.06
45	17	454	24.69
45	17	457	27.30
45	17	462	15.24
45	17	463	23.45
45	17	481	47.18
45	17	483	40.23
45	17	496	16.31
45	17	498	20.76
45	17	503	15.63
45	17	523	37.37
45	17	524	18.65
45	17	553	26.65
45	17	579	43.58
45	17,26	10	41.37
45	17,26	43	28.42
45	17,26	44	52.58
45	17,26	56	31.90
45	17,26	80	35.32
45	17,26	104	37.28
45	17,26	114	34.20
45	17,26	125	28.86
45	17,26	138	51.66
45	17,26	155	34.76
45	17,26	179	41.90
45	17,26	188	47.08
45	17,26	205	25.66
45	17,26	211	33.86
45	17,26	263	35.97
45	17,26	278	31.37
45	17,26	297	34.77
45	17,26	301	43.65
45	17,26	344	36.49
45	17,26	347	27.63
45	17,26	352	27.51
45	17,26	358	29.24
45	17,26	378	45.35
45	17,26	410	43.59
45	17,26	426	33.77
45	17,26	429	43.89
45	17,26	434	28.86
45	17,26	442	39.03
45	17,26	453	40.77
45	17,26	454	34.55
45	17,26	457	37.20
45	17,26	462	25.42
45	17,26	463	33.04
45	17,26	481	58.72
45	17,26	496	27.61
45	17,26	498	30.83
45	17,26	503	26.32
45	17,26	523	47.62
45	17,26	524	28.72
45	17,26	553	37.45
45	17,26	579	53.59
45	17,34	41	40.97
45	17,34	43	31.52
45	17,34	44	51.32
45	17,34	56	35.75
45	17,34	80	38.96
45	17,34	104	40.79
45	17,34	114	36.75
45	17,34	125	33.92
45	17,34	138	54.80
45	17,34	155	38.17
45	17,34	179	45.11
45	17,34	188	45.86
45	17,34	205	29.04
45	17,34	211	36.99
45	17,34	263	39.07
45	17,34	278	34.87
45	17,34	301	46.82
45	17,34	344	40.34
45	17,34	347	30.85
45	17,34	352	31.30
45	17,34	358	34.24
45	17,34	378	48.80
45	17,34	410	46.92
45	17,34	426	37.62
45	17,34	429	47.69
45	17,34	434	33.37
45	17,34	442	41.89
45	17,34	453	44.66
45	17,34	454	37.93
45	17,34	457	40.30
45	17,34	462	29.31
45	17,34	463	36.45
45	17,34	481	62.87
45	17,34	496	31.93
45	17,34	498	34.34
45	17,34	523	51.01
45	17,34	524	32.23
45	17,34	553	41.62
45	18	52	41.66
45	18	85	19.75
45	18	95	42.97
45	18	97	50.39
45	18	130	42.18
45	18	144	39.79
45	18	175	43.77
45	18	217	17.83
45	18	244	26.70
45	18	281	52.18
45	18	284	48.94
45	18	289	26.42
45	18	296	44.79
45	18	303	45.01
45	18	305	44.38
45	18	318	28.13
45	18	334	40.65
45	18	336	50.65
45	18	340	23.89
45	18	376	21.08
45	18	388	45.62
45	18	435	43.65
45	18	460	54.37
45	18	513	23.45
45	18	516	47.04
45	18	565	18.96
45	18,24	52	59.25
45	18,24	95	62.79
45	18,24	97	68.73
45	18,24	284	63.38
45	18,24	289	47.39
45	18,24	296	66.13
45	18,24	318	49.10
45	18,24	334	55.83
45	18,24	340	47.56
45	18,24	435	59.99
45	18,24	565	37.79
45	19	17	48.62
45	19	39	43.79
45	19	84	25.18
45	19	111	24.41
45	19	116	47.38
45	19	118	23.35
45	19	170	54.55
45	19	221	51.24
45	19	265	41.37
45	19	275	50.13
45	19	290	53.96
45	19	320	24.72
45	19	431	54.38
45	19	445	58.86
45	19	446	48.48
45	19	466	25.18
45	19	467	44.80
45	20	5	18.55
45	20	8	24.39
45	20	24	40.14
45	20	32	52.38
45	20	49	64.97
45	20	51	18.44
45	20	61	31.28
45	20	70	58.27
45	20	89	38.37
45	20	97	52.25
45	20	103	55.21
45	20	108	41.14
45	20	117	19.96
45	20	154	36.79
45	20	162	22.66
45	20	175	53.65
45	20	176	44.65
45	20	180	26.86
45	20	193	18.93
45	20	196	44.41
45	20	219	18.56
45	20	227	35.48
45	20	246	39.79
45	20	248	18.08
45	20	261	20.27
45	20	266	22.59
45	20	272	48.01
45	20	282	19.44
45	20	284	49.23
45	20	296	45.17
45	20	300	40.86
45	20	321	20.77
45	20	340	22.56
45	20	364	22.38
45	20	368	24.30
45	20	381	31.17
45	20	384	34.89
45	20	385	43.34
45	20	390	23.93
45	20	391	41.62
45	20	395	20.85
45	20	419	18.45
45	20	435	42.07
45	20	437	20.96
45	20	439	24.27
45	20	451	21.90
45	20	470	19.82
45	20	475	21.23
45	20	477	36.92
45	20	487	43.62
45	20	490	18.92
45	20	493	19.51
45	20	494	23.07
45	20	502	33.58
45	20	507	28.62
45	20	508	32.90
45	20	509	18.25
45	20	510	51.89
45	20	517	18.76
45	20	542	29.86
45	20	550	21.30
45	20	557	22.86
45	20	559	47.30
45	20	561	23.00
45	20	565	18.18
45	20	566	20.99
45	20	568	21.65
45	20	569	19.87
45	20	570	21.32
45	20	572	20.30
45	20	573	42.89
45	20	574	21.83
45	20	581	19.96
45	20	585	22.18
45	20	586	23.37
45	20	591	18.90
45	20	592	18.96
45	20	596	19.65
45	20	604	19.35
45	20,37	5	34.42
45	20,37	8	40.38
45	20,37	24	55.52
45	20,37	32	67.24
45	20,37	51	34.80
45	20,37	89	53.85
45	20,37	97	67.75
45	20,37	117	35.90
45	20,37	162	39.18
45	20,37	176	60.56
45	20,37	180	45.82
45	20,37	193	35.92
45	20,37	219	33.44
45	20,37	248	32.30
45	20,37	261	36.80
45	20,37	266	38.58
45	20,37	282	35.80
45	20,37	284	65.03
45	20,37	296	54.52
45	20,37	321	37.00
45	20,37	340	41.00
45	20,37	364	40.28
45	20,37	368	44.15
45	20,37	384	56.13
45	20,37	391	56.85
45	20,37	419	34.41
45	20,37	435	57.51
45	20,37	437	38.10
45	20,37	439	41.10
45	20,37	470	37.04
45	20,37	477	53.37
45	20,37	487	61.06
45	20,37	490	35.07
45	20,37	493	35.66
45	20,37	494	39.85
45	20,37	507	48.89
45	20,37	508	49.73
45	20,37	509	34.41
45	20,37	510	67.37
45	20,37	517	34.92
45	20,37	542	48.44
45	20,37	550	39.20
45	20,37	559	69.55
45	20,37	561	39.77
45	20,37	565	32.94
45	20,37	566	37.14
45	20,37	568	39.55
45	20,37	569	36.03
45	20,37	570	39.23
45	20,37	572	36.45
45	20,37	574	37.99
45	20,37	581	36.11
45	20,37	585	38.34
45	20,37	591	35.06
45	20,37	592	35.11
45	20,37	596	35.80
45	20,37	604	35.51
45	21	4	28.21
45	21	19	46.62
45	21	40	11.69
45	21	53	9.82
45	21	64	12.59
45	21	77	34.39
45	21	79	44.37
45	21	90	35.35
45	21	96	46.94
45	21	101	14.24
45	21	109	21.79
45	21	121	31.66
45	21	122	14.48
45	21	131	14.49
45	21	134	27.07
45	21	141	44.14
45	21	145	15.99
45	21	152	51.00
45	21	153	43.56
45	21	165	13.63
45	21	168	24.72
45	21	182	12.41
45	21	186	17.72
45	21	203	15.44
45	21	228	50.80
45	21	232	44.27
45	21	242	12.70
45	21	245	20.23
45	21	257	60.25
45	21	260	56.27
45	21	268	41.44
45	21	270	70.24
45	21	308	42.44
45	21	310	14.49
45	21	317	58.52
45	21	326	14.21
45	21	327	13.21
45	21	328	33.35
45	21	329	38.96
45	21	330	52.65
45	21	331	12.76
45	21	333	49.15
45	21	359	14.42
45	21	366	14.28
45	21	370	13.03
45	21	372	27.31
45	21	375	22.76
45	21	389	13.65
45	21	399	49.66
45	21	404	14.61
45	21	409	28.41
45	21	411	14.93
45	21	413	14.35
45	21	420	42.55
45	21	422	25.87
45	21	424	11.83
45	21	425	45.80
45	21	436	45.54
45	21	448	10.58
45	21	456	12.56
45	21	468	27.01
45	21	474	22.75
45	21	476	17.10
45	21	485	55.20
45	21	492	13.51
45	21	499	17.96
45	21	500	58.93
45	21	504	15.89
45	21	521	10.08
45	21	525	47.48
45	21	533	52.06
45	21	536	52.42
45	21	547	12.94
45	21	567	61.48
45	21	587	29.79
45	22	6	36.76
45	22	33	18.18
45	22	36	24.01
45	22	54	40.58
45	22	98	17.38
45	22	100	24.62
45	22	102	20.01
45	22	106	42.97
45	22	135	43.59
45	22	136	40.62
45	22	137	24.13
45	22	142	50.52
45	22	146	40.39
45	22	158	53.49
45	22	171	66.52
45	22	172	39.69
45	22	178	71.25
45	22	197	17.92
45	22	208	19.38
45	22	213	31.79
45	22	243	34.49
45	22	254	52.97
45	22	256	49.08
45	22	264	45.94
45	22	276	21.01
45	22	283	29.31
45	22	304	39.59
45	22	307	38.62
45	22	311	22.06
45	22	319	28.82
45	22	346	49.48
45	22	349	29.35
45	22	353	46.86
45	22	356	32.37
45	22	360	45.69
45	22	383	18.34
45	22	386	33.44
45	22	402	26.31
45	22	479	44.41
45	22	519	41.49
45	22	534	48.21
45	22	546	41.21
45	22	548	18.48
45	22,43	33	34.97
45	22,43	36	38.31
45	22,43	100	42.28
45	22,43	106	60.77
45	22,43	135	61.20
45	22,43	137	44.30
45	22,43	276	37.49
45	22,43	283	45.23
45	22,43	319	46.58
45	22,43	346	67.14
45	22,43	356	49.75
45	22,43	386	49.77
45	22,43	519	58.48
45	22,43	546	58.97
45	23	14	50.58
45	23	20	52.24
45	23	34	44.37
45	23	78	46.66
45	23	94	57.34
45	23	140	51.69
45	23	141	48.10
45	23	161	48.24
45	23	169	32.99
45	23	209	48.62
45	23	214	50.61
45	23	228	58.08
45	23	257	65.51
45	23	267	39.01
45	23	268	51.70
45	23	270	83.27
45	23	294	77.23
45	23	298	42.92
45	23	333	53.07
45	23	389	20.25
45	23	399	56.94
45	23	567	69.63
45	24	51	22.80
45	24	52	38.11
45	24	89	38.87
45	24	95	41.23
45	24	97	48.86
45	24	163	33.44
45	24	175	47.25
45	24	219	19.96
45	24	227	38.30
45	24	235	37.82
45	24	248	18.93
45	24	261	20.77
45	24	284	50.38
45	24	287	18.73
45	24	289	27.68
45	24	296	44.99
45	24	315	18.94
45	24	318	26.38
45	24	334	43.20
45	24	336	44.06
45	24	340	23.41
45	24	381	25.21
45	24	384	35.30
45	24	391	34.11
45	24	416	17.61
45	24	419	21.28
45	24	435	40.35
45	24	437	23.03
45	24	487	35.42
45	24	510	47.65
45	24	565	18.07
45	24,28	52	46.76
45	24,28	89	47.28
45	24,28	95	54.69
45	24,28	97	57.73
45	24,28	163	41.62
45	24,28	227	46.69
45	24,28	261	30.25
45	24,28	284	61.23
45	24,28	287	27.63
45	24,28	289	36.52
45	24,28	296	54.07
45	24,28	318	35.15
45	24,28	334	56.72
45	24,28	381	33.48
45	24,28	384	44.86
45	24,28	391	44.93
45	24,28	416	26.18
45	24,28	419	29.77
45	24,28	487	44.68
45	24,28	565	26.72
45	25	2	17.38
45	25	13	50.39
45	25	26	43.46
45	25	43	12.42
45	25	44	41.14
45	25	56	14.07
45	25	80	21.03
45	25	104	31.18
45	25	105	22.85
45	25	114	27.54
45	25	125	21.23
45	25	138	42.96
45	25	155	18.38
45	25	179	34.62
45	25	188	29.83
45	25	205	19.72
45	25	211	20.69
45	25	215	33.86
45	25	231	19.52
45	25	237	55.69
45	25	259	43.32
45	25	263	18.90
45	25	278	13.68
45	25	286	39.89
45	25	297	15.92
45	25	301	38.31
45	25	322	16.17
45	25	342	40.85
45	25	344	21.08
45	25	347	14.77
45	25	351	46.06
45	25	352	20.80
45	25	358	22.99
45	25	378	28.14
45	25	400	41.17
45	25	410	26.30
45	25	426	15.99
45	25	429	26.77
45	25	434	22.13
45	25	442	23.46
45	25	453	25.18
45	25	457	24.34
45	25	462	18.90
45	25	463	16.99
45	25	483	33.42
45	25	496	21.23
45	25	498	12.94
45	25	523	41.08
45	25	524	16.56
45	25	553	19.14
45	25	579	45.51
45	25,26	2	28.34
45	25,26	43	21.83
45	25,26	44	51.31
45	25,26	56	24.86
45	25,26	80	30.85
45	25,26	104	41.13
45	25,26	105	33.45
45	25,26	114	37.94
45	25,26	125	32.51
45	25,26	138	52.99
45	25,26	155	28.41
45	25,26	179	44.63
45	25,26	188	39.73
45	25,26	205	29.75
45	25,26	211	31.65
45	25,26	231	30.20
45	25,26	263	29.86
45	25,26	278	23.93
45	25,26	297	27.21
45	25,26	301	47.34
45	25,26	322	26.66
45	25,26	344	32.10
45	25,26	347	24.41
45	25,26	352	31.70
45	25,26	358	35.35
45	25,26	378	38.89
45	25,26	400	58.45
45	25,26	410	36.17
45	25,26	426	26.37
45	25,26	429	37.65
45	25,26	434	34.39
45	25,26	442	32.89
45	25,26	453	36.13
45	25,26	457	34.41
45	25,26	462	29.30
45	25,26	463	26.72
45	25,26	496	32.82
45	25,26	498	23.20
45	25,26	523	51.51
45	25,26	524	26.82
45	25,26	553	30.24
45	25,26	579	55.69
45	25,35	2	26.99
45	25,35	43	20.75
45	25,35	44	50.20
45	25,35	56	23.55
45	25,35	80	30.10
45	25,35	104	40.01
45	25,35	105	32.28
45	25,35	114	39.80
45	25,35	125	30.89
45	25,35	138	51.86
45	25,35	155	27.17
45	25,35	179	43.46
45	25,35	188	38.66
45	25,35	205	28.58
45	25,35	211	30.51
45	25,35	231	28.89
45	25,35	263	28.72
45	25,35	278	22.70
45	25,35	297	25.70
45	25,35	301	46.42
45	25,35	322	25.37
45	25,35	344	30.72
45	25,35	347	23.27
45	25,35	352	30.41
45	25,35	358	33.76
45	25,35	378	37.63
45	25,35	400	55.06
45	25,35	410	34.96
45	25,35	426	25.03
45	25,35	429	36.32
45	25,35	434	32.90
45	25,35	442	31.83
45	25,35	453	34.77
45	25,35	457	33.28
45	25,35	462	27.96
45	25,35	463	25.46
45	25,35	496	31.38
45	25,35	498	21.97
45	25,35	523	50.28
45	25,35	524	25.59
45	25,35	553	28.82
45	25,35	579	54.54
45	26	2	15.14
45	26	10	33.13
45	26	13	51.03
45	26	26	41.99
45	26	43	14.42
45	26	44	40.56
45	26	56	14.90
45	26	63	38.18
45	26	80	20.03
45	26	104	29.85
45	26	105	24.72
45	26	114	25.89
45	26	125	18.83
45	26	138	43.92
45	26	155	19.10
45	26	179	34.42
45	26	188	28.31
45	26	205	18.20
45	26	211	19.30
45	26	215	36.11
45	26	231	17.99
45	26	237	54.55
45	26	259	45.44
45	26	263	20.99
45	26	278	15.92
45	26	286	39.73
45	26	297	17.56
45	26	301	37.51
45	26	322	14.32
45	26	342	42.08
45	26	344	19.37
45	26	347	12.72
45	26	351	46.66
45	26	352	19.42
45	26	358	20.62
45	26	378	30.06
45	26	400	43.87
45	26	410	28.49
45	26	426	18.24
45	26	429	28.87
45	26	433	19.79
45	26	434	20.00
45	26	442	25.30
45	26	453	24.14
45	26	454	20.89
45	26	457	22.65
45	26	462	17.10
45	26	463	17.59
45	26	481	48.08
45	26	483	35.18
45	26	496	19.20
45	26	498	15.18
45	26	503	18.51
45	26	523	39.85
45	26	524	14.38
45	26	553	20.30
45	26	579	44.07
45	26,35	2	30.99
45	26,35	10	50.77
45	26,35	43	26.21
45	26,35	44	57.00
45	26,35	56	28.79
45	26,35	80	33.25
45	26,35	104	46.00
45	26,35	105	38.24
45	26,35	114	39.83
45	26,35	125	35.13
45	26,35	138	56.27
45	26,35	155	31.99
45	26,35	179	51.07
45	26,35	188	44.08
45	26,35	205	32.13
45	26,35	211	34.39
45	26,35	231	33.48
45	26,35	263	34.10
45	26,35	278	28.80
45	26,35	297	31.35
45	26,35	301	51.39
45	26,35	322	29.51
45	26,35	344	35.27
45	26,35	347	26.44
45	26,35	352	34.65
45	26,35	358	38.11
45	26,35	378	43.96
45	26,35	400	53.06
45	26,35	410	41.06
45	26,35	426	31.00
45	26,35	429	43.10
45	26,35	433	36.48
45	26,35	434	36.93
45	26,35	442	37.10
45	26,35	453	37.94
45	26,35	454	35.34
45	26,35	457	36.79
45	26,35	462	31.44
45	26,35	463	30.04
45	26,35	481	68.17
45	26,35	496	35.28
45	26,35	498	28.15
45	26,35	503	33.92
45	26,35	523	57.24
45	26,35	524	28.38
45	26,35	553	34.06
45	26,35	579	60.77
45	27	7	38.34
45	27	12	21.76
45	27	55	47.61
45	27	62	32.24
45	27	73	19.61
45	27	82	47.38
45	27	112	21.32
45	27	113	20.04
45	27	128	19.25
45	27	148	52.80
45	27	192	18.96
45	27	225	46.38
45	27	238	37.07
45	27	255	33.80
45	27	271	18.72
45	27	274	16.85
45	27	308	54.79
45	27	309	24.07
45	27	354	21.42
45	27	362	18.03
45	27	369	49.68
45	27	436	58.80
45	27	497	19.13
45	27	500	59.07
45	27	520	45.03
45	27	528	57.94
45	27	556	34.72
45	27	593	19.63
45	27,30	7	47.62
45	27,30	12	30.80
45	27,30	55	55.39
45	27,30	73	28.56
45	27,30	112	30.17
45	27,30	113	28.90
45	27,30	128	27.85
45	27,30	192	27.55
45	27,30	238	45.92
45	27,30	255	42.90
45	27,30	271	27.28
45	27,30	274	25.18
45	27,30	309	33.08
45	27,30	354	30.59
45	27,30	362	26.39
45	27,30	497	27.72
45	27,30	520	53.51
45	27,30	556	43.48
45	27,30	593	28.59
45	28	5	16.83
45	28	24	39.63
45	28	28	36.42
45	28	52	34.28
45	28	66	18.83
45	28	67	30.48
45	28	75	31.04
45	28	89	35.37
45	28	95	36.94
45	28	97	46.58
45	28	120	47.55
45	28	157	13.76
45	28	162	12.69
45	28	163	29.80
45	28	175	42.77
45	28	176	41.34
45	28	206	10.75
45	28	227	34.15
45	28	261	17.10
45	28	282	17.06
45	28	284	44.46
45	28	287	14.86
45	28	289	24.20
45	28	296	41.28
45	28	318	21.32
45	28	321	16.49
45	28	334	39.14
45	28	336	45.51
45	28	357	17.86
45	28	374	24.61
45	28	376	15.92
45	28	381	22.37
45	28	384	31.04
45	28	391	33.23
45	28	416	14.83
45	28	419	17.28
45	28	439	11.97
45	28	460	49.27
45	28	461	18.62
45	28	470	18.20
45	28	477	34.27
45	28	487	30.45
45	28	490	17.04
45	28	493	16.14
45	28	494	14.37
45	28	508	29.41
45	28	509	16.45
45	28	532	36.69
45	28	551	16.80
45	28	558	16.75
45	28	565	15.18
45	28	566	14.17
45	28	569	16.69
45	28	572	15.89
45	28	581	15.20
45	28	583	14.65
45	28	585	17.08
45	28	589	19.01
45	28	591	17.04
45	28	592	16.99
45	28	596	16.85
45	28	599	16.90
45	28	600	14.94
45	28	603	30.87
45	28	604	16.72
45	29	11	24.61
45	29	33	22.54
45	29	50	22.08
45	29	54	49.51
45	29	71	21.31
45	29	87	35.52
45	29	106	49.59
45	29	135	45.06
45	29	137	22.27
45	29	159	30.83
45	29	171	56.08
45	29	207	27.52
45	29	208	24.25
45	29	276	21.15
45	29	283	32.07
45	29	295	20.77
45	29	319	31.62
45	29	346	55.24
45	29	353	52.23
45	29	356	39.45
45	29	360	44.54
45	29	365	36.62
45	29	386	35.30
45	29	408	21.14
45	29	438	19.82
45	29	479	41.31
45	29	519	38.30
45	29	546	37.89
45	29	548	22.44
45	29,38	33	37.03
45	29,38	87	48.77
45	29,38	106	66.93
45	29,38	135	60.37
45	29,38	137	40.14
45	29,38	159	44.82
45	29,38	208	39.83
45	29,38	283	42.56
45	29,38	319	47.08
45	29,38	346	63.48
45	29,38	356	57.79
45	29,38	360	59.85
45	29,38	519	53.00
45	29,38	548	36.90
45	29,41	33	34.59
45	29,41	87	48.83
45	29,41	106	59.94
45	29,41	135	59.90
45	29,41	137	41.85
45	29,41	159	42.93
45	29,41	208	32.79
45	29,41	283	43.30
45	29,41	319	45.08
45	29,41	346	66.42
45	29,41	356	50.14
45	29,41	360	61.83
45	29,41	365	52.61
45	29,41	519	55.46
45	29,41	548	30.37
45	29,42	11	42.13
45	29,42	33	38.52
45	29,42	50	37.21
45	29,42	71	36.86
45	29,42	87	50.34
45	29,42	106	66.59
45	29,42	135	61.83
45	29,42	137	41.62
45	29,42	159	46.35
45	29,42	208	41.28
45	29,42	276	36.87
45	29,42	283	49.89
45	29,42	295	36.30
45	29,42	319	48.55
45	29,42	346	72.08
45	29,42	356	56.04
45	29,42	360	61.31
45	29,42	365	55.35
45	29,42	386	50.92
45	29,42	408	37.77
45	29,42	438	36.18
45	29,42	519	54.51
45	29,42	546	54.17
45	29,42	548	38.42
45	30	7	35.87
45	30	12	19.04
45	30	42	24.32
45	30	48	16.89
45	30	55	41.97
45	30	73	16.82
45	30	81	14.85
45	30	82	45.06
45	30	112	18.41
45	30	113	18.82
45	30	119	43.28
45	30	124	50.32
45	30	126	19.08
45	30	128	16.56
45	30	133	33.70
45	30	139	39.45
45	30	147	39.93
45	30	148	49.93
45	30	167	40.06
45	30	177	32.58
45	30	185	32.41
45	30	190	33.25
45	30	192	17.99
45	30	199	34.38
45	30	202	23.28
45	30	204	17.46
45	30	220	18.73
45	30	238	35.61
45	30	255	31.23
45	30	271	17.45
45	30	274	15.68
45	30	291	41.10
45	30	309	21.35
45	30	337	22.10
45	30	354	17.70
45	30	362	14.62
45	30	393	27.59
45	30	396	31.92
45	30	406	36.82
45	30	417	18.80
45	30	418	19.56
45	30	422	26.44
45	30	440	39.76
45	30	441	17.37
45	30	443	19.10
45	30	455	21.62
45	30	458	29.39
45	30	497	18.15
45	30	505	26.87
45	30	520	41.72
45	30	528	55.35
45	30	552	21.44
45	30	556	32.25
45	30	562	16.66
45	30	593	16.86
45	30	601	19.08
45	31	8	27.46
45	31	32	57.90
45	31	47	44.82
45	31	51	28.68
45	31	61	37.93
45	31	89	49.97
45	31	103	61.42
45	31	108	50.08
45	31	154	42.49
45	31	180	29.62
45	31	191	54.83
45	31	196	50.11
45	31	219	26.85
45	31	236	52.31
45	31	246	41.42
45	31	248	25.59
45	31	253	45.17
45	31	261	30.66
45	31	266	25.73
45	31	272	59.99
45	31	284	51.32
45	31	315	26.28
45	31	340	31.24
45	31	384	50.32
45	31	385	50.55
45	31	391	51.51
45	31	394	58.65
45	31	419	29.18
45	31	435	52.24
45	31	437	30.27
45	31	475	29.61
45	31	487	54.41
45	31	510	54.89
45	31	560	50.06
45	31	565	26.04
45	32	3	20.13
45	32	19	50.17
45	32	22	16.85
45	32	69	40.31
45	32	77	53.45
45	32	79	46.72
45	32	86	51.25
45	32	91	33.89
45	32	92	42.18
45	32	115	47.01
45	32	145	21.45
45	32	149	33.75
45	32	152	58.90
45	32	153	46.31
45	32	184	33.99
45	32	195	42.27
45	32	200	25.44
45	32	232	53.89
45	32	239	19.13
45	32	269	44.03
45	32	310	20.97
45	32	313	32.80
45	32	317	70.15
45	32	326	18.73
45	32	330	60.04
45	32	341	17.15
45	32	371	18.27
45	32	420	44.92
45	32	436	48.85
45	32	459	23.34
45	32	474	32.99
45	32	476	24.54
45	32	484	14.89
45	32	500	62.10
45	32	525	48.89
45	32	526	20.76
45	32	575	26.06
45	33	27	47.46
45	33	37	57.68
45	33	111	26.86
45	33	123	28.51
45	33	129	31.86
45	33	144	58.69
45	33	173	54.70
45	33	221	60.68
45	33	249	64.04
45	33	251	50.55
45	33	262	56.70
45	33	275	50.87
45	33	290	55.23
45	33	320	22.58
45	33	380	56.46
45	33	407	52.21
45	33	445	63.35
45	33	488	52.82
45	33	516	47.77
45	33	541	26.06
45	34	2	15.25
45	34	13	53.04
45	34	26	41.14
45	34	29	16.20
45	34	41	31.80
45	34	43	16.92
45	34	44	42.54
45	34	56	18.15
45	34	63	38.62
45	34	80	23.04
45	34	104	31.79
45	34	114	28.17
45	34	125	22.06
45	34	138	37.54
45	34	155	22.07
45	34	179	36.54
45	34	188	30.58
45	34	205	20.35
45	34	211	17.80
45	34	215	30.63
45	34	231	16.62
45	34	237	53.15
45	34	259	48.11
45	34	263	23.54
45	34	278	18.85
45	34	301	34.20
45	34	322	17.35
45	34	332	37.58
45	34	344	19.62
45	34	347	13.80
45	34	351	48.46
45	34	352	21.87
45	34	358	23.80
45	34	378	32.83
45	34	400	46.62
45	34	410	31.37
45	34	426	21.49
45	34	429	31.94
45	34	433	18.69
45	34	434	22.89
45	34	442	27.58
45	34	453	28.00
45	34	454	19.48
45	34	457	21.45
45	34	462	19.59
45	34	463	20.69
45	34	471	19.69
45	34	481	49.87
45	34	483	37.72
45	34	496	21.97
45	34	498	18.10
45	34	522	19.37
45	34	523	42.07
45	34	524	14.75
45	34	553	24.28
45	34	590	18.80
45	34,36	2	32.51
45	34,36	29	28.28
45	34,36	41	41.49
45	34,36	80	37.90
45	34,36	114	39.32
45	34,36	138	55.58
45	34,36	155	37.07
45	34,36	211	32.75
45	34,36	231	33.17
45	34,36	301	48.24
45	34,36	332	51.76
45	34,36	344	37.32
45	34,36	347	28.42
45	34,36	358	38.59
45	34,36	433	34.13
45	34,36	434	37.31
45	34,36	442	40.87
45	34,36	454	33.61
45	34,36	462	31.83
45	34,36	463	35.32
45	34,36	471	32.39
45	34,36	496	35.52
45	34,36	522	32.92
45	34,36	523	53.28
45	34,36	524	30.54
45	34,36	590	31.27
45	35	2	15.86
45	35	10	32.82
45	35	13	50.77
45	35	26	42.75
45	35	43	13.14
45	35	44	40.82
45	35	56	13.55
45	35	63	38.45
45	35	80	20.21
45	35	104	30.07
45	35	105	23.68
45	35	114	30.69
45	35	125	18.37
45	35	138	42.75
45	35	155	17.82
45	35	179	34.66
45	35	188	28.76
45	35	205	18.11
45	35	211	19.86
45	35	215	34.41
45	35	231	18.79
45	35	237	55.01
45	35	259	44.11
45	35	263	19.34
45	35	278	14.46
45	35	286	39.96
45	35	297	14.92
45	35	301	35.97
45	35	322	14.89
45	35	342	41.30
45	35	344	20.04
45	35	347	13.24
45	35	351	46.51
45	35	352	19.35
45	35	358	20.35
45	35	378	29.00
45	35	400	33.23
45	35	410	27.13
45	35	426	16.07
45	35	428	30.15
45	35	429	27.73
45	35	433	20.52
45	35	434	19.66
45	35	442	24.14
45	35	453	22.42
45	35	454	21.66
45	35	457	23.20
45	35	462	16.58
45	35	463	16.15
45	35	481	48.24
45	35	483	34.04
45	35	496	18.86
45	35	498	13.82
45	35	503	18.14
45	35	523	40.07
45	35	524	14.04
45	35	553	18.14
45	35	579	44.31
45	36	2	18.45
45	36	13	49.66
45	36	21	45.65
45	36	26	39.93
45	36	29	15.24
45	36	41	28.06
45	36	63	34.44
45	36	80	24.79
45	36	114	25.07
45	36	138	42.23
45	36	143	46.51
45	36	155	23.42
45	36	160	28.51
45	36	211	18.49
45	36	215	38.61
45	36	231	18.45
45	36	237	53.52
45	36	259	49.25
45	36	277	20.65
45	36	301	36.82
45	36	332	37.46
45	36	344	22.31
45	36	347	16.10
45	36	351	45.07
45	36	358	21.18
45	36	433	18.27
45	36	434	20.42
45	36	442	28.48
45	36	454	20.01
45	36	462	17.37
45	36	463	21.97
45	36	471	17.01
45	36	483	38.85
45	36	496	19.48
45	36	514	19.97
45	36	522	17.54
45	36	523	39.30
45	36	524	16.65
45	36	563	19.08
45	36	576	21.82
45	36	590	17.34
45	36,39	2	28.30
45	36,39	29	23.68
45	36,39	41	37.55
45	36,39	80	34.01
45	36,39	114	31.44
45	36,39	138	51.66
45	36,39	155	32.90
45	36,39	211	28.20
45	36,39	231	28.03
45	36,39	301	44.97
45	36,39	332	47.87
45	36,39	344	32.21
45	36,39	347	24.45
45	36,39	358	32.68
45	36,39	433	28.46
45	36,39	434	31.73
45	36,39	442	37.18
45	36,39	454	28.83
45	36,39	462	26.65
45	36,39	463	31.14
45	36,39	471	26.96
45	36,39	496	30.04
45	36,39	522	27.48
45	36,39	523	49.14
45	36,39	524	25.69
45	36,39	576	30.99
45	36,39	590	26.38
45	37	5	17.85
45	37	8	22.51
45	37	24	40.59
45	37	32	50.99
45	37	51	20.48
45	37	52	39.03
45	37	75	36.38
45	37	89	40.42
45	37	97	48.68
45	37	103	50.75
45	37	117	17.85
45	37	157	19.92
45	37	162	19.10
45	37	175	48.39
45	37	176	41.18
45	37	180	23.83
45	37	193	19.61
45	37	206	19.21
45	37	217	18.80
45	37	219	16.44
45	37	248	15.92
45	37	261	18.24
45	37	266	19.72
45	37	282	18.15
45	37	284	47.41
45	37	289	27.14
45	37	296	30.65
45	37	300	42.76
45	37	321	17.24
45	37	340	18.89
45	37	348	18.68
45	37	364	18.72
45	37	368	20.35
45	37	384	37.24
45	37	385	40.44
45	37	388	45.86
45	37	391	39.68
45	37	419	18.39
45	37	423	39.77
45	37	435	43.34
45	37	437	18.89
45	37	439	21.68
45	37	461	24.04
45	37	470	19.28
45	37	477	34.11
45	37	487	40.15
45	37	490	18.14
45	37	493	17.87
45	37	494	18.56
45	37	507	26.69
45	37	508	29.25
45	37	509	18.58
45	37	510	48.34
45	37	517	18.27
45	37	532	46.20
45	37	542	32.77
45	37	550	19.52
45	37	551	21.23
45	37	559	41.66
45	37	561	19.80
45	37	565	16.15
45	37	566	19.44
45	37	568	19.80
45	37	569	17.87
45	37	570	19.55
45	37	571	31.37
45	37	572	17.07
45	37	573	45.44
45	37	574	18.76
45	37	581	18.80
45	37	585	16.93
45	37	591	18.14
45	37	592	18.08
45	37	596	17.93
45	37	599	20.82
45	37	603	36.44
45	37	604	17.90
45	38	6	35.96
45	38	16	20.77
45	38	31	28.44
45	38	33	17.54
45	38	36	31.39
45	38	46	18.14
45	38	65	17.99
45	38	87	33.54
45	38	98	14.08
45	38	99	25.92
45	38	102	16.03
45	38	106	40.25
45	38	135	42.86
45	38	137	22.82
45	38	158	52.92
45	38	159	26.90
45	38	164	17.39
45	38	171	63.82
45	38	172	46.52
45	38	178	68.08
45	38	189	15.79
45	38	197	14.55
45	38	208	16.51
45	38	213	45.72
45	38	216	14.25
45	38	223	42.06
45	38	224	48.48
45	38	234	16.94
45	38	243	33.04
45	38	254	52.15
45	38	273	22.04
45	38	283	25.87
45	38	292	15.96
45	38	293	20.72
45	38	302	16.97
45	38	304	39.17
45	38	319	27.89
45	38	335	19.18
45	38	346	36.30
45	38	353	48.32
45	38	356	31.69
45	38	360	44.79
45	38	361	17.61
45	38	363	20.92
45	38	382	23.65
45	38	383	14.58
45	38	398	61.15
45	38	401	19.37
45	38	402	36.87
45	38	412	25.24
45	38	414	20.65
45	38	421	20.85
45	38	430	25.86
45	38	447	30.69
45	38	450	26.28
45	38	465	26.72
45	38	479	43.30
45	38	482	16.58
45	38	486	47.86
45	38	489	28.08
45	38	519	40.31
45	38	527	25.90
45	38	529	41.14
45	38	535	16.76
45	38	538	21.30
45	38	539	20.46
45	38	540	39.00
45	38	548	16.44
45	38	555	21.30
45	38	564	20.92
45	38	577	20.06
45	38	598	47.51
45	38	602	22.94
45	38,40	16	36.94
45	38,40	31	45.01
45	38,40	33	32.49
45	38,40	36	49.01
45	38,40	46	32.65
45	38,40	65	32.49
45	38,40	87	48.42
45	38,40	98	28.99
45	38,40	99	42.68
45	38,40	102	32.10
45	38,40	106	57.65
45	38,40	135	60.13
45	38,40	137	38.17
45	38,40	159	42.61
45	38,40	164	32.52
45	38,40	172	63.18
45	38,40	189	31.14
45	38,40	197	30.01
45	38,40	208	32.30
45	38,40	216	29.24
45	38,40	234	32.68
45	38,40	243	48.10
45	38,40	273	38.20
45	38,40	283	35.06
45	38,40	292	31.73
45	38,40	293	36.41
45	38,40	302	31.35
45	38,40	319	45.32
45	38,40	335	34.15
45	38,40	346	54.83
45	38,40	356	48.63
45	38,40	360	62.06
45	38,40	361	34.20
45	38,40	363	36.72
45	38,40	382	40.37
45	38,40	383	30.00
45	38,40	401	35.18
45	38,40	402	51.70
45	38,40	412	42.59
45	38,40	414	35.59
45	38,40	421	36.68
45	38,40	430	42.73
45	38,40	447	47.63
45	38,40	450	43.54
45	38,40	465	44.61
45	38,40	482	33.28
45	38,40	489	43.96
45	38,40	519	56.86
45	38,40	527	44.34
45	38,40	529	59.34
45	38,40	535	32.52
45	38,40	538	37.06
45	38,40	539	36.23
45	38,40	540	57.35
45	38,40	548	31.42
45	38,40	555	37.06
45	38,40	564	36.68
45	38,40	577	35.82
45	38,40	598	65.79
45	38,40	602	38.70
45	38,42	33	35.66
45	38,42	36	55.72
45	38,42	87	48.93
45	38,42	98	35.41
45	38,42	102	40.06
45	38,42	106	70.44
45	38,42	135	59.63
45	38,42	137	38.01
45	38,42	159	43.99
45	38,42	172	64.35
45	38,42	197	36.28
45	38,42	208	37.76
45	38,42	216	35.76
45	38,42	243	59.38
45	38,42	283	43.75
45	38,42	319	45.35
45	38,42	346	67.03
45	38,42	356	61.28
45	38,42	360	59.13
45	38,42	383	37.14
45	38,42	402	48.66
45	38,42	519	53.83
45	38,42	548	35.06
45	39	2	12.92
45	39	13	48.66
45	39	21	37.79
45	39	26	37.56
45	39	29	12.34
45	39	41	29.69
45	39	43	14.72
45	39	44	40.52
45	39	63	36.62
45	39	80	17.08
45	39	104	29.49
45	39	114	21.73
45	39	125	18.44
45	39	138	33.25
45	39	155	19.75
45	39	179	34.48
45	39	205	17.63
45	39	211	14.61
45	39	215	35.90
45	39	231	13.63
45	39	237	50.13
45	39	259	46.00
45	39	263	21.34
45	39	278	16.54
45	39	301	35.59
45	39	322	15.06
45	39	332	34.32
45	39	344	17.34
45	39	347	11.30
45	39	351	44.04
45	39	352	19.04
45	39	358	20.41
45	39	378	31.06
45	39	400	43.69
45	39	410	29.07
45	39	429	30.31
45	39	433	13.80
45	39	434	19.56
45	39	442	25.48
45	39	453	24.68
45	39	454	16.10
45	39	457	19.34
45	39	462	16.30
45	39	463	18.24
45	39	471	15.93
45	39	481	46.76
45	39	483	35.55
45	39	496	18.69
45	39	498	15.80
45	39	522	14.69
45	39	523	39.92
45	39	524	11.56
45	39	553	21.32
45	39	576	19.49
45	39	590	14.65
45	40	6	34.20
45	40	16	18.62
45	40	31	26.66
45	40	33	15.76
45	40	36	29.58
45	40	46	16.54
45	40	65	16.51
45	40	87	32.04
45	40	98	13.00
45	40	99	24.15
45	40	102	14.56
45	40	106	38.49
45	40	135	41.03
45	40	137	20.99
45	40	158	52.38
45	40	159	25.30
45	40	164	15.65
45	40	171	61.93
45	40	172	44.76
45	40	178	66.06
45	40	189	14.42
45	40	197	13.35
45	40	208	14.94
45	40	213	44.35
45	40	216	13.17
45	40	223	40.06
45	40	224	46.63
45	40	234	15.24
45	40	243	31.54
45	40	254	50.30
45	40	273	19.97
45	40	283	23.46
45	40	292	14.56
45	40	293	19.00
45	40	302	15.49
45	40	304	37.69
45	40	319	26.00
45	40	335	17.51
45	40	346	41.75
45	40	353	46.73
45	40	356	29.96
45	40	360	42.96
45	40	361	15.76
45	40	363	18.93
45	40	382	21.34
45	40	383	13.34
45	40	398	59.49
45	40	401	17.32
45	40	402	35.38
45	40	412	22.76
45	40	414	18.94
45	40	421	18.82
45	40	430	24.37
45	40	447	28.86
45	40	450	24.73
45	40	465	23.72
45	40	479	41.58
45	40	482	14.83
45	40	486	46.14
45	40	489	26.46
45	40	519	38.59
45	40	527	22.92
45	40	529	39.14
45	40	535	15.03
45	40	538	19.55
45	40	539	18.46
45	40	540	37.15
45	40	548	14.80
45	40	555	19.30
45	40	564	18.92
45	40	577	18.06
45	40	598	45.51
45	40	602	20.94
45	41	6	34.85
45	41	16	21.34
45	41	31	29.87
45	41	33	17.23
45	41	36	28.30
45	41	46	17.59
45	41	54	48.10
45	41	65	19.34
45	41	87	33.15
45	41	98	16.42
45	41	102	18.55
45	41	106	41.69
45	41	135	41.75
45	41	137	21.00
45	41	158	55.32
45	41	159	26.39
45	41	164	18.80
45	41	171	62.18
45	41	172	46.52
45	41	178	67.04
45	41	187	37.00
45	41	189	17.70
45	41	197	16.45
45	41	208	15.66
45	41	213	45.13
45	41	216	16.59
45	41	224	45.77
45	41	234	16.80
45	41	243	32.52
45	41	254	51.17
45	41	273	19.62
45	41	283	27.18
45	41	292	18.61
45	41	302	18.31
45	41	304	38.51
45	41	319	26.72
45	41	335	18.61
45	41	346	48.14
45	41	353	47.83
45	41	356	32.34
45	41	360	43.68
45	41	361	19.69
45	41	363	18.25
45	41	365	32.04
45	41	379	22.07
45	41	382	20.30
45	41	383	17.23
45	41	398	58.31
45	41	401	17.77
45	41	402	28.66
45	41	412	22.97
45	41	414	22.06
45	41	421	19.46
45	41	430	25.10
45	41	450	24.38
45	41	465	23.37
45	41	479	41.83
45	41	482	19.69
45	41	486	49.27
45	41	489	29.46
45	41	511	24.76
45	41	518	18.62
45	41	519	38.04
45	41	527	27.73
45	41	529	39.68
45	41	535	16.58
45	41	538	23.06
45	41	539	19.10
45	41	540	40.65
45	41	544	21.14
45	41	548	14.39
45	41	555	19.37
45	41	564	21.52
45	41	577	18.23
45	41	578	20.31
45	41	584	20.04
45	41	588	20.89
45	41	602	21.48
45	42	6	39.42
45	42	11	29.20
45	42	33	25.87
45	42	36	39.41
45	42	50	26.69
45	42	54	53.52
45	42	71	25.21
45	42	87	39.65
45	42	98	26.96
45	42	102	30.90
45	42	106	52.73
45	42	135	49.23
45	42	137	25.03
45	42	158	62.35
45	42	159	34.25
45	42	171	70.62
45	42	172	54.24
45	42	178	73.94
45	42	197	27.34
45	42	208	27.08
45	42	213	49.07
45	42	216	27.14
45	42	243	41.61
45	42	254	60.03
45	42	276	24.76
45	42	283	30.00
45	42	295	24.56
45	42	304	44.17
45	42	319	34.89
45	42	346	58.80
45	42	353	55.65
45	42	356	42.65
45	42	360	48.72
45	42	365	41.42
45	42	383	28.83
45	42	386	38.73
45	42	402	39.28
45	42	408	26.32
45	42	438	24.92
45	42	479	45.68
45	42	519	39.21
45	42	546	33.66
45	42	548	25.13
45	43	6	36.87
45	43	15	27.38
45	43	33	23.85
45	43	36	34.54
45	43	54	46.17
45	43	58	26.85
45	43	87	35.97
45	43	100	24.38
45	43	106	53.17
45	43	135	44.58
45	43	137	27.48
45	43	158	61.92
45	43	171	72.52
45	43	276	20.97
45	43	283	38.25
45	43	304	40.37
45	43	314	25.61
45	43	319	32.96
45	43	346	60.10
45	43	353	53.62
45	43	356	42.01
45	43	386	35.31
45	43	438	25.77
45	43	519	43.96
45	43	534	48.21
45	43	546	51.85
45	43	594	30.37
