Task=7 Orders=46 Vehicles=427 Scores=2020
7	1	21	38.23
7	1	25	23.00
7	1	26	19.90
7	1	61	37.23
7	1	65	53.89
7	1	152	53.66
7	1	163	56.08
7	1	173	37.45
7	1	208	38.01
7	1	221	30.90
7	1	248	35.38
7	1	369	22.37
7	1,7	21	51.13
7	1,7	25	36.32
7	1,7	208	49.48
7	1,7	369	34.04
7	1,12	21	50.34
7	1,12	25	40.13
7	1,12	61	53.92
7	1,12	173	52.13
7	1,12	208	54.24
7	1,12	221	44.59
7	1,12	248	46.34
7	1,12	369	39.99
7	2	57	38.66
7	2	103	40.85
7	2	135	41.99
7	2	181	32.82
7	2	190	44.93
7	2	193	54.63
7	2	194	55.49
7	2	218	34.66
7	2	234	47.89
7	2	268	53.69
7	2	272	79.92
7	2	303	53.34
7	2	305	60.56
7	2	318	36.44
7	2	319	52.03
7	2	322	50.13
7	2,14	57	54.00
7	2,14	103	55.48
7	2,14	135	57.70
7	2,14	181	47.87
7	2,14	190	60.93
7	2,14	194	71.46
7	2,14	218	51.49
7	2,14	268	69.38
7	2,14	272	98.55
7	2,14	303	68.97
7	2,14	305	76.59
7	2,14	318	52.41
7	2,14	319	67.85
7	2,14	322	65.94
7	2,39	218	58.52
7	3	12	33.73
7	3	14	54.92
7	3	17	39.72
7	3	60	49.94
7	3	62	55.97
7	3	64	23.99
7	3	71	27.41
7	3	73	22.30
7	3	91	27.35
7	3	93	38.70
7	3	95	34.08
7	3	97	57.31
7	3	105	24.92
7	3	121	54.55
7	3	147	43.03
7	3	148	24.13
7	3	160	44.93
7	3	178	26.77
7	3	188	55.93
7	3	214	19.93
7	3	220	56.07
7	3	224	41.94
7	3	225	62.28
7	3	237	24.00
7	3	241	26.65
7	3	252	53.23
7	3	262	49.18
7	3	292	20.49
7	3	296	47.39
7	3	330	23.77
7	3	331	54.56
7	3	383	22.42
7	3	395	52.92
7	3,6	14	73.20
7	3,6	60	62.18
7	3,6	71	41.80
7	3,6	91	40.89
7	3,6	105	37.79
7	3,6	148	36.44
7	3,6	178	40.39
7	3,6	241	39.51
7	3,6	330	35.76
7	3,6	383	34.31
7	3,27	14	66.82
7	3,27	17	52.56
7	3,27	60	62.18
7	3,27	71	41.73
7	3,27	73	34.25
7	3,27	91	40.82
7	3,27	93	54.55
7	3,27	95	45.77
7	3,27	105	37.77
7	3,27	147	56.61
7	3,27	148	36.44
7	3,27	178	40.32
7	3,27	214	32.85
7	3,27	220	69.58
7	3,27	224	54.07
7	3,27	241	39.44
7	3,27	292	32.65
7	3,27	296	58.99
7	3,27	330	35.77
7	3,27	383	34.30
7	3,36	12	50.86
7	3,36	17	51.01
7	3,36	64	31.51
7	3,36	93	54.61
7	3,36	95	48.92
7	3,36	147	58.94
7	3,36	160	57.65
7	3,36	214	34.18
7	3,36	220	68.04
7	3,36	224	56.96
7	3,36	237	32.15
7	3,36	252	63.77
7	3,36	262	62.94
7	3,36	292	32.03
7	3,36	395	65.38
7	3,46	12	44.79
7	3,46	17	44.63
7	3,46	60	65.73
7	3,46	64	32.65
7	3,46	93	50.32
7	3,46	95	45.13
7	3,46	147	54.04
7	3,46	214	32.25
7	3,46	220	74.93
7	3,46	224	52.63
7	3,46	237	32.56
7	3,46	252	69.01
7	3,46	262	64.32
7	3,46	292	32.03
7	3,46	296	58.35
7	3,46	395	68.65
7	4	5	27.49
7	4	19	18.06
7	4	31	14.87
7	4	34	15.85
7	4	35	31.86
7	4	36	15.27
7	4	41	36.63
7	4	50	33.00
7	4	66	14.42
7	4	80	42.76
7	4	88	15.44
7	4	106	40.54
7	4	117	15.79
7	4	120	50.59
7	4	122	51.13
7	4	139	17.35
7	4	158	29.03
7	4	167	14.51
7	4	172	15.82
7	4	177	41.01
7	4	201	15.92
7	4	202	16.58
7	4	204	16.99
7	4	231	37.41
7	4	239	39.61
7	4	244	14.90
7	4	254	25.08
7	4	257	23.31
7	4	284	30.23
7	4	297	31.44
7	4	298	13.77
7	4	301	12.35
7	4	327	12.65
7	4	328	13.96
7	4	381	27.79
7	4	396	13.24
7	4	409	43.06
7	4	414	17.92
7	4	419	22.80
7	4,20	5	35.08
7	4,20	19	26.06
7	4,20	31	22.51
7	4,20	34	23.89
7	4,20	35	40.15
7	4,20	36	23.23
7	4,20	41	44.55
7	4,20	66	22.13
7	4,20	88	23.41
7	4,20	117	23.30
7	4,20	139	25.58
7	4,20	167	22.14
7	4,20	172	23.34
7	4,20	177	48.94
7	4,20	201	24.37
7	4,20	202	24.35
7	4,20	204	24.63
7	4,20	244	23.04
7	4,20	254	37.01
7	4,20	257	31.18
7	4,20	284	37.68
7	4,20	297	38.93
7	4,20	298	21.92
7	4,20	301	19.96
7	4,20	327	20.94
7	4,20	328	21.75
7	4,20	381	35.72
7	4,20	396	21.03
7	4,20	409	51.03
7	4,20	414	25.82
7	4,20	419	30.93
7	4,30	5	39.15
7	4,30	19	30.32
7	4,30	31	23.87
7	4,30	34	28.20
7	4,30	35	44.82
7	4,30	36	24.59
7	4,30	41	49.46
7	4,30	66	23.51
7	4,30	88	27.44
7	4,30	117	27.11
7	4,30	139	29.66
7	4,30	167	23.56
7	4,30	172	27.82
7	4,30	177	53.31
7	4,30	201	26.49
7	4,30	202	28.42
7	4,30	204	28.83
7	4,30	244	24.66
7	4,30	254	37.86
7	4,30	257	35.01
7	4,30	284	41.96
7	4,30	297	42.83
7	4,30	298	23.65
7	4,30	301	21.35
7	4,30	327	22.65
7	4,30	328	23.06
7	4,30	381	40.08
7	4,30	396	22.55
7	4,30	409	55.37
7	4,30	414	30.18
7	4,30	419	35.10
7	4,38	5	42.58
7	4,38	19	33.79
7	4,38	31	24.72
7	4,38	34	31.73
7	4,38	35	42.62
7	4,38	36	25.42
7	4,38	41	47.14
7	4,38	66	24.35
7	4,38	88	30.77
7	4,38	117	30.30
7	4,38	139	33.13
7	4,38	158	43.92
7	4,38	167	24.41
7	4,38	172	31.46
7	4,38	177	51.28
7	4,38	201	27.37
7	4,38	202	31.87
7	4,38	204	32.30
7	4,38	239	53.39
7	4,38	244	25.49
7	4,38	254	41.82
7	4,38	257	38.30
7	4,38	284	40.00
7	4,38	297	46.14
7	4,38	298	24.48
7	4,38	301	22.17
7	4,38	327	23.48
7	4,38	328	23.90
7	4,38	381	38.07
7	4,38	396	23.38
7	4,38	409	53.38
7	4,38	414	33.83
7	4,38	419	38.75
7	5	1	46.08
7	5	6	56.46
7	5	7	58.85
7	5	24	25.25
7	5	28	36.37
7	5	30	54.72
7	5	32	35.15
7	5	33	27.31
7	5	39	35.06
7	5	40	14.52
7	5	48	17.32
7	5	56	31.62
7	5	68	28.30
7	5	69	43.10
7	5	77	23.49
7	5	82	43.32
7	5	96	24.96
7	5	115	58.49
7	5	127	21.23
7	5	137	35.51
7	5	149	49.54
7	5	155	48.97
7	5	162	30.96
7	5	170	43.62
7	5	209	30.35
7	5	211	34.68
7	5	233	47.58
7	5	242	49.59
7	5	259	30.10
7	5	278	45.94
7	5	288	55.37
7	5	299	51.73
7	5	302	28.25
7	5	307	49.39
7	5	314	30.77
7	5	352	28.83
7	5	361	35.11
7	5	364	21.08
7	5	397	45.41
7	5,9	1	63.56
7	5,9	24	37.58
7	5,9	32	55.41
7	5,9	33	41.92
7	5,9	39	55.14
7	5,9	40	33.10
7	5,9	48	35.15
7	5,9	56	48.23
7	5,9	82	56.30
7	5,9	137	56.52
7	5,9	170	61.61
7	5,9	233	64.83
7	5,9	259	48.18
7	5,9	278	59.06
7	5,9	302	48.30
7	5,9	314	43.01
7	5,9	352	47.87
7	5,9	361	54.70
7	5,9	364	35.90
7	5,25	1	60.56
7	5,25	24	44.17
7	5,25	32	51.15
7	5,25	33	40.76
7	5,25	39	51.34
7	5,25	40	31.08
7	5,25	48	34.83
7	5,25	56	47.03
7	5,25	68	44.35
7	5,25	77	40.80
7	5,25	82	57.59
7	5,25	96	40.77
7	5,25	127	37.56
7	5,25	137	52.68
7	5,25	149	65.13
7	5,25	162	45.20
7	5,25	170	66.56
7	5,25	209	53.54
7	5,25	211	51.93
7	5,25	233	63.65
7	5,25	259	46.56
7	5,25	278	61.77
7	5,25	302	44.45
7	5,25	307	65.82
7	5,25	314	45.94
7	5,25	352	43.03
7	5,25	361	51.45
7	5,25	364	36.90
7	5,26	1	53.54
7	5,26	33	34.25
7	5,26	39	43.97
7	5,26	40	23.48
7	5,26	48	27.07
7	5,26	56	38.46
7	5,26	68	37.52
7	5,26	77	31.17
7	5,26	82	51.03
7	5,26	96	31.37
7	5,26	127	30.52
7	5,26	137	45.01
7	5,26	149	58.01
7	5,26	162	37.27
7	5,26	170	70.06
7	5,26	233	55.13
7	5,26	259	39.21
7	5,26	278	53.63
7	5,26	302	36.69
7	5,26	307	58.10
7	5,26	314	39.08
7	5,26	352	35.61
7	5,26	361	44.10
7	5,45	1	63.76
7	5,45	33	44.90
7	5,45	96	41.55
7	5,45	302	50.34
7	5,45	352	52.62
7	6	4	19.45
7	6	10	42.92
7	6	11	19.66
7	6	14	45.45
7	6	22	18.86
7	6	53	43.34
7	6	60	43.68
7	6	71	18.35
7	6	75	18.59
7	6	90	18.62
7	6	91	20.69
7	6	100	22.65
7	6	102	18.00
7	6	105	18.83
7	6	108	22.61
7	6	111	50.32
7	6	114	21.99
7	6	116	47.35
7	6	123	16.52
7	6	129	22.13
7	6	134	21.18
7	6	140	17.04
7	6	148	16.03
7	6	153	23.03
7	6	161	49.76
7	6	164	24.97
7	6	169	16.65
7	6	178	18.79
7	6	179	18.46
7	6	195	18.45
7	6	198	46.96
7	6	206	44.08
7	6	217	33.76
7	6	222	32.32
7	6	223	23.72
7	6	229	54.23
7	6	230	53.85
7	6	235	21.37
7	6	236	41.85
7	6	238	32.94
7	6	240	21.11
7	6	241	20.72
7	6	251	35.28
7	6	253	28.99
7	6	255	39.01
7	6	261	18.34
7	6	269	48.38
7	6	270	26.56
7	6	276	42.66
7	6	283	43.87
7	6	285	21.06
7	6	287	32.03
7	6	289	19.59
7	6	294	36.54
7	6	317	22.68
7	6	320	17.01
7	6	321	34.82
7	6	329	58.23
7	6	330	20.15
7	6	331	54.96
7	6	337	20.01
7	6	340	14.93
7	6	342	44.18
7	6	350	48.03
7	6	351	15.69
7	6	368	29.79
7	6	383	16.61
7	6	392	48.07
7	6	401	48.03
7	6	404	25.72
7	6	407	20.31
7	6	413	19.96
7	6	415	19.46
7	6	423	28.68
7	6	427	18.24
7	6,13	4	33.73
7	6,13	10	53.15
7	6,13	11	32.87
7	6,13	14	60.15
7	6,13	22	33.04
7	6,13	60	54.23
7	6,13	71	33.15
7	6,13	75	33.04
7	6,13	90	34.52
7	6,13	91	34.89
7	6,13	100	37.93
7	6,13	102	31.23
7	6,13	105	32.27
7	6,13	114	37.62
7	6,13	123	29.73
7	6,13	129	34.62
7	6,13	134	37.39
7	6,13	140	30.75
7	6,13	148	28.63
7	6,13	153	36.56
7	6,13	164	38.65
7	6,13	169	30.49
7	6,13	178	33.08
7	6,13	179	31.04
7	6,13	198	58.39
7	6,13	206	54.23
7	6,13	217	44.44
7	6,13	222	43.10
7	6,13	223	37.59
7	6,13	229	70.39
7	6,13	235	36.61
7	6,13	236	51.49
7	6,13	238	43.68
7	6,13	240	33.08
7	6,13	241	34.18
7	6,13	251	47.13
7	6,13	253	34.68
7	6,13	255	50.14
7	6,13	261	31.39
7	6,13	270	37.83
7	6,13	276	53.55
7	6,13	285	36.17
7	6,13	287	43.13
7	6,13	289	34.25
7	6,13	294	46.92
7	6,13	317	35.65
7	6,13	320	32.52
7	6,13	321	45.51
7	6,13	330	32.63
7	6,13	337	34.59
7	6,13	340	29.45
7	6,13	351	30.21
7	6,13	368	40.59
7	6,13	383	28.97
7	6,13	392	60.23
7	6,13	404	36.86
7	6,13	407	34.61
7	6,13	413	34.48
7	6,13	415	32.93
7	6,13	423	33.87
7	6,13	427	32.01
7	6,27	14	73.90
7	6,27	60	71.03
7	6,27	71	50.94
7	6,27	91	40.18
7	6,27	105	48.04
7	6,27	148	44.32
7	6,27	164	54.24
7	6,27	178	39.52
7	6,27	206	69.85
7	6,27	241	38.90
7	6,27	330	34.38
7	6,27	383	43.38
7	7	21	35.63
7	7	25	20.59
7	7	43	34.41
7	7	65	45.32
7	7	86	14.32
7	7	208	33.20
7	7	258	18.93
7	7	310	21.28
7	7	336	27.58
7	7	345	25.63
7	7	369	17.00
7	7	424	25.11
7	7,32	21	45.61
7	7,32	25	30.70
7	7,32	208	43.46
7	7,32	258	32.69
7	7,32	310	34.55
7	7,32	369	27.76
7	7,32	424	36.24
7	8	103	34.77
7	8	135	42.38
7	8	175	45.00
7	8	183	25.11
7	8	194	60.44
7	8	197	25.35
7	8	272	76.01
7	8	274	45.00
7	8	303	40.69
7	8	305	60.06
7	8	306	43.04
7	8	318	39.94
7	8	319	51.77
7	8	322	50.58
7	8	335	60.68
7	8,40	305	82.24
7	8,40	319	71.17
7	9	1	50.62
7	9	6	55.97
7	9	24	23.15
7	9	28	35.32
7	9	32	41.45
7	9	33	29.85
7	9	39	40.85
7	9	40	20.21
7	9	47	54.65
7	9	48	21.44
7	9	54	43.73
7	9	56	34.68
7	9	69	50.20
7	9	82	43.63
7	9	85	36.96
7	9	115	55.59
7	9	137	41.48
7	9	155	45.51
7	9	170	38.20
7	9	233	50.38
7	9	259	33.86
7	9	277	21.70
7	9	278	45.13
7	9	288	54.68
7	9	302	34.23
7	9	309	40.77
7	9	314	29.66
7	9	326	21.18
7	9	352	33.94
7	9	361	40.35
7	9	364	23.15
7	9	384	39.52
7	9	397	43.25
7	9,25	1	64.41
7	9,25	24	35.72
7	9,25	32	56.39
7	9,25	33	44.01
7	9,25	39	56.34
7	9,25	40	35.66
7	9,25	48	40.27
7	9,25	56	51.72
7	9,25	82	55.83
7	9,25	137	58.18
7	9,25	170	69.55
7	9,25	233	67.69
7	9,25	259	51.62
7	9,25	278	58.42
7	9,25	302	49.28
7	9,25	314	40.66
7	9,25	352	45.86
7	9,25	361	56.51
7	9,25	364	41.58
7	9,25	384	55.51
7	10	8	53.54
7	10	20	49.59
7	10	21	31.31
7	10	25	24.80
7	10	26	15.68
7	10	38	18.07
7	10	61	33.72
7	10	65	54.85
7	10	92	36.80
7	10	104	23.66
7	10	112	48.66
7	10	145	43.24
7	10	152	52.58
7	10	157	18.14
7	10	163	49.94
7	10	173	38.20
7	10	192	53.21
7	10	208	34.68
7	10	215	15.83
7	10	221	26.10
7	10	248	32.20
7	10	256	44.54
7	10	260	21.68
7	10	267	19.93
7	10	295	41.37
7	10	310	21.72
7	10	316	18.31
7	10	324	38.92
7	10	355	31.94
7	10	371	40.48
7	10	377	16.01
7	10	382	43.80
7	10	390	41.01
7	10	422	20.30
7	10	424	23.41
7	10	425	19.35
7	10,12	8	74.79
7	10,12	21	46.03
7	10,12	25	37.61
7	10,12	61	53.06
7	10,12	92	59.45
7	10,12	173	49.30
7	10,12	208	53.44
7	10,12	221	37.14
7	10,12	248	43.49
7	11	1	50.17
7	11	6	56.92
7	11	28	36.49
7	11	33	29.93
7	11	40	20.14
7	11	47	53.51
7	11	82	44.04
7	11	146	73.25
7	11	155	47.42
7	11	170	52.85
7	11	288	52.73
7	11	302	33.96
7	11	314	30.99
7	11	352	34.24
7	11	397	42.17
7	11,44	82	57.06
7	11,44	170	68.15
7	11,44	314	44.77
7	12	8	56.93
7	12	21	36.34
7	12	25	26.28
7	12	61	38.99
7	12	65	55.35
7	12	92	42.69
7	12	163	50.70
7	12	173	37.69
7	12	208	39.72
7	12	221	25.27
7	12	248	31.08
7	12	369	20.03
7	13	4	16.61
7	13	10	40.04
7	13	11	16.83
7	13	14	43.00
7	13	22	15.87
7	13	53	40.37
7	13	60	41.61
7	13	71	14.77
7	13	73	16.42
7	13	75	15.27
7	13	90	15.49
7	13	91	17.32
7	13	100	18.93
7	13	102	15.06
7	13	105	15.83
7	13	111	48.42
7	13	114	18.00
7	13	116	45.20
7	13	123	13.13
7	13	129	19.14
7	13	134	17.37
7	13	140	14.82
7	13	148	12.83
7	13	153	19.25
7	13	161	47.41
7	13	164	25.65
7	13	169	14.13
7	13	178	15.44
7	13	179	15.48
7	13	198	44.56
7	13	206	42.08
7	13	217	29.46
7	13	222	29.59
7	13	223	19.11
7	13	229	45.63
7	13	230	50.76
7	13	235	17.93
7	13	236	40.10
7	13	238	30.77
7	13	240	18.48
7	13	241	17.55
7	13	251	33.21
7	13	253	22.69
7	13	255	36.07
7	13	261	16.11
7	13	269	46.41
7	13	270	23.23
7	13	276	40.73
7	13	283	40.44
7	13	285	18.13
7	13	287	28.86
7	13	289	15.70
7	13	294	34.73
7	13	317	20.23
7	13	320	14.93
7	13	321	33.03
7	13	329	55.41
7	13	330	17.38
7	13	331	44.87
7	13	337	16.31
7	13	340	13.01
7	13	342	42.23
7	13	350	44.87
7	13	351	13.80
7	13	357	32.45
7	13	368	27.56
7	13	380	17.70
7	13	383	13.83
7	13	389	42.54
7	13	392	45.58
7	13	401	45.83
7	13	404	23.73
7	13	407	18.00
7	13	413	17.99
7	13	415	16.32
7	13	423	20.34
7	13	427	16.01
7	14	57	39.79
7	14	103	41.92
7	14	135	43.25
7	14	181	33.93
7	14	190	46.24
7	14	193	55.72
7	14	194	56.76
7	14	218	36.18
7	14	234	49.06
7	14	268	54.94
7	14	272	81.83
7	14	303	54.49
7	14	305	61.93
7	14	318	37.77
7	14	319	53.21
7	14	322	51.39
7	14,39	218	59.11
7	15	3	19.10
7	15	52	25.11
7	15	57	35.38
7	15	72	18.41
7	15	99	15.96
7	15	103	36.68
7	15	107	35.55
7	15	110	23.59
7	15	130	27.23
7	15	131	15.48
7	15	135	37.76
7	15	181	29.62
7	15	186	52.79
7	15	190	39.30
7	15	193	52.25
7	15	194	51.52
7	15	197	26.85
7	15	216	35.01
7	15	234	41.68
7	15	243	17.55
7	15	247	20.96
7	15	268	49.83
7	15	272	71.42
7	15	300	53.06
7	15	303	48.41
7	15	305	54.41
7	15	311	18.37
7	15	318	32.24
7	15	319	46.97
7	15	322	46.20
7	15	325	45.23
7	15	335	57.58
7	15	346	61.20
7	15	354	44.96
7	15	358	18.42
7	15	360	16.65
7	15	367	32.86
7	15	394	16.89
7	15	400	28.93
7	15	402	18.37
7	15	403	25.14
7	15	410	14.93
7	15	412	15.31
7	15	417	22.46
7	15	426	16.72
7	15,40	305	71.15
7	15,40	319	61.69
7	16	338	29.70
7	16	353	26.41
7	16,21	338	48.04
7	16,21	353	45.11
7	17	16	11.69
7	17	31	15.00
7	17	34	10.80
7	17	36	15.45
7	17	66	12.92
7	17	80	41.83
7	17	88	15.61
7	17	167	10.54
7	17	172	9.83
7	17	201	17.04
7	17	212	11.35
7	17	244	15.13
7	17	257	18.66
7	17	273	49.82
7	17	284	29.52
7	17	297	30.28
7	17	298	14.52
7	17	315	15.13
7	17	327	15.99
7	17	328	11.01
7	17	373	12.18
7	17	374	22.42
7	17	381	29.42
7	17	396	13.93
7	17	414	13.03
7	17	419	25.34
7	17,30	16	26.23
7	17,30	31	23.48
7	17,30	34	24.63
7	17,30	36	24.23
7	17,30	66	22.06
7	17,30	88	24.44
7	17,30	167	22.46
7	17,30	172	24.08
7	17,30	201	26.58
7	17,30	244	24.17
7	17,30	257	31.25
7	17,30	284	37.66
7	17,30	297	38.46
7	17,30	298	22.83
7	17,30	327	24.03
7	17,30	328	21.90
7	17,30	374	36.56
7	17,30	381	38.44
7	17,30	396	22.62
7	17,30	414	26.04
7	17,30	419	33.59
7	17,38	31	24.08
7	17,38	34	25.75
7	17,38	36	24.85
7	17,38	66	23.62
7	17,38	88	25.03
7	17,38	167	23.72
7	17,38	172	25.41
7	17,38	201	27.44
7	17,38	244	24.89
7	17,38	257	32.89
7	17,38	284	39.48
7	17,38	297	40.08
7	17,38	298	23.63
7	17,38	327	23.45
7	17,38	328	23.00
7	17,38	374	38.46
7	17,38	381	38.63
7	17,38	396	22.92
7	17,38	414	27.90
7	17,38	419	33.73
7	18	5	21.34
7	18	15	37.49
7	18	19	11.30
7	18	31	10.73
7	18	35	32.10
7	18	36	10.82
7	18	41	29.62
7	18	50	36.56
7	18	83	14.49
7	18	88	10.99
7	18	117	8.56
7	18	120	51.54
7	18	139	21.20
7	18	158	23.32
7	18	167	15.37
7	18	176	16.63
7	18	177	36.70
7	18	201	16.58
7	18	204	12.00
7	18	231	40.77
7	18	239	36.54
7	18	244	13.75
7	18	254	32.61
7	18	257	24.79
7	18	284	32.38
7	18	297	33.37
7	18	298	15.83
7	18	301	15.37
7	18	327	17.11
7	18	328	15.01
7	18	381	17.49
7	18	396	14.66
7	18	409	35.15
7	18	419	27.11
7	18	421	31.21
7	18,28	15	48.59
7	18,28	19	26.08
7	18,28	31	25.49
7	18,28	36	25.93
7	18,28	83	26.32
7	18,28	88	26.04
7	18,28	117	23.30
7	18,28	158	37.54
7	18,28	176	28.08
7	18,28	201	33.48
7	18,28	204	24.93
7	18,28	239	46.20
7	18,28	244	29.21
7	18,28	284	44.83
7	18,28	298	31.28
7	18,28	301	28.46
7	18,28	327	32.15
7	18,28	381	33.87
7	18,28	396	29.24
7	18,28	409	48.15
7	19	13	40.20
7	19	18	27.34
7	19	45	32.44
7	19	46	54.77
7	19	78	26.35
7	19	87	36.87
7	19	98	29.83
7	19	141	63.03
7	19	174	45.49
7	19	184	52.15
7	19	191	32.48
7	19	199	39.23
7	19	209	31.34
7	19	227	59.25
7	19	249	68.45
7	19	250	57.01
7	19	304	63.87
7	19	323	39.01
7	19	347	66.59
7	19	398	56.25
7	19,29	13	57.41
7	19,29	18	47.04
7	19,29	45	53.13
7	19,29	78	45.92
7	19,29	87	54.01
7	19,29	98	47.99
7	19,29	141	82.54
7	19,29	184	69.46
7	19,29	191	50.28
7	19,29	199	58.49
7	19,29	209	50.49
7	19,29	323	56.97
7	19,29	347	83.69
7	19,29	398	74.37
7	20	5	27.79
7	20	16	15.90
7	20	19	17.10
7	20	31	13.30
7	20	34	13.85
7	20	35	29.68
7	20	36	13.75
7	20	41	35.79
7	20	50	33.20
7	20	66	11.77
7	20	80	41.77
7	20	88	13.96
7	20	106	41.23
7	20	117	14.59
7	20	122	51.24
7	20	139	17.23
7	20	167	12.15
7	20	172	13.68
7	20	177	39.35
7	20	201	13.93
7	20	202	17.06
7	20	204	17.83
7	20	231	37.15
7	20	244	12.96
7	20	254	26.14
7	20	257	21.07
7	20	273	48.20
7	20	284	26.46
7	20	297	28.58
7	20	298	11.37
7	20	301	12.92
7	20	327	12.45
7	20	328	11.66
7	20	374	25.45
7	20	381	27.72
7	20	396	11.96
7	20	409	42.35
7	20	414	15.35
7	20	419	22.87
7	20,30	5	41.06
7	20,30	16	29.28
7	20,30	19	30.99
7	20,30	31	26.41
7	20,30	34	27.06
7	20,30	35	44.49
7	20,30	36	27.21
7	20,30	41	50.59
7	20,30	66	24.77
7	20,30	88	27.18
7	20,30	117	27.35
7	20,30	139	31.14
7	20,30	167	25.41
7	20,30	172	26.63
7	20,30	177	48.80
7	20,30	201	28.65
7	20,30	202	30.52
7	20,30	204	31.28
7	20,30	244	26.42
7	20,30	254	35.68
7	20,30	257	34.28
7	20,30	284	39.89
7	20,30	297	41.49
7	20,30	298	25.07
7	20,30	301	26.03
7	20,30	327	26.04
7	20,30	328	24.89
7	20,30	374	39.49
7	20,30	381	41.75
7	20,30	396	25.34
7	20,30	409	56.39
7	20,30	414	29.35
7	20,30	419	36.90
7	20,38	5	36.90
7	20,38	19	26.72
7	20,38	31	22.79
7	20,38	34	24.28
7	20,38	35	40.61
7	20,38	36	23.52
7	20,38	41	45.24
7	20,38	66	22.31
7	20,38	88	23.75
7	20,38	117	23.85
7	20,38	139	27.07
7	20,38	167	22.32
7	20,38	172	23.83
7	20,38	177	48.69
7	20,38	201	24.85
7	20,38	202	26.35
7	20,38	204	26.69
7	20,38	244	23.14
7	20,38	254	36.06
7	20,38	257	31.66
7	20,38	284	43.49
7	20,38	297	38.82
7	20,38	298	21.72
7	20,38	301	21.35
7	20,38	327	21.61
7	20,38	328	21.79
7	20,38	374	36.92
7	20,38	381	37.08
7	20,38	396	21.35
7	20,38	409	51.70
7	20,38	414	26.34
7	20,38	419	32.54
7	21	338	30.35
7	21	353	25.34
7	22	13	34.44
7	22	39	35.63
7	22	45	30.65
7	22	46	49.69
7	22	68	32.17
7	22	77	31.23
7	22	115	60.72
7	22	127	22.63
7	22	137	33.79
7	22	141	56.44
7	22	142	55.63
7	22	149	48.69
7	22	154	29.08
7	22	162	35.52
7	22	184	48.92
7	22	191	29.25
7	22	209	31.56
7	22	211	34.28
7	22	227	58.27
7	22	233	51.28
7	22	245	50.04
7	22	249	61.99
7	22	250	53.73
7	22	259	34.48
7	22	264	40.31
7	22	275	36.31
7	22	278	52.44
7	22	299	50.31
7	22	304	46.42
7	22	307	45.54
7	22	343	46.17
7	22	347	60.66
7	22	364	23.79
7	22	387	22.04
7	22	393	36.37
7	22	398	50.10
7	22,29	13	60.94
7	22,29	45	54.92
7	22,29	141	85.37
7	22,29	184	71.34
7	22,29	191	51.96
7	22,29	209	53.46
7	22,29	347	88.93
7	22,29	398	78.37
7	23	14	50.00
7	23	17	26.66
7	23	49	22.76
7	23	53	41.76
7	23	55	23.11
7	23	60	46.90
7	23	62	50.94
7	23	71	20.77
7	23	73	17.06
7	23	89	17.20
7	23	91	21.52
7	23	93	48.56
7	23	95	29.97
7	23	97	51.70
7	23	100	23.35
7	23	102	20.56
7	23	105	19.21
7	23	114	25.21
7	23	123	18.87
7	23	125	35.56
7	23	134	21.42
7	23	147	36.96
7	23	148	17.89
7	23	164	35.56
7	23	171	17.30
7	23	178	20.69
7	23	187	31.15
7	23	188	50.27
7	23	198	51.48
7	23	206	47.77
7	23	213	21.94
7	23	214	15.72
7	23	220	53.18
7	23	223	24.23
7	23	224	36.28
7	23	229	53.41
7	23	230	50.06
7	23	235	23.62
7	23	237	20.63
7	23	241	21.23
7	23	262	43.63
7	23	282	24.24
7	23	283	44.34
7	23	289	20.46
7	23	291	20.04
7	23	292	16.27
7	23	296	43.96
7	23	312	20.70
7	23	329	57.82
7	23	330	18.01
7	23	331	46.41
7	23	337	20.75
7	23	341	17.59
7	23	350	43.18
7	23	370	52.72
7	23	380	18.77
7	23	383	16.68
7	23	385	32.58
7	23	388	21.56
7	23	389	53.11
7	23	391	43.39
7	23	406	26.37
7	23	415	17.11
7	23	416	20.62
7	23	423	35.13
7	23,36	17	43.20
7	23,36	49	31.03
7	23,36	55	36.41
7	23,36	89	29.44
7	23,36	93	60.46
7	23,36	95	44.25
7	23,36	147	54.11
7	23,36	171	33.73
7	23,36	213	33.34
7	23,36	214	32.03
7	23,36	220	63.27
7	23,36	224	52.25
7	23,36	237	29.99
7	23,36	262	58.24
7	23,36	292	29.79
7	23,36	385	42.89
7	23,36	388	35.07
7	23,36	391	54.93
7	23,36	406	38.24
7	24	14	51.86
7	24	55	22.17
7	24	60	43.56
7	24	71	22.27
7	24	95	35.61
7	24	108	23.63
7	24	147	34.20
7	24	148	18.92
7	24	151	23.39
7	24	161	54.68
7	24	164	35.72
7	24	178	23.94
7	24	180	21.62
7	24	206	46.61
7	24	261	17.65
7	24	262	46.68
7	24	331	52.92
7	24	333	45.62
7	24	383	20.25
7	24,27	14	80.27
7	24,27	60	71.82
7	24,27	71	48.79
7	24,27	95	52.75
7	24,27	147	67.41
7	24,27	148	42.23
7	24,27	164	66.00
7	24,27	178	47.07
7	24,27	206	73.37
7	24,27	383	39.01
7	25	1	45.00
7	25	6	55.30
7	25	7	57.69
7	25	24	23.39
7	25	28	35.11
7	25	30	53.46
7	25	32	33.76
7	25	33	26.37
7	25	39	33.72
7	25	40	13.89
7	25	48	16.14
7	25	56	30.35
7	25	68	27.07
7	25	69	45.11
7	25	77	22.35
7	25	82	42.23
7	25	96	23.63
7	25	115	57.44
7	25	127	19.86
7	25	137	34.07
7	25	149	48.28
7	25	155	47.75
7	25	162	30.11
7	25	170	40.62
7	25	209	31.39
7	25	211	33.21
7	25	233	46.46
7	25	242	47.72
7	25	259	28.87
7	25	278	44.68
7	25	288	54.18
7	25	299	50.58
7	25	302	27.13
7	25	307	48.03
7	25	314	29.54
7	25	352	24.72
7	25	361	33.75
7	25	364	19.82
7	25	384	32.66
7	25	397	44.25
7	25,26	1	59.96
7	25,26	33	39.86
7	25,26	39	51.46
7	25,26	40	30.90
7	25,26	48	35.20
7	25,26	56	40.18
7	25,26	68	44.13
7	25,26	77	31.97
7	25,26	82	57.06
7	25,26	96	33.15
7	25,26	127	37.77
7	25,26	137	53.08
7	25,26	149	64.99
7	25,26	162	38.52
7	25,26	170	66.59
7	25,26	233	56.77
7	25,26	259	46.72
7	25,26	278	55.38
7	25,26	302	38.46
7	25,26	307	59.92
7	25,26	314	45.76
7	25,26	352	43.28
7	25,26	361	51.62
7	25,26	384	50.62
7	25,45	1	66.15
7	25,45	33	45.75
7	25,45	96	38.32
7	25,45	302	51.25
7	25,45	352	49.63
7	26	1	45.04
7	26	6	56.44
7	26	7	57.56
7	26	28	35.23
7	26	30	52.48
7	26	33	22.61
7	26	39	35.13
7	26	40	14.66
7	26	48	18.04
7	26	56	30.04
7	26	63	19.25
7	26	68	28.35
7	26	69	44.24
7	26	77	20.96
7	26	79	50.93
7	26	82	42.90
7	26	96	22.87
7	26	113	27.86
7	26	115	57.25
7	26	127	20.72
7	26	137	35.85
7	26	149	49.34
7	26	155	48.14
7	26	162	29.38
7	26	170	44.11
7	26	233	45.27
7	26	242	50.00
7	26	259	30.59
7	26	278	44.86
7	26	288	53.80
7	26	293	28.58
7	26	302	28.14
7	26	307	49.18
7	26	314	30.92
7	26	352	27.49
7	26	361	35.21
7	26	372	56.77
7	26	379	41.30
7	26	384	33.38
7	26	397	44.34
7	27	14	54.41
7	27	17	40.20
7	27	60	52.30
7	27	62	54.77
7	27	71	26.69
7	27	73	20.69
7	27	91	26.38
7	27	93	53.03
7	27	95	35.06
7	27	97	58.38
7	27	105	23.66
7	27	147	44.07
7	27	148	23.23
7	27	164	40.18
7	27	178	25.62
7	27	182	27.62
7	27	188	54.21
7	27	206	51.89
7	27	214	21.38
7	27	220	58.03
7	27	224	41.85
7	27	241	25.76
7	27	292	20.87
7	27	296	48.27
7	27	330	22.11
7	27	331	54.03
7	27	383	20.93
7	28	15	38.79
7	28	19	15.58
7	28	31	15.45
7	28	36	15.58
7	28	70	50.01
7	28	83	15.73
7	28	88	15.69
7	28	117	13.54
7	28	120	55.77
7	28	143	30.54
7	28	158	27.32
7	28	176	17.55
7	28	201	21.52
7	28	204	14.82
7	28	231	43.76
7	28	239	37.49
7	28	244	18.30
7	28	284	36.48
7	28	298	20.23
7	28	301	18.44
7	28	327	20.97
7	28	381	23.42
7	28	396	18.83
7	28	409	38.90
7	29	13	40.41
7	29	18	26.96
7	29	45	34.96
7	29	46	56.25
7	29	78	26.92
7	29	87	35.76
7	29	98	29.11
7	29	141	60.93
7	29	174	47.11
7	29	184	51.61
7	29	191	33.49
7	29	199	40.86
7	29	209	33.72
7	29	210	43.62
7	29	227	61.79
7	29	249	67.69
7	29	250	57.77
7	29	323	33.45
7	29	347	65.39
7	29	398	56.07
7	30	5	28.49
7	30	16	16.49
7	30	19	17.82
7	30	31	13.97
7	30	34	14.58
7	30	35	30.51
7	30	36	14.41
7	30	41	36.68
7	30	50	33.93
7	30	66	12.45
7	30	80	42.41
7	30	88	14.62
7	30	106	42.01
7	30	117	15.20
7	30	122	52.17
7	30	139	17.94
7	30	167	12.87
7	30	172	14.45
7	30	177	38.30
7	30	201	15.04
7	30	202	17.76
7	30	204	18.54
7	30	231	37.77
7	30	244	13.77
7	30	254	27.69
7	30	257	21.72
7	30	273	48.85
7	30	284	28.27
7	30	297	29.24
7	30	298	12.25
7	30	301	13.59
7	30	327	13.32
7	30	328	12.31
7	30	374	26.61
7	30	381	28.49
7	30	396	12.72
7	30	409	43.24
7	30	414	16.13
7	30	419	23.65
7	30,38	5	38.03
7	30,38	19	27.24
7	30,38	31	23.28
7	30,38	34	24.83
7	30,38	35	41.21
7	30,38	36	24.03
7	30,38	41	45.89
7	30,38	66	22.55
7	30,38	88	24.24
7	30,38	117	24.31
7	30,38	139	27.59
7	30,38	167	22.85
7	30,38	172	24.39
7	30,38	177	49.25
7	30,38	201	25.69
7	30,38	202	26.86
7	30,38	204	27.21
7	30,38	244	23.76
7	30,38	254	37.39
7	30,38	257	31.89
7	30,38	284	38.23
7	30,38	297	39.04
7	30,38	298	22.38
7	30,38	301	21.86
7	30,38	327	22.24
7	30,38	328	22.27
7	30,38	374	38.11
7	30,38	381	38.28
7	30,38	396	21.92
7	30,38	409	52.25
7	30,38	414	26.58
7	30,38	419	33.73
7	31	5	27.46
7	31	19	16.83
7	31	31	13.69
7	31	34	14.61
7	31	35	30.42
7	31	36	14.11
7	31	41	35.13
7	31	50	33.17
7	31	66	13.25
7	31	80	41.69
7	31	88	14.28
7	31	106	40.70
7	31	117	14.72
7	31	120	49.20
7	31	122	50.63
7	31	139	17.34
7	31	158	27.99
7	31	167	13.28
7	31	172	14.51
7	31	177	39.70
7	31	201	14.28
7	31	202	16.75
7	31	204	17.18
7	31	231	37.42
7	31	239	38.62
7	31	244	13.49
7	31	254	28.28
7	31	257	22.18
7	31	273	47.89
7	31	284	28.94
7	31	297	30.30
7	31	298	12.27
7	31	301	12.55
7	31	327	12.08
7	31	328	12.85
7	31	374	26.96
7	31	381	27.17
7	31	396	12.34
7	31	409	41.75
7	31	414	16.61
7	31	419	21.30
7	31,41	5	37.80
7	31,41	19	30.31
7	31,41	31	26.61
7	31,41	34	28.06
7	31,41	35	41.62
7	31,41	36	27.37
7	31,41	41	46.21
7	31,41	66	26.00
7	31,41	88	27.49
7	31,41	117	27.21
7	31,41	139	31.70
7	31,41	158	38.62
7	31,41	167	26.10
7	31,41	172	27.49
7	31,41	177	49.80
7	31,41	201	30.32
7	31,41	202	30.75
7	31,41	204	30.41
7	31,41	244	27.68
7	31,41	254	38.65
7	31,41	257	37.97
7	31,41	284	38.94
7	31,41	297	40.14
7	31,41	298	26.72
7	31,41	301	26.37
7	31,41	327	27.77
7	31,41	328	25.58
7	31,41	374	37.49
7	31,41	381	37.99
7	31,41	396	26.15
7	31,41	409	52.61
7	31,41	414	29.92
7	31,41	419	36.01
7	32	20	52.14
7	32	21	32.72
7	32	25	17.39
7	32	26	14.45
7	32	27	25.42
7	32	61	31.52
7	32	65	48.17
7	32	112	52.03
7	32	152	48.32
7	32	163	50.86
7	32	173	30.24
7	32	196	27.08
7	32	208	32.72
7	32	221	25.52
7	32	248	29.45
7	32	256	49.51
7	32	258	19.17
7	32	263	16.63
7	32	267	15.94
7	32	280	18.20
7	32	310	16.30
7	32	355	32.06
7	32	369	16.10
7	32	424	21.93
7	33	94	46.14
7	33	101	30.94
7	33	124	48.42
7	33	126	50.80
7	33	168	49.68
7	33	205	67.07
7	33	207	39.54
7	33	218	31.62
7	33	332	53.46
7	33	346	60.82
7	33	362	23.94
7	33	386	42.66
7	33	405	61.75
7	33,39	94	78.10
7	33,39	101	57.89
7	33,39	124	81.83
7	33,39	207	68.58
7	33,39	218	66.52
7	33,39	332	79.96
7	33,39	362	58.13
7	33,39	386	67.54
7	33,39	405	93.11
7	34	2	38.18
7	34	51	58.01
7	34	76	47.14
7	34	84	53.15
7	34	94	44.75
7	34	101	28.52
7	34	124	45.75
7	34	126	56.48
7	34	132	49.85
7	34	168	55.56
7	34	189	42.20
7	34	205	67.07
7	34	207	41.86
7	34	246	58.39
7	34	265	53.77
7	34	332	53.07
7	34	362	28.23
7	34	386	50.86
7	34	405	60.82
7	34,35	2	44.55
7	34,35	76	53.73
7	34,35	84	59.90
7	34,35	94	51.61
7	34,35	101	34.89
7	34,35	124	53.08
7	34,35	132	56.04
7	34,35	189	48.94
7	34,35	265	66.83
7	34,35	332	67.11
7	34,35	362	36.03
7	34,35	386	57.24
7	35	2	33.11
7	35	42	56.20
7	35	51	54.75
7	35	76	42.45
7	35	84	48.30
7	35	94	39.96
7	35	101	23.77
7	35	124	40.75
7	35	126	53.23
7	35	132	47.04
7	35	168	50.38
7	35	189	38.06
7	35	205	62.41
7	35	246	52.51
7	35	265	42.08
7	35	332	46.35
7	35	362	24.38
7	35	386	48.08
7	35,37	2	46.61
7	35,37	76	52.41
7	35,37	84	58.51
7	35,37	94	50.23
7	35,37	101	36.97
7	35,37	124	51.63
7	35,37	132	59.18
7	35,37	189	47.86
7	35,37	265	60.56
7	35,37	332	58.65
7	35,37	386	60.28
7	36	12	30.90
7	36	17	30.48
7	36	49	16.08
7	36	55	20.25
7	36	62	52.49
7	36	64	14.52
7	36	89	15.48
7	36	93	45.96
7	36	95	30.85
7	36	97	52.27
7	36	109	34.66
7	36	121	45.82
7	36	138	18.75
7	36	144	40.42
7	36	147	37.85
7	36	150	19.96
7	36	159	35.15
7	36	160	38.39
7	36	171	18.01
7	36	188	52.72
7	36	213	16.54
7	36	214	16.75
7	36	220	47.34
7	36	224	38.07
7	36	225	57.14
7	36	230	48.52
7	36	237	15.17
7	36	252	44.14
7	36	262	44.00
7	36	281	18.55
7	36	292	15.48
7	36	329	53.62
7	36	331	46.00
7	36	350	36.56
7	36	356	57.55
7	36	375	32.15
7	36	385	27.59
7	36	388	17.94
7	36	391	39.49
7	36	395	45.94
7	36	399	15.93
7	36	406	22.92
7	36	408	23.90
7	36	411	23.94
7	36	418	57.97
7	37	2	32.14
7	37	9	31.49
7	37	42	54.18
7	37	51	52.83
7	37	58	27.72
7	37	74	17.97
7	37	76	37.62
7	37	84	43.31
7	37	94	35.04
7	37	101	22.51
7	37	119	45.69
7	37	124	35.62
7	37	128	38.49
7	37	132	45.38
7	37	156	43.31
7	37	165	19.25
7	37	189	33.79
7	37	203	22.86
7	37	205	57.61
7	37	226	21.69
7	37	228	44.44
7	37	232	46.59
7	37	246	46.49
7	37	265	43.79
7	37	290	21.63
7	37	308	27.66
7	37	332	45.62
7	37	334	41.25
7	37	348	19.27
7	37	349	28.34
7	37	359	38.27
7	37	365	40.25
7	37	376	41.65
7	37	386	46.39
7	37	420	16.23
7	38	5	30.58
7	38	19	19.97
7	38	31	16.37
7	38	34	17.54
7	38	35	33.73
7	38	36	16.82
7	38	41	38.85
7	38	50	36.07
7	38	66	15.80
7	38	80	44.54
7	38	88	16.97
7	38	106	44.04
7	38	117	17.48
7	38	120	52.58
7	38	122	53.83
7	38	139	20.11
7	38	158	30.77
7	38	167	15.94
7	38	172	17.68
7	38	177	39.59
7	38	201	18.27
7	38	202	19.83
7	38	204	20.30
7	38	231	39.80
7	38	239	41.07
7	38	244	16.44
7	38	254	28.79
7	38	257	24.99
7	38	273	50.80
7	38	284	31.85
7	38	297	32.54
7	38	298	15.11
7	38	301	14.97
7	38	327	14.80
7	38	328	15.15
7	38	374	30.28
7	38	381	30.48
7	38	396	14.92
7	38	409	45.07
7	38	414	19.76
7	38	419	25.86
7	39	51	58.49
7	39	94	48.90
7	39	101	34.00
7	39	124	51.66
7	39	126	57.27
7	39	168	57.56
7	39	205	69.87
7	39	207	43.92
7	39	218	38.59
7	39	246	66.30
7	39	332	57.82
7	39	362	28.35
7	39	386	45.73
7	39	405	64.42
7	39,40	94	62.68
7	39,40	101	47.07
7	39,40	124	65.99
7	39,40	332	69.65
7	39,40	362	44.70
7	40	84	51.65
7	40	94	43.10
7	40	101	27.59
7	40	124	43.62
7	40	126	52.35
7	40	168	39.94
7	40	200	35.48
7	40	205	63.76
7	40	305	56.21
7	40	319	48.04
7	40	332	52.41
7	40	346	60.44
7	40	362	27.44
7	41	5	29.30
7	41	16	17.42
7	41	19	18.69
7	41	31	15.46
7	41	34	16.38
7	41	35	32.52
7	41	36	15.87
7	41	41	37.55
7	41	50	35.89
7	41	66	14.75
7	41	80	43.28
7	41	88	16.00
7	41	106	43.79
7	41	117	16.30
7	41	122	52.56
7	41	139	19.90
7	41	158	29.51
7	41	167	14.89
7	41	172	16.27
7	41	177	41.75
7	41	201	17.45
7	41	202	19.38
7	41	204	19.18
7	41	231	36.48
7	41	244	15.72
7	41	254	28.52
7	41	257	23.58
7	41	273	49.55
7	41	284	30.62
7	41	297	31.72
7	41	298	14.63
7	41	301	15.21
7	41	327	15.56
7	41	328	14.30
7	41	374	28.66
7	41	381	29.20
7	41	396	14.66
7	41	409	43.77
7	41	414	18.30
7	41	419	20.87
7	42	7	63.00
7	42	37	35.18
7	42	63	19.75
7	42	96	23.17
7	42	155	58.42
7	42	279	42.25
7	42	293	43.82
7	42	302	38.49
7	42	379	49.06
7	42,43	37	48.83
7	42,43	63	33.51
7	42,43	279	57.83
7	42,43	293	56.99
7	43	37	31.54
7	43	59	50.10
7	43	63	21.01
7	43	79	60.32
7	43	81	49.03
7	43	166	19.93
7	43	279	37.85
7	43	293	47.54
7	43	344	26.39
7	43	363	55.46
7	43	372	56.48
7	43	378	70.44
7	44	6	51.06
7	44	23	42.23
7	44	24	20.69
7	44	32	40.01
7	44	48	22.27
7	44	54	43.44
7	44	78	18.73
7	44	82	40.06
7	44	85	30.79
7	44	118	18.07
7	44	162	33.35
7	44	170	56.25
7	44	209	34.31
7	44	211	39.25
7	44	227	59.99
7	44	233	47.61
7	44	264	38.45
7	44	266	31.61
7	44	271	22.14
7	44	278	49.24
7	44	286	25.34
7	44	307	52.39
7	44	313	37.65
7	44	314	24.92
7	44	364	21.66
7	44	393	27.07
7	45	1	50.01
7	45	7	60.24
7	45	28	41.13
7	45	33	32.11
7	45	44	48.10
7	45	59	45.06
7	45	63	21.56
7	45	67	34.76
7	45	96	26.68
7	45	133	37.75
7	45	146	72.54
7	45	155	53.72
7	45	185	35.42
7	45	219	38.97
7	45	279	35.28
7	45	293	37.82
7	45	302	35.27
7	45	352	37.72
7	45	379	46.48
7	45	397	47.59
7	46	12	25.32
7	46	17	32.92
7	46	29	39.87
7	46	49	19.03
7	46	55	17.65
7	46	60	43.85
7	46	62	53.00
7	46	64	16.66
7	46	89	13.21
7	46	93	45.80
7	46	95	31.63
7	46	97	49.83
7	46	100	23.14
7	46	121	48.79
7	46	136	18.56
7	46	144	48.58
7	46	147	36.85
7	46	150	22.45
7	46	159	36.48
7	46	171	17.03
7	46	187	27.76
7	46	188	52.90
7	46	213	20.73
7	46	214	17.93
7	46	220	50.59
7	46	224	37.10
7	46	230	50.56
7	46	237	16.59
7	46	252	45.93
7	46	262	42.14
7	46	282	21.14
7	46	291	21.86
7	46	292	17.35
7	46	296	44.07
7	46	312	20.77
7	46	329	51.72
7	46	331	44.83
7	46	339	25.51
7	46	350	38.89
7	46	366	17.99
7	46	370	51.87
7	46	375	31.20
7	46	385	25.99
7	46	388	16.15
7	46	391	36.23
7	46	395	45.86
7	46	399	17.76
7	46	406	26.17
7	46	408	26.86
7	46	411	27.04
7	46	416	16.70
7	46	418	59.07
