Task=8 Orders=26 Vehicles=290 Scores=1115
8	1	73	42.87
8	1	90	51.00
8	1	113	36.32
8	1	123	27.15
8	1	126	39.20
8	1	132	35.76
8	1	174	43.38
8	1	226	25.99
8	1,6	73	52.14
8	1,6	90	60.62
8	1,6	113	44.66
8	1,6	123	36.93
8	1,6	126	48.75
8	1,6	132	46.13
8	1,6	226	34.99
8	1,21	113	53.06
8	1,21	123	45.63
8	1,21	126	62.37
8	1,21	226	46.04
8	2	36	50.35
8	2	38	50.48
8	2	60	35.72
8	2	70	44.25
8	2	76	42.82
8	2	98	40.69
8	2	109	50.23
8	2	139	58.31
8	2	145	43.34
8	2	148	42.31
8	2	175	46.62
8	2	192	35.68
8	2	200	21.75
8	2	220	41.25
8	2	231	37.28
8	2	247	50.42
8	2	253	40.08
8	2	264	57.83
8	2	267	34.10
8	2	268	34.80
8	2	287	41.83
8	2	289	19.07
8	2,4	36	70.86
8	2,4	60	51.49
8	2,4	139	79.42
8	2,4	148	59.97
8	2,4	192	54.21
8	3	1	24.42
8	3	12	18.06
8	3	16	14.93
8	3	19	14.11
8	3	20	31.85
8	3	22	15.45
8	3	27	43.23
8	3	31	29.90
8	3	39	22.93
8	3	51	40.20
8	3	53	18.24
8	3	57	14.94
8	3	72	37.56
8	3	79	43.03
8	3	81	47.56
8	3	83	51.08
8	3	94	14.37
8	3	108	28.72
8	3	114	13.72
8	3	119	13.00
8	3	128	25.08
8	3	137	15.90
8	3	140	15.18
8	3	155	36.99
8	3	164	14.92
8	3	171	29.86
8	3	173	19.86
8	3	212	27.41
8	3	213	39.75
8	3	216	12.35
8	3	232	12.68
8	3	233	13.96
8	3	255	25.80
8	3	260	36.20
8	3	270	14.86
8	3	276	51.18
8	3	280	41.42
8	3	282	15.34
8	3	285	26.24
8	3,11	1	36.03
8	3,11	12	26.72
8	3,11	16	23.21
8	3,11	19	22.80
8	3,11	20	44.63
8	3,11	22	24.06
8	3,11	31	41.87
8	3,11	39	34.76
8	3,11	53	26.76
8	3,11	57	23.58
8	3,11	94	23.10
8	3,11	114	22.01
8	3,11	119	21.17
8	3,11	128	33.86
8	3,11	137	25.00
8	3,11	140	23.49
8	3,11	164	23.70
8	3,11	171	38.49
8	3,11	173	31.55
8	3,11	212	38.70
8	3,11	213	48.66
8	3,11	216	20.62
8	3,11	232	21.62
8	3,11	233	22.41
8	3,11	255	34.39
8	3,11	260	48.49
8	3,11	270	23.31
8	3,11	280	53.63
8	3,11	282	23.79
8	3,11	285	34.87
8	3,20	1	36.73
8	3,20	12	30.97
8	3,20	16	27.30
8	3,20	19	27.11
8	3,20	20	45.46
8	3,20	22	28.15
8	3,20	31	42.61
8	3,20	39	35.44
8	3,20	53	31.41
8	3,20	57	27.61
8	3,20	94	27.31
8	3,20	114	26.24
8	3,20	119	25.65
8	3,20	128	38.23
8	3,20	137	31.07
8	3,20	140	27.68
8	3,20	164	28.44
8	3,20	171	43.30
8	3,20	173	32.21
8	3,20	212	39.37
8	3,20	213	53.59
8	3,20	216	24.72
8	3,20	232	26.59
8	3,20	233	26.35
8	3,20	255	38.75
8	3,20	260	49.27
8	3,20	270	27.79
8	3,20	280	54.39
8	3,20	282	28.27
8	3,20	285	39.21
8	3,22	1	40.07
8	3,22	12	34.34
8	3,22	16	30.59
8	3,22	19	30.52
8	3,22	20	43.25
8	3,22	22	31.45
8	3,22	31	46.01
8	3,22	39	38.75
8	3,22	53	35.01
8	3,22	57	30.86
8	3,22	94	30.68
8	3,22	108	44.23
8	3,22	114	29.59
8	3,22	119	29.15
8	3,22	128	41.72
8	3,22	137	28.00
8	3,22	140	31.04
8	3,22	164	32.08
8	3,22	171	41.03
8	3,22	173	35.42
8	3,22	212	42.62
8	3,22	213	51.25
8	3,22	216	28.03
8	3,22	232	30.34
8	3,22	233	29.55
8	3,22	255	42.25
8	3,22	260	47.23
8	3,22	270	31.28
8	3,22	280	52.41
8	3,22	282	31.76
8	3,22	285	42.72
8	4	36	53.41
8	4	38	53.35
8	4	60	39.51
8	4	109	53.27
8	4	139	61.44
8	4	148	40.83
8	4	192	38.34
8	4	264	60.72
8	5	6	29.86
8	5	11	58.08
8	5	25	40.07
8	5	29	45.51
8	5	32	38.90
8	5	56	28.17
8	5	97	48.24
8	5	102	43.56
8	5	105	21.24
8	5	106	18.72
8	5	124	42.72
8	5	129	41.15
8	5	136	51.92
8	5	142	44.65
8	5	143	33.61
8	5	153	31.31
8	5	156	37.39
8	5	166	33.37
8	5	167	44.86
8	5	168	34.52
8	5	179	38.38
8	5	183	30.92
8	5	195	21.25
8	5	205	21.62
8	5	214	36.89
8	5	218	42.23
8	5	219	27.52
8	5	221	50.72
8	5	230	46.04
8	5	240	54.44
8	5	243	42.15
8	5	246	43.37
8	5	261	18.75
8	5	272	42.27
8	5,15	6	39.94
8	5,15	11	72.49
8	5,15	29	59.27
8	5,15	56	42.20
8	5,15	97	61.03
8	5,15	105	37.82
8	5,15	106	29.77
8	5,15	129	50.96
8	5,15	136	63.80
8	5,15	153	47.32
8	5,15	166	47.44
8	5,15	168	54.75
8	5,15	183	43.15
8	5,15	195	40.13
8	5,15	205	36.58
8	5,15	230	57.75
8	5,15	261	34.18
8	5,15	272	53.85
8	6	17	32.10
8	6	61	42.63
8	6	73	40.85
8	6	90	48.99
8	6	113	33.86
8	6	123	24.69
8	6	126	36.03
8	6	132	32.11
8	6	158	35.75
8	6	174	40.94
8	6	226	23.10
8	6	263	22.93
8	6	275	31.46
8	7	3	40.03
8	7	4	16.83
8	7	7	39.99
8	7	13	15.87
8	7	21	46.06
8	7	30	16.51
8	7	35	39.75
8	7	42	22.93
8	7	43	14.96
8	7	46	36.48
8	7	47	15.25
8	7	58	15.46
8	7	59	16.07
8	7	63	15.51
8	7	64	40.65
8	7	66	18.93
8	7	68	15.06
8	7	71	15.96
8	7	75	41.15
8	7	77	18.17
8	7	82	14.46
8	7	85	14.54
8	7	89	19.14
8	7	91	18.42
8	7	93	16.32
8	7	95	13.68
8	7	101	14.73
8	7	104	19.25
8	7	110	32.83
8	7	111	42.80
8	7	117	14.23
8	7	121	15.42
8	7	134	44.55
8	7	141	37.23
8	7	146	35.06
8	7	149	45.82
8	7	150	19.13
8	7	152	23.86
8	7	157	62.23
8	7	159	46.55
8	7	160	17.93
8	7	161	18.48
8	7	163	16.68
8	7	170	22.21
8	7	172	35.82
8	7	186	19.49
8	7	187	13.86
8	7	190	19.32
8	7	197	50.61
8	7	203	38.15
8	7	204	18.13
8	7	207	15.70
8	7	208	41.23
8	7	209	28.80
8	7	227	20.24
8	7	229	13.62
8	7	236	18.34
8	7	238	16.46
8	7	241	15.93
8	7	248	20.42
8	7	250	17.04
8	7	258	33.79
8	7	262	34.86
8	7	269	40.35
8	7	273	43.25
8	7	277	22.25
8	7	278	18.03
8	7	281	15.90
8	7	283	17.30
8	7	288	43.76
8	7	290	26.25
8	7,14	7	56.92
8	7,14	13	30.32
8	7,14	30	27.52
8	7,14	42	33.39
8	7,14	43	30.59
8	7,14	46	46.99
8	7,14	58	31.56
8	7,14	59	30.90
8	7,14	63	28.24
8	7,14	68	28.58
8	7,14	77	34.82
8	7,14	82	30.27
8	7,14	85	28.49
8	7,14	89	35.27
8	7,14	93	27.14
8	7,14	95	27.01
8	7,14	101	27.96
8	7,14	104	38.08
8	7,14	110	44.39
8	7,14	117	28.00
8	7,14	121	30.34
8	7,14	134	64.62
8	7,14	141	53.35
8	7,14	146	59.13
8	7,14	152	35.35
8	7,14	160	33.85
8	7,14	161	34.01
8	7,14	170	33.65
8	7,14	172	54.41
8	7,14	187	28.75
8	7,14	190	33.72
8	7,14	197	68.93
8	7,14	204	33.37
8	7,14	207	31.34
8	7,14	209	39.93
8	7,14	227	33.41
8	7,14	229	28.62
8	7,14	238	27.01
8	7,14	241	31.51
8	7,14	269	61.75
8	7,14	273	52.72
8	7,14	277	35.17
8	7,14	281	26.55
8	7,14	290	37.01
8	8	18	15.15
8	8	23	31.83
8	8	24	34.89
8	8	28	47.32
8	8	49	25.82
8	8	50	41.89
8	8	84	31.99
8	8	131	23.52
8	8	169	35.77
8	8	175	50.11
8	8	192	26.87
8	8	210	42.08
8	8	256	44.76
8	8	287	30.76
8	8,16	18	23.89
8	8,16	24	44.17
8	8,16	49	37.62
8	8,16	131	35.61
8	8,16	169	42.69
8	8,16	175	61.23
8	8,16	192	35.80
8	8,16	287	37.56
8	9	237	30.46
8	9,12	237	49.27
8	10	9	12.37
8	10	16	15.73
8	10	19	14.69
8	10	22	16.31
8	10	39	21.17
8	10	51	39.80
8	10	57	15.65
8	10	112	13.08
8	10	114	12.13
8	10	119	13.44
8	10	128	24.86
8	10	137	17.59
8	10	140	16.06
8	10	164	15.79
8	10	173	15.87
8	10	193	48.08
8	10	212	26.90
8	10	213	36.56
8	10	225	16.15
8	10	232	16.62
8	10	233	11.66
8	10	254	12.83
8	10	255	20.59
8	10	260	38.75
8	10	270	15.73
8	10	280	42.38
8	10	282	11.41
8	10	285	29.08
8	10	286	27.42
8	10,20	9	27.56
8	10,20	16	24.86
8	10,20	19	24.25
8	10,20	22	25.76
8	10,20	39	29.94
8	10,20	57	25.11
8	10,20	112	29.70
8	10,20	114	22.41
8	10,20	119	22.56
8	10,20	128	34.34
8	10,20	137	27.89
8	10,20	140	25.27
8	10,20	164	25.51
8	10,20	173	29.10
8	10,20	212	35.65
8	10,20	213	53.48
8	10,20	232	25.28
8	10,20	233	23.21
8	10,20	255	35.39
8	10,20	260	48.75
8	10,20	270	25.06
8	10,20	280	52.31
8	10,20	282	24.56
8	10,20	285	38.15
8	10,20	286	38.21
8	10,22	16	25.15
8	10,22	19	24.90
8	10,22	22	26.01
8	10,22	39	31.59
8	10,22	57	25.48
8	10,22	114	24.06
8	10,22	119	23.23
8	10,22	128	36.04
8	10,22	137	28.44
8	10,22	140	25.52
8	10,22	164	26.11
8	10,22	173	30.23
8	10,22	212	38.10
8	10,22	213	54.94
8	10,22	232	24.72
8	10,22	233	24.27
8	10,22	255	36.62
8	10,22	260	49.44
8	10,22	270	25.52
8	10,22	280	53.08
8	10,22	282	26.00
8	10,22	285	39.17
8	10,22	286	39.80
8	11	1	24.99
8	11	9	16.45
8	11	12	17.41
8	11	16	14.03
8	11	19	12.83
8	11	20	30.32
8	11	22	14.61
8	11	27	42.37
8	11	31	30.76
8	11	39	18.10
8	11	51	39.68
8	11	53	17.49
8	11	57	13.99
8	11	79	42.76
8	11	81	45.61
8	11	83	51.20
8	11	94	14.92
8	11	112	17.89
8	11	114	11.45
8	11	119	11.51
8	11	128	22.79
8	11	137	14.61
8	11	140	14.31
8	11	155	36.52
8	11	164	13.62
8	11	171	27.54
8	11	173	18.28
8	11	193	46.72
8	11	212	25.21
8	11	213	41.11
8	11	216	13.55
8	11	232	13.06
8	11	233	12.32
8	11	255	24.03
8	11	260	37.08
8	11	270	13.75
8	11	276	49.41
8	11	280	40.72
8	11	282	13.25
8	11	285	26.79
8	11	286	26.85
8	11,20	1	38.90
8	11,20	9	30.48
8	11,20	12	31.94
8	11,20	16	27.96
8	11,20	19	27.48
8	11,20	20	45.79
8	11,20	22	28.87
8	11,20	31	45.13
8	11,20	39	32.18
8	11,20	53	32.46
8	11,20	57	28.18
8	11,20	94	29.48
8	11,20	112	33.01
8	11,20	114	25.59
8	11,20	119	24.46
8	11,20	128	37.65
8	11,20	137	32.20
8	11,20	140	28.41
8	11,20	164	28.97
8	11,20	171	42.89
8	11,20	173	32.14
8	11,20	212	38.69
8	11,20	213	56.92
8	11,20	216	27.49
8	11,20	232	28.90
8	11,20	233	26.21
8	11,20	255	38.70
8	11,20	260	51.87
8	11,20	270	28.39
8	11,20	280	55.41
8	11,20	282	27.90
8	11,20	285	41.48
8	11,20	286	41.52
8	11,22	1	34.49
8	11,22	12	27.37
8	11,22	16	23.86
8	11,22	19	23.45
8	11,22	20	41.46
8	11,22	22	24.69
8	11,22	31	40.51
8	11,22	39	29.46
8	11,22	53	27.42
8	11,22	57	24.21
8	11,22	94	24.96
8	11,22	114	22.68
8	11,22	119	21.65
8	11,22	128	34.48
8	11,22	137	26.03
8	11,22	140	24.13
8	11,22	164	24.38
8	11,22	171	39.10
8	11,22	173	29.00
8	11,22	212	41.65
8	11,22	213	52.18
8	11,22	216	22.62
8	11,22	232	22.86
8	11,22	233	23.06
8	11,22	255	35.07
8	11,22	260	47.03
8	11,22	270	23.96
8	11,22	280	50.72
8	11,22	282	24.44
8	11,22	285	36.80
8	11,22	286	37.42
8	12	237	28.80
8	13	2	17.07
8	13	3	39.28
8	13	4	16.38
8	13	7	41.00
8	13	10	33.32
8	13	13	16.15
8	13	21	45.46
8	13	30	17.61
8	13	43	16.85
8	13	46	36.35
8	13	47	13.66
8	13	58	17.45
8	13	59	13.85
8	13	62	46.79
8	13	63	15.93
8	13	64	42.42
8	13	66	21.38
8	13	68	14.49
8	13	71	15.14
8	13	75	42.27
8	13	77	16.56
8	13	82	17.46
8	13	85	12.92
8	13	88	33.96
8	13	89	19.45
8	13	91	17.15
8	13	93	17.77
8	13	95	15.00
8	13	101	16.62
8	13	104	20.44
8	13	111	46.69
8	13	117	15.21
8	13	118	19.08
8	13	121	13.69
8	13	127	47.83
8	13	134	46.90
8	13	141	37.87
8	13	144	29.52
8	13	146	39.77
8	13	147	50.54
8	13	149	47.87
8	13	150	18.27
8	13	152	26.42
8	13	157	60.77
8	13	159	45.93
8	13	160	16.54
8	13	161	19.14
8	13	163	14.96
8	13	170	29.17
8	13	172	37.79
8	13	187	15.92
8	13	188	26.92
8	13	190	21.04
8	13	203	40.42
8	13	204	18.45
8	13	206	21.20
8	13	207	17.89
8	13	208	40.69
8	13	209	29.75
8	13	229	14.92
8	13	236	16.21
8	13	238	18.18
8	13	241	15.27
8	13	244	42.83
8	13	248	19.99
8	13	250	16.25
8	13	258	32.90
8	13	262	36.52
8	13	269	42.82
8	13	273	45.34
8	13	279	37.00
8	13	281	17.62
8	13	283	16.62
8	13	288	44.58
8	13	290	27.83
8	13,19	10	48.23
8	13,19	43	46.39
8	13,19	46	61.59
8	13,19	59	42.72
8	13,19	62	61.70
8	13,19	64	68.56
8	13,19	71	41.69
8	13,19	95	40.97
8	13,19	101	42.32
8	13,19	121	42.70
8	13,19	141	61.42
8	13,19	144	43.07
8	13,19	147	66.56
8	13,19	152	51.80
8	13,19	163	42.27
8	13,19	208	54.38
8	13,19	262	50.20
8	13,19	273	71.55
8	14	3	44.24
8	14	7	42.01
8	14	13	18.65
8	14	30	15.45
8	14	42	23.42
8	14	43	19.79
8	14	46	38.51
8	14	58	18.39
8	14	59	20.66
8	14	63	17.37
8	14	68	17.93
8	14	74	21.39
8	14	75	34.99
8	14	77	23.04
8	14	78	44.77
8	14	82	19.06
8	14	85	18.62
8	14	89	22.24
8	14	93	15.11
8	14	95	15.37
8	14	101	16.54
8	14	104	23.34
8	14	110	32.65
8	14	111	41.77
8	14	117	16.06
8	14	121	19.65
8	14	122	48.51
8	14	133	32.94
8	14	134	45.79
8	14	138	18.01
8	14	141	37.59
8	14	146	38.89
8	14	149	47.52
8	14	152	23.69
8	14	157	66.87
8	14	160	22.04
8	14	161	20.45
8	14	170	24.90
8	14	172	38.63
8	14	187	18.41
8	14	190	22.89
8	14	197	51.18
8	14	204	21.10
8	14	207	21.79
8	14	209	28.38
8	14	227	18.62
8	14	229	18.90
8	14	238	14.66
8	14	241	19.59
8	14	269	41.80
8	14	273	44.92
8	14	277	22.68
8	14	281	14.20
8	14	288	44.90
8	14	290	24.75
8	14,26	7	56.34
8	14,26	30	36.15
8	14,26	43	44.59
8	14,26	46	51.20
8	14,26	59	42.54
8	14,26	63	32.63
8	14,26	93	36.37
8	14,26	95	35.76
8	14,26	121	41.75
8	14,26	122	66.41
8	14,26	133	49.00
8	14,26	138	38.54
8	14,26	141	53.32
8	14,26	146	55.39
8	14,26	152	36.37
8	14,26	161	39.90
8	14,26	170	44.00
8	14,26	172	52.23
8	14,26	197	70.03
8	14,26	209	46.90
8	14,26	273	57.44
8	14,26	290	37.86
8	15	6	29.65
8	15	8	39.79
8	15	11	59.79
8	15	14	34.85
8	15	29	48.08
8	15	33	43.86
8	15	56	31.54
8	15	97	47.54
8	15	103	21.44
8	15	105	23.34
8	15	106	18.27
8	15	129	41.56
8	15	136	51.89
8	15	142	51.24
8	15	151	18.62
8	15	153	36.15
8	15	154	42.27
8	15	166	37.28
8	15	168	38.85
8	15	180	22.69
8	15	183	31.85
8	15	194	36.51
8	15	195	25.13
8	15	205	19.68
8	15	222	35.28
8	15	230	46.48
8	15	245	21.51
8	15	257	28.15
8	15	261	20.17
8	15	265	22.55
8	15	272	41.80
8	15	274	32.06
8	16	18	11.06
8	16	24	31.28
8	16	28	43.03
8	16	34	27.21
8	16	40	19.87
8	16	49	22.45
8	16	50	32.61
8	16	84	30.14
8	16	99	68.25
8	16	125	38.46
8	16	131	21.73
8	16	169	30.23
8	16	175	46.30
8	16	192	25.34
8	16	196	40.59
8	16	199	20.63
8	16	211	29.08
8	16	256	41.92
8	16	287	29.82
8	17	41	26.06
8	17	54	51.13
8	17	65	33.04
8	17	69	45.92
8	17	87	38.32
8	17	107	45.37
8	17	120	39.41
8	17	184	69.39
8	17	185	74.23
8	17	217	53.54
8	17	228	45.25
8	17	234	25.62
8	17	239	61.90
8	17,18	41	43.72
8	17,18	54	67.94
8	17,18	65	50.55
8	17,18	87	57.18
8	17,18	120	54.86
8	17,18	217	66.52
8	17,18	228	56.76
8	17,18	234	42.31
8	18	41	23.20
8	18	54	50.06
8	18	65	29.01
8	18	69	43.44
8	18	87	35.77
8	18	120	37.52
8	18	184	67.45
8	18	217	50.77
8	18	228	42.99
8	18	234	22.77
8	18	239	59.06
8	18,23	41	43.87
8	18,23	65	50.30
8	18,23	120	55.39
8	18,23	234	42.51
8	18,24	41	29.93
8	18,24	54	64.01
8	18,24	65	35.83
8	18,24	87	43.63
8	18,24	120	43.82
8	18,24	234	29.37
8	18,25	41	37.42
8	18,25	54	66.99
8	18,25	65	40.65
8	18,25	120	52.18
8	18,25	234	35.52
8	19	5	43.45
8	19	10	38.62
8	19	35	50.44
8	19	37	48.17
8	19	43	27.31
8	19	44	49.17
8	19	46	47.15
8	19	59	24.89
8	19	62	53.03
8	19	64	50.15
8	19	71	21.61
8	19	95	25.52
8	19	101	25.08
8	19	111	57.41
8	19	121	26.27
8	19	127	54.70
8	19	141	47.03
8	19	144	33.97
8	19	147	57.13
8	19	152	35.61
8	19	163	25.96
8	19	177	39.18
8	19	208	45.85
8	19	235	42.61
8	19	262	38.11
8	19	273	54.65
8	20	1	25.90
8	20	9	17.14
8	20	12	18.34
8	20	16	14.70
8	20	19	13.55
8	20	20	31.15
8	20	22	15.28
8	20	27	43.48
8	20	31	31.48
8	20	39	20.66
8	20	51	40.52
8	20	53	18.51
8	20	57	14.65
8	20	79	43.61
8	20	81	46.41
8	20	83	52.13
8	20	94	15.62
8	20	112	18.89
8	20	114	12.17
8	20	119	12.28
8	20	128	23.55
8	20	137	15.70
8	20	140	15.01
8	20	155	37.30
8	20	164	14.45
8	20	171	28.41
8	20	173	18.92
8	20	193	47.58
8	20	212	25.86
8	20	213	42.21
8	20	216	14.24
8	20	232	13.93
8	20	233	12.97
8	20	255	24.80
8	20	260	38.06
8	20	270	14.51
8	20	276	50.56
8	20	280	41.69
8	20	282	14.01
8	20	285	27.54
8	20	286	27.62
8	20,22	1	35.00
8	20,22	12	27.89
8	20,22	16	24.34
8	20,22	19	23.99
8	20,22	20	42.07
8	20,22	22	25.20
8	20,22	31	41.04
8	20,22	39	31.24
8	20,22	53	28.03
8	20,22	57	24.70
8	20,22	94	25.48
8	20,22	114	22.89
8	20,22	119	22.21
8	20,22	128	34.87
8	20,22	137	26.87
8	20,22	140	24.66
8	20,22	164	24.99
8	20,22	171	39.73
8	20,22	173	30.06
8	20,22	212	36.28
8	20,22	213	52.85
8	20,22	216	23.13
8	20,22	232	23.51
8	20,22	233	23.52
8	20,22	255	35.62
8	20,22	260	47.59
8	20,22	270	24.52
8	20,22	280	51.27
8	20,22	282	24.99
8	20,22	285	37.35
8	20,22	286	37.97
8	21	15	56.82
8	21	113	43.03
8	21	123	31.21
8	21	126	50.55
8	21	135	28.92
8	21	226	33.46
8	21	252	36.17
8	22	1	27.51
8	22	12	19.97
8	22	16	16.77
8	22	19	16.04
8	22	20	33.94
8	22	22	17.32
8	22	27	45.44
8	22	31	33.28
8	22	39	22.86
8	22	51	41.97
8	22	53	20.30
8	22	57	16.77
8	22	79	45.06
8	22	81	49.63
8	22	83	53.79
8	22	94	17.48
8	22	108	30.46
8	22	114	15.63
8	22	119	14.83
8	22	128	27.03
8	22	137	18.79
8	22	140	17.08
8	22	155	38.65
8	22	164	17.01
8	22	171	31.94
8	22	173	21.68
8	22	212	29.15
8	22	213	44.77
8	22	216	15.59
8	22	232	15.41
8	22	233	15.76
8	22	255	27.82
8	22	260	39.70
8	22	270	16.87
8	22	276	53.48
8	22	280	43.44
8	22	282	17.35
8	22	285	29.52
8	22	286	30.17
8	23	26	22.28
8	23	41	24.13
8	23	65	33.87
8	23	67	25.82
8	23	69	41.34
8	23	92	61.66
8	23	100	59.99
8	23	115	46.30
8	23	116	28.28
8	23	120	39.92
8	23	130	44.85
8	23	165	26.49
8	23	176	50.00
8	23	185	76.28
8	23	198	63.61
8	23	201	24.39
8	23	234	26.61
8	23	239	64.52
8	23	251	26.32
8	23	266	44.75
8	24	26	14.70
8	24	41	14.10
8	24	48	47.35
8	24	54	42.00
8	24	55	40.17
8	24	65	15.01
8	24	69	33.89
8	24	86	39.17
8	24	87	27.00
8	24	107	35.46
8	24	115	36.46
8	24	116	17.73
8	24	120	31.27
8	24	162	11.76
8	24	165	15.32
8	24	178	23.61
8	24	184	64.14
8	24	185	64.21
8	24	189	15.68
8	24	202	11.86
8	24	215	43.24
8	24	223	10.42
8	24	224	33.35
8	24	234	11.44
8	24	239	50.39
8	24	242	24.07
8	24	249	31.24
8	24	259	17.49
8	24	271	38.96
8	24	284	39.89
8	24,25	26	26.63
8	24,25	41	26.38
8	24,25	54	60.45
8	24,25	65	29.06
8	24,25	107	55.92
8	24,25	116	29.01
8	24,25	120	43.24
8	24,25	162	23.17
8	24,25	165	28.23
8	24,25	189	27.72
8	24,25	202	26.11
8	24,25	215	57.62
8	24,25	223	25.82
8	24,25	224	53.03
8	24,25	234	25.38
8	24,25	242	36.28
8	24,25	249	43.48
8	24,25	259	31.59
8	24,25	284	53.56
8	25	26	16.66
8	25	41	16.13
8	25	45	15.80
8	25	54	44.76
8	25	65	20.17
8	25	69	35.83
8	25	86	42.90
8	25	96	37.63
8	25	107	38.65
8	25	115	38.11
8	25	116	19.04
8	25	120	34.20
8	25	162	14.45
8	25	165	18.75
8	25	182	16.99
8	25	184	66.87
8	25	185	66.96
8	25	189	17.97
8	25	202	14.04
8	25	215	44.86
8	25	223	13.77
8	25	224	36.37
8	25	234	15.48
8	25	239	53.15
8	25	242	25.93
8	25	249	33.10
8	25	259	21.27
8	25	271	41.76
8	25	284	43.10
8	26	2	18.30
8	26	4	16.87
8	26	7	38.20
8	26	30	16.90
8	26	43	22.32
8	26	46	42.54
8	26	52	49.27
8	26	59	21.00
8	26	63	14.82
8	26	71	20.48
8	26	75	41.56
8	26	78	41.10
8	26	80	17.69
8	26	93	17.30
8	26	95	16.63
8	26	111	45.99
8	26	121	20.08
8	26	122	47.24
8	26	133	31.96
8	26	138	19.03
8	26	141	36.13
8	26	146	36.21
8	26	152	28.99
8	26	161	16.86
8	26	163	18.11
8	26	170	27.11
8	26	172	42.48
8	26	181	19.83
8	26	191	23.27
8	26	197	50.41
8	26	209	28.99
8	26	250	17.34
8	26	273	49.27
8	26	290	27.76
